5.000000e-01 5.250000000000e+00 5.250000e+00 0.000000e+00 -1.137979e-15 0.000000e+00
4.999953e-01 5.249999999943e+00 5.249951e+00 4.885851e-05 -2.192690e-15 -2.385245e-17
4.999814e-01 5.249999999773e+00 5.249805e+00 1.954343e-04 -1.720846e-15 -2.428613e-17
4.999581e-01 5.249999999489e+00 5.249560e+00 4.397279e-04 -2.692291e-15 -4.076600e-17
4.999255e-01 5.249999999092e+00 5.249218e+00 7.817407e-04 -1.582068e-15 -1.179612e-16
4.998837e-01 5.249999998582e+00 5.248779e+00 1.221474e-03 -2.470246e-15 -1.561251e-16
4.998325e-01 5.249999997959e+00 5.248241e+00 1.758930e-03 -2.026157e-15 -1.856154e-16
4.997720e-01 5.249999997224e+00 5.247606e+00 2.394111e-03 -2.747802e-15 -2.220446e-16
4.997022e-01 5.249999996378e+00 5.246873e+00 3.127020e-03 -9.714451e-16 -2.671474e-16
4.996231e-01 5.249999995422e+00 5.246042e+00 3.957661e-03 -3.108624e-15 -3.747003e-16
4.995347e-01 5.249999994356e+00 5.245114e+00 4.886037e-03 -2.914335e-15 -3.226586e-16
4.994369e-01 5.249999993180e+00 5.244088e+00 5.912151e-03 -2.137179e-15 -3.573530e-16
4.993299e-01 5.249999991897e+00 5.242964e+00 7.036010e-03 -2.359224e-15 -3.538836e-16
4.992136e-01 5.249999990507e+00 5.241742e+00 8.257617e-03 -2.914335e-15 -2.914335e-16
4.990879e-01 5.249999989011e+00 5.240423e+00 9.576978e-03 -1.582068e-15 -2.983724e-16
4.989529e-01 5.249999987411e+00 5.239006e+00 1.099410e-02 -1.665335e-15 -6.175616e-16
4.988087e-01 5.249999985707e+00 5.237491e+00 1.250898e-02 -3.663736e-15 -1.457168e-16
4.986551e-01 5.249999983902e+00 5.235878e+00 1.412164e-02 -2.026157e-15 -4.510281e-16
4.984922e-01 5.249999981997e+00 5.234168e+00 1.583208e-02 -2.414735e-15 -4.787837e-16
4.983200e-01 5.249999979994e+00 5.232360e+00 1.764030e-02 -2.858824e-15 -4.510281e-16
4.981384e-01 5.249999977893e+00 5.230454e+00 1.954631e-02 -1.387779e-15 -5.204170e-16
4.979476e-01 5.249999975698e+00 5.228450e+00 2.155012e-02 -1.360023e-15 -3.677614e-16
4.977475e-01 5.249999973410e+00 5.226348e+00 2.365173e-02 -3.136380e-15 -6.661338e-16
4.975380e-01 5.249999971031e+00 5.224149e+00 2.585117e-02 -2.303713e-15 -9.714451e-17
4.973192e-01 5.249999968564e+00 5.221852e+00 2.814842e-02 -9.159340e-16 -4.510281e-16
4.970911e-01 5.249999966009e+00 5.219456e+00 3.054350e-02 -1.720846e-15 -3.538836e-16
4.968537e-01 5.249999963370e+00 5.216964e+00 3.303642e-02 -8.326673e-16 -2.914335e-16
4.966069e-01 5.249999960650e+00 5.214373e+00 3.562718e-02 -2.747802e-15 -4.163336e-16
4.963509e-01 5.249999957849e+00 5.211684e+00 3.831580e-02 -1.193490e-15 -7.424616e-16
4.960855e-01 5.249999954972e+00 5.208898e+00 4.110228e-02 -9.714451e-16 -4.926615e-16
4.958108e-01 5.249999952020e+00 5.206013e+00 4.398662e-02 -1.360023e-15 -2.012279e-16
4.955268e-01 5.249999948997e+00 5.203031e+00 4.696885e-02 -4.996004e-16 -2.220446e-16
4.952334e-01 5.249999945905e+00 5.199951e+00 5.004895e-02 -6.106227e-16 -8.465451e-16
4.949308e-01 5.249999942747e+00 5.196773e+00 5.322695e-02 -1.498801e-15 -5.134781e-16
4.946188e-01 5.249999939526e+00 5.193497e+00 5.650284e-02 -1.387779e-15 -8.743006e-16
4.942975e-01 5.249999936245e+00 5.190123e+00 5.987664e-02 -2.692291e-15 -9.714451e-16
4.939668e-01 5.249999932908e+00 5.186652e+00 6.334836e-02 -2.942091e-15 -7.216450e-16
4.936269e-01 5.249999929517e+00 5.183082e+00 6.691798e-02 -1.831868e-15 -5.134781e-16
4.932776e-01 5.249999926076e+00 5.179414e+00 7.058554e-02 -2.081668e-15 -4.163336e-17
4.929189e-01 5.249999922589e+00 5.175649e+00 7.435102e-02 -1.082467e-15 -3.330669e-16
4.925510e-01 5.249999919058e+00 5.171785e+00 7.821443e-02 -1.804112e-15 -6.522560e-16
4.921737e-01 5.249999915488e+00 5.167824e+00 8.217579e-02 -1.665335e-16 -5.412337e-16
4.917871e-01 5.249999911881e+00 5.163765e+00 8.623508e-02 0.000000e+00 -5.273559e-16
4.913912e-01 5.249999908243e+00 5.159608e+00 9.039232e-02 -2.053913e-15 -3.608225e-16
4.909859e-01 5.249999904576e+00 5.155352e+00 9.464750e-02 -1.276756e-15 -1.165734e-15
4.905714e-01 5.249999900885e+00 5.150999e+00 9.900064e-02 -5.273559e-16 -9.575674e-16
4.901474e-01 5.249999897174e+00 5.146548e+00 1.034517e-01 -1.693090e-15 -1.110223e-15
4.897142e-01 5.249999893446e+00 5.141999e+00 1.080008e-01 -1.387779e-16 -6.106227e-16
4.892716e-01 5.249999889705e+00 5.137352e+00 1.126477e-01 -9.159340e-16 -1.151856e-15
4.888197e-01 5.249999885957e+00 5.132607e+00 1.173927e-01 -8.604228e-16 -6.106227e-16
4.883585e-01 5.249999882205e+00 5.127764e+00 1.222355e-01 -1.471046e-15 -1.360023e-15
4.878880e-01 5.249999878454e+00 5.122824e+00 1.271763e-01 -2.081668e-15 -4.302114e-16
4.874081e-01 5.249999874708e+00 5.117785e+00 1.322151e-01 -3.386180e-15 -2.636780e-16
4.869189e-01 5.249999870971e+00 5.112648e+00 1.373517e-01 -1.110223e-15 -1.249001e-16
4.864203e-01 5.249999867249e+00 5.107414e+00 1.425863e-01 -3.608225e-16 -8.049117e-16
4.859125e-01 5.249999863546e+00 5.102081e+00 1.479188e-01 -1.165734e-15 -9.714451e-17
4.853953e-01 5.249999859866e+00 5.096651e+00 1.533492e-01 -7.771561e-16 -8.049117e-16
4.848688e-01 5.249999856214e+00 5.091122e+00 1.588774e-01 -4.718448e-16 -1.457168e-15
4.843330e-01 5.249999852596e+00 5.085496e+00 1.645036e-01 -1.554312e-15 -8.881784e-16
4.837878e-01 5.249999849017e+00 5.079772e+00 1.702276e-01 -8.326673e-16 -4.163336e-16
4.832334e-01 5.249999845480e+00 5.073950e+00 1.760494e-01 -2.137179e-15 -1.068590e-15
4.826696e-01 5.249999841992e+00 5.068031e+00 1.819691e-01 8.326673e-16 -9.436896e-16
4.820965e-01 5.249999838557e+00 5.062013e+00 1.879865e-01 -1.026956e-15 3.608225e-16
4.815141e-01 5.249999835181e+00 5.055898e+00 1.941018e-01 -2.331468e-15 9.436896e-16
4.809224e-01 5.249999831869e+00 5.049685e+00 2.003148e-01 -2.164935e-15 9.159340e-16
4.803214e-01 5.249999828626e+00 5.043374e+00 2.066255e-01 -9.436896e-16 -4.996004e-16
4.797110e-01 5.249999825457e+00 5.036966e+00 2.130339e-01 -6.938894e-16 5.551115e-16
4.790914e-01 5.249999822369e+00 5.030460e+00 2.195399e-01 -2.803313e-15 1.110223e-16
4.784625e-01 5.249999819366e+00 5.023856e+00 2.261436e-01 -1.582068e-15 4.163336e-16
4.778243e-01 5.249999816454e+00 5.017155e+00 2.328449e-01 -1.054712e-15 1.304512e-15
4.771768e-01 5.249999813638e+00 5.010356e+00 2.396438e-01 -1.720846e-15 -4.440892e-16
4.765200e-01 5.249999810925e+00 5.003460e+00 2.465401e-01 -1.970646e-15 1.526557e-15
4.758539e-01 5.249999808320e+00 4.996466e+00 2.535340e-01 -7.494005e-16 1.054712e-15
4.751785e-01 5.249999805829e+00 4.989375e+00 2.606252e-01 -9.992007e-16 -3.608225e-16
4.744939e-01 5.249999803457e+00 4.982186e+00 2.678139e-01 -1.915135e-15 1.332268e-15
4.738000e-01 5.249999801210e+00 4.974900e+00 2.750998e-01 -1.720846e-15 1.110223e-15
4.730968e-01 5.249999799095e+00 4.967517e+00 2.824830e-01 -2.220446e-15 -1.942890e-16
4.723844e-01 5.249999797116e+00 4.960036e+00 2.899635e-01 -8.326673e-16 1.387779e-16
4.716627e-01 5.249999795281e+00 4.952459e+00 2.975411e-01 -3.608225e-16 -6.661338e-16
4.709318e-01 5.249999793594e+00 4.944784e+00 3.052158e-01 -1.471046e-15 7.771561e-16
4.701917e-01 5.249999792063e+00 4.937012e+00 3.129875e-01 -1.942890e-15 1.304512e-15
4.694423e-01 5.249999790692e+00 4.929144e+00 3.208561e-01 -9.159340e-16 0.000000e+00
4.686836e-01 5.249999789489e+00 4.921178e+00 3.288216e-01 -2.886580e-15 -8.326673e-17
4.679158e-01 5.249999788459e+00 4.913116e+00 3.368839e-01 -2.359224e-15 1.748601e-15
4.671387e-01 5.249999787608e+00 4.904957e+00 3.450430e-01 -3.635980e-15 1.887379e-15
4.663525e-01 5.249999786943e+00 4.896701e+00 3.532986e-01 -2.192690e-15 6.661338e-16
4.655570e-01 5.249999786469e+00 4.888349e+00 3.616508e-01 -3.025358e-15 2.775558e-16
4.647524e-01 5.249999786194e+00 4.879900e+00 3.700995e-01 -1.942890e-15 3.053113e-16
4.639386e-01 5.249999786122e+00 4.871355e+00 3.786445e-01 -2.470246e-15 -4.440892e-16
4.631156e-01 5.249999786261e+00 4.862714e+00 3.872857e-01 -1.859624e-15 9.714451e-16
4.622835e-01 5.249999786616e+00 4.853977e+00 3.960231e-01 -1.221245e-15 2.775558e-16
4.614422e-01 5.249999787195e+00 4.845143e+00 4.048565e-01 -1.970646e-15 -1.110223e-16
4.605918e-01 5.249999788002e+00 4.836214e+00 4.137859e-01 -2.248202e-15 1.249001e-15
4.597323e-01 5.249999789045e+00 4.827189e+00 4.228110e-01 -1.165734e-15 2.775558e-17
4.588636e-01 5.249999790330e+00 4.818068e+00 4.319319e-01 -1.887379e-15 -5.828671e-16
4.579859e-01 5.249999791863e+00 4.808852e+00 4.411483e-01 -2.609024e-15 -1.332268e-15
4.570990e-01 5.249999793649e+00 4.799540e+00 4.504601e-01 -3.580469e-15 -4.440892e-16
4.562031e-01 5.249999795697e+00 4.790133e+00 4.598672e-01 -1.582068e-15 -2.109424e-15
4.552981e-01 5.249999798011e+00 4.780630e+00 4.693694e-01 -3.691492e-15 -1.831868e-15
4.543841e-01 5.249999800598e+00 4.771033e+00 4.789667e-01 -3.441691e-15 -1.082467e-15
4.534611e-01 5.249999803465e+00 4.761341e+00 4.886588e-01 -2.831069e-15 2.775558e-17
4.525290e-01 5.249999806617e+00 4.751554e+00 4.984456e-01 -1.276756e-15 -2.775558e-16
4.515879e-01 5.249999810061e+00 4.741673e+00 5.083269e-01 -3.330669e-15 -2.775558e-16
4.506378e-01 5.249999813804e+00 4.731697e+00 5.183026e-01 -2.303713e-15 -4.440892e-16
4.496788e-01 5.249999817850e+00 4.721627e+00 5.283724e-01 -3.053113e-15 -2.498002e-16
4.487108e-01 5.249999822207e+00 4.711463e+00 5.385363e-01 -2.331468e-15 5.551115e-16
4.477339e-01 5.249999826880e+00 4.701206e+00 5.487940e-01 -1.831868e-15 9.159340e-16
4.467480e-01 5.249999831875e+00 4.690854e+00 5.591454e-01 -1.887379e-15 -1.665335e-16
4.457533e-01 5.249999837200e+00 4.680410e+00 5.695902e-01 -1.887379e-15 0.000000e+00
4.447497e-01 5.249999842859e+00 4.669872e+00 5.801283e-01 -1.249001e-15 -9.436896e-16
4.437372e-01 5.249999848859e+00 4.659240e+00 5.907594e-01 -2.386980e-15 1.637579e-15
4.427159e-01 5.249999855205e+00 4.648517e+00 6.014833e-01 -2.275957e-15 7.771561e-16
4.416857e-01 5.249999861904e+00 4.637700e+00 6.122998e-01 -3.053113e-15 5.273559e-16
4.406468e-01 5.249999868962e+00 4.626791e+00 6.232088e-01 -1.026956e-15 -4.996004e-16
4.395991e-01 5.249999876384e+00 4.615790e+00 6.342098e-01 -1.720846e-15 2.775558e-16
4.385426e-01 5.249999884176e+00 4.604697e+00 6.453028e-01 -1.776357e-15 1.026956e-15
4.374774e-01 5.249999892343e+00 4.593512e+00 6.564875e-01 -2.053913e-15 2.498002e-15
4.364035e-01 5.249999900892e+00 4.582236e+00 6.677636e-01 -2.220446e-15 1.554312e-15
4.353209e-01 5.249999909828e+00 4.570869e+00 6.791309e-01 -1.443290e-15 2.331468e-15
4.342296e-01 5.249999919157e+00 4.559411e+00 6.905891e-01 -3.247402e-15 1.249001e-15
4.331297e-01 5.249999928883e+00 4.547862e+00 7.021379e-01 -2.636780e-15 8.049117e-16
4.320212e-01 5.249999939013e+00 4.536223e+00 7.137771e-01 -1.776357e-15 1.304512e-15
4.309041e-01 5.249999949552e+00 4.524494e+00 7.255064e-01 -3.164136e-15 1.526557e-15
4.297785e-01 5.249999960504e+00 4.512674e+00 7.373255e-01 -2.442491e-15 5.551115e-17
4.286444e-01 5.249999971876e+00 4.500766e+00 7.492340e-01 -2.386980e-15 0.000000e+00
4.275017e-01 5.249999983671e+00 4.488768e+00 7.612318e-01 -1.276756e-15 -1.443290e-15
4.263506e-01 5.249999995896e+00 4.476682e+00 7.733184e-01 -2.442491e-15 0.000000e+00
4.251911e-01 5.250000008555e+00 4.464506e+00 7.854936e-01 -1.748601e-15 1.110223e-16
4.240231e-01 5.250000021653e+00 4.452243e+00 7.977571e-01 -2.636780e-15 1.665335e-15
4.228468e-01 5.250000035195e+00 4.439892e+00 8.101084e-01 -1.304512e-15 1.221245e-15
4.216622e-01 5.250000049184e+00 4.427453e+00 8.225473e-01 -2.747802e-15 7.216450e-16
4.204692e-01 5.250000063627e+00 4.414927e+00 8.350735e-01 -2.386980e-15 2.775558e-16
4.192680e-01 5.250000078527e+00 4.402314e+00 8.476865e-01 -2.053913e-15 -3.330669e-16
4.180585e-01 5.250000093888e+00 4.389614e+00 8.603860e-01 -2.109424e-15 7.771561e-16
4.168408e-01 5.250000109715e+00 4.376828e+00 8.731716e-01 -1.831868e-15 1.165734e-15
4.156150e-01 5.250000126012e+00 4.363957e+00 8.860430e-01 -8.604228e-16 -1.276756e-15
4.143810e-01 5.250000142783e+00 4.351000e+00 8.989998e-01 -1.387779e-15 3.330669e-16
4.131389e-01 5.250000160032e+00 4.337959e+00 9.120415e-01 -2.775558e-15 -4.996004e-16
4.118888e-01 5.250000177762e+00 4.324832e+00 9.251679e-01 -9.714451e-16 -1.387779e-15
4.106306e-01 5.250000195978e+00 4.311622e+00 9.383784e-01 -2.137179e-15 -1.221245e-15
4.093645e-01 5.250000214682e+00 4.298328e+00 9.516727e-01 -2.664535e-15 9.992007e-16
4.080905e-01 5.250000233878e+00 4.284950e+00 9.650502e-01 -3.524958e-15 -1.387779e-15
4.068085e-01 5.250000253570e+00 4.271490e+00 9.785107e-01 -2.442491e-15 5.551115e-16
4.055187e-01 5.250000273760e+00 4.257947e+00 9.920537e-01 -1.915135e-15 4.996004e-16
4.042211e-01 5.250000294451e+00 4.244322e+00 1.005679e+00 -3.497203e-15 -2.831069e-15
4.029157e-01 5.250000315647e+00 4.230615e+00 1.019385e+00 -2.164935e-15 -2.053913e-15
4.016026e-01 5.250000337351e+00 4.216827e+00 1.033173e+00 -2.969847e-15 8.881784e-16
4.002818e-01 5.250000359563e+00 4.202959e+00 1.047041e+00 -1.387779e-15 -9.436896e-16
3.989534e-01 5.250000382288e+00 4.189011e+00 1.060989e+00 -1.942890e-15 -3.441691e-15
3.976174e-01 5.250000405528e+00 4.174983e+00 1.075018e+00 -2.386980e-15 -1.776357e-15
3.962739e-01 5.250000429284e+00 4.160876e+00 1.089125e+00 -1.498801e-15 -1.498801e-15
3.949228e-01 5.250000453559e+00 4.146690e+00 1.103311e+00 -1.915135e-15 -2.942091e-15
3.935644e-01 5.250000478354e+00 4.132426e+00 1.117575e+00 -8.326673e-16 -2.498002e-15
3.921985e-01 5.250000503672e+00 4.118084e+00 1.131916e+00 -3.247402e-15 2.220446e-16
3.908253e-01 5.250000529513e+00 4.103666e+00 1.146335e+00 -2.081668e-15 8.326673e-16
3.894448e-01 5.250000555880e+00 4.089170e+00 1.160830e+00 -2.803313e-15 -4.440892e-16
3.880571e-01 5.250000582773e+00 4.074599e+00 1.175401e+00 -9.159340e-16 -1.110223e-15
3.866621e-01 5.250000610193e+00 4.059952e+00 1.190048e+00 -2.886580e-15 1.332268e-15
3.852601e-01 5.250000638142e+00 4.045231e+00 1.204770e+00 -2.303713e-15 -1.221245e-15
3.838510e-01 5.250000666620e+00 4.030435e+00 1.219566e+00 -2.775558e-15 -3.330669e-16
3.824348e-01 5.250000695629e+00 4.015565e+00 1.234435e+00 -2.442491e-15 -7.216450e-16
3.810117e-01 5.250000725167e+00 4.000623e+00 1.249378e+00 -2.914335e-15 -3.774758e-15
3.795816e-01 5.250000755236e+00 3.985607e+00 1.264393e+00 -2.498002e-15 -1.054712e-15
3.781448e-01 5.250000785836e+00 3.970520e+00 1.279481e+00 -2.442491e-15 -2.109424e-15
3.767011e-01 5.250000816966e+00 3.955361e+00 1.294639e+00 -2.026157e-15 -1.165734e-15
3.752507e-01 5.250000848627e+00 3.940132e+00 1.309869e+00 -2.026157e-15 -1.665335e-16
3.737936e-01 5.250000880818e+00 3.924833e+00 1.325168e+00 -3.247402e-15 -7.216450e-16
3.723299e-01 5.250000913539e+00 3.909464e+00 1.340537e+00 -1.582068e-15 8.326673e-16
3.708596e-01 5.250000946788e+00 3.894026e+00 1.355975e+00 -2.886580e-15 -5.329071e-15
3.693829e-01 5.250000980565e+00 3.878520e+00 1.371481e+00 -1.887379e-15 -1.554312e-15
3.678997e-01 5.250001014869e+00 3.862947e+00 1.387054e+00 -3.302913e-15 -8.326673e-16
3.664102e-01 5.250001049699e+00 3.847307e+00 1.402694e+00 -3.663736e-15 -3.330669e-15
3.649143e-01 5.250001085053e+00 3.831600e+00 1.418401e+00 -2.803313e-15 -1.165734e-15
3.634123e-01 5.250001120929e+00 3.815829e+00 1.434172e+00 -1.942890e-15 -3.663736e-15
3.619040e-01 5.250001157327e+00 3.799992e+00 1.450009e+00 -1.276756e-15 -3.219647e-15
3.603897e-01 5.250001194243e+00 3.784092e+00 1.465910e+00 -1.970646e-15 -2.331468e-15
3.588693e-01 5.250001231676e+00 3.768128e+00 1.481874e+00 -3.747003e-15 -4.940492e-15
3.573430e-01 5.250001269624e+00 3.752101e+00 1.497900e+00 -1.415534e-15 -7.216450e-16
3.558107e-01 5.250001308084e+00 3.736013e+00 1.513989e+00 -8.881784e-16 -3.219647e-15
3.542727e-01 5.250001347054e+00 3.719863e+00 1.530138e+00 -1.665335e-15 -4.607426e-15
3.527289e-01 5.250001386530e+00 3.703653e+00 1.546348e+00 -1.776357e-15 -4.329870e-15
3.511794e-01 5.250001426511e+00 3.687383e+00 1.562618e+00 -4.107825e-15 -2.553513e-15
3.496243e-01 5.250001466992e+00 3.671055e+00 1.578947e+00 -1.276756e-15 4.440892e-16
3.480636e-01 5.250001507971e+00 3.654668e+00 1.595334e+00 -3.580469e-15 -3.941292e-15
3.464975e-01 5.250001549444e+00 3.638224e+00 1.611778e+00 -1.887379e-15 8.326673e-16
3.449260e-01 5.250001591408e+00 3.621723e+00 1.628279e+00 -2.442491e-15 -8.326673e-16
3.433492e-01 5.250001633858e+00 3.605166e+00 1.644835e+00 -1.776357e-15 -4.996004e-16
3.417671e-01 5.250001676791e+00 3.588555e+00 1.661447e+00 -3.913536e-15 -1.720846e-15
3.401799e-01 5.250001720203e+00 3.571889e+00 1.678113e+00 -4.107825e-15 -1.554312e-15
3.385876e-01 5.250001764090e+00 3.555170e+00 1.694832e+00 -3.108624e-15 7.216450e-16
3.369903e-01 5.250001808447e+00 3.538398e+00 1.711604e+00 -3.774758e-15 -4.996004e-16
3.353880e-01 5.250001853270e+00 3.521574e+00 1.728428e+00 -4.163336e-15 0.000000e+00
3.337809e-01 5.250001898553e+00 3.504699e+00 1.745302e+00 -1.665335e-15 -1.609823e-15
3.321690e-01 5.250001944293e+00 3.487775e+00 1.762227e+00 -3.275158e-15 -1.054712e-15
3.305525e-01 5.250001990484e+00 3.470801e+00 1.779201e+00 -3.913536e-15 -1.443290e-15
3.289313e-01 5.250002037121e+00 3.453779e+00 1.796223e+00 -3.608225e-15 -3.663736e-15
3.273056e-01 5.250002084199e+00 3.436709e+00 1.813293e+00 -4.496403e-15 -3.441691e-15
3.256754e-01 5.250002131712e+00 3.419592e+00 1.830410e+00 -3.747003e-15 -2.775558e-16
3.240409e-01 5.250002179655e+00 3.402430e+00 1.847573e+00 -3.469447e-15 -1.221245e-15
3.224021e-01 5.250002228022e+00 3.385222e+00 1.864780e+00 -1.720846e-15 -1.387779e-15
3.207591e-01 5.250002276807e+00 3.367971e+00 1.882031e+00 -3.413936e-15 1.554312e-15
3.191120e-01 5.250002326004e+00 3.350676e+00 1.899326e+00 -2.303713e-15 -4.218847e-15
3.174609e-01 5.250002375608e+00 3.333340e+00 1.916663e+00 -5.023759e-15 -2.553513e-15
3.158058e-01 5.250002425611e+00 3.315961e+00 1.934041e+00 -4.884981e-15 -3.386180e-15
3.141469e-01 5.250002476008e+00 3.298543e+00 1.951460e+00 -4.551914e-15 -1.887379e-15
3.124842e-01 5.250002526793e+00 3.281085e+00 1.968918e+00 -3.691492e-15 -4.440892e-15
3.108179e-01 5.250002577957e+00 3.263588e+00 1.986415e+00 -2.720046e-15 -8.326673e-16
3.091479e-01 5.250002629496e+00 3.246053e+00 2.003949e+00 -3.302913e-15 -4.218847e-15
3.074745e-01 5.250002681402e+00 3.228482e+00 2.021521e+00 -3.275158e-15 -3.330669e-16
3.057976e-01 5.250002733668e+00 3.210875e+00 2.039128e+00 -2.581269e-15 -2.831069e-15
3.041174e-01 5.250002786288e+00 3.193233e+00 2.056770e+00 -4.635181e-15 -2.609024e-15
3.024340e-01 5.250002839253e+00 3.175557e+00 2.074446e+00 -4.357625e-15 -3.219647e-15
3.007474e-01 5.250002892557e+00 3.157848e+00 2.092155e+00 -5.828671e-15 9.992007e-16
2.990578e-01 5.250002946193e+00 3.140107e+00 2.109896e+00 -2.636780e-15 -4.440892e-15
2.973652e-01 5.250003000153e+00 3.122335e+00 2.127668e+00 -3.275158e-15 -4.996004e-16
2.956698e-01 5.250003054429e+00 3.104532e+00 2.145471e+00 -4.912737e-15 -2.775558e-15
2.939715e-01 5.250003109015e+00 3.086701e+00 2.163302e+00 -2.636780e-15 -5.828671e-15
2.922706e-01 5.250003163902e+00 3.068841e+00 2.181162e+00 -4.329870e-15 -2.442491e-15
2.905671e-01 5.250003219084e+00 3.050955e+00 2.199049e+00 -4.607426e-15 -4.718448e-15
2.888611e-01 5.250003274551e+00 3.033042e+00 2.216962e+00 -2.636780e-15 -2.942091e-15
2.871527e-01 5.250003330296e+00 3.015104e+00 2.234900e+00 -2.803313e-15 -1.665335e-15
2.854420e-01 5.250003386311e+00 2.997141e+00 2.252862e+00 -4.080070e-15 -7.105427e-15
2.837291e-01 5.250003442589e+00 2.979155e+00 2.270848e+00 -6.522560e-15 -6.883383e-15
2.820140e-01 5.250003499121e+00 2.961147e+00 2.288856e+00 -5.245804e-15 -2.553513e-15
2.802970e-01 5.250003555900e+00 2.943118e+00 2.306885e+00 -5.828671e-15 -4.107825e-15
2.785780e-01 5.250003612916e+00 2.925069e+00 2.324935e+00 -3.996803e-15 -4.884981e-15
2.768572e-01 5.250003670162e+00 2.907000e+00 2.343003e+00 -3.580469e-15 -4.940492e-15
2.751346e-01 5.250003727630e+00 2.888913e+00 2.361090e+00 -5.023759e-15 -4.773959e-15
2.734104e-01 5.250003785311e+00 2.870809e+00 2.379195e+00 -4.302114e-15 -4.662937e-15
2.716847e-01 5.250003843197e+00 2.852689e+00 2.397315e+00 -5.384582e-15 -6.605827e-15
2.699575e-01 5.250003901281e+00 2.834554e+00 2.415450e+00 -4.524159e-15 -3.830269e-15
2.682289e-01 5.250003959552e+00 2.816404e+00 2.433600e+00 -3.386180e-15 -2.997602e-15
2.664992e-01 5.250004018004e+00 2.798241e+00 2.451763e+00 -4.718448e-15 -2.053913e-15
2.647682e-01 5.250004076628e+00 2.780066e+00 2.469938e+00 -5.051515e-15 -4.551914e-15
2.630362e-01 5.250004135415e+00 2.761881e+00 2.488124e+00 -3.941292e-15 -4.274359e-15
2.613033e-01 5.250004194358e+00 2.743685e+00 2.506320e+00 -4.996004e-15 -3.830269e-15
2.595695e-01 5.250004253446e+00 2.725480e+00 2.524525e+00 -4.302114e-15 -5.218048e-15
2.578349e-01 5.250004312674e+00 2.707267e+00 2.542738e+00 -4.996004e-15 -2.997602e-15
2.560997e-01 5.250004372031e+00 2.689047e+00 2.560957e+00 -3.747003e-15 -1.165734e-15
2.543639e-01 5.250004431509e+00 2.670821e+00 2.579183e+00 -3.719247e-15 -1.665335e-15
2.526277e-01 5.250004491101e+00 2.652591e+00 2.597414e+00 -4.163336e-15 -1.443290e-15
2.508911e-01 5.250004550798e+00 2.634356e+00 2.615648e+00 -3.136380e-15 -1.887379e-15
2.491542e-01 5.250004610591e+00 2.616119e+00 2.633886e+00 -3.413936e-15 -4.329870e-15
2.474171e-01 5.250004670472e+00 2.597880e+00 2.652125e+00 -4.551914e-15 -3.053113e-15
2.456800e-01 5.250004730433e+00 2.579640e+00 2.670364e+00 -4.496403e-15 -1.110223e-15
2.439430e-01 5.250004790466e+00 2.561401e+00 2.688604e+00 -3.080869e-15 -3.774758e-15
2.422060e-01 5.250004850562e+00 2.543163e+00 2.706842e+00 -3.969047e-15 -2.997602e-15
2.404693e-01 5.250004910714e+00 2.524928e+00 2.725077e+00 -4.884981e-15 -2.053913e-15
2.387330e-01 5.250004970912e+00 2.506696e+00 2.743309e+00 -4.080070e-15 -4.385381e-15
2.369970e-01 5.250005031150e+00 2.488469e+00 2.761536e+00 -3.941292e-15 -4.496403e-15
2.352616e-01 5.250005091419e+00 2.470247e+00 2.779758e+00 -5.495604e-15 -1.054712e-15
2.335268e-01 5.250005151710e+00 2.452032e+00 2.797973e+00 -3.941292e-15 -2.886580e-15
2.317928e-01 5.250005212017e+00 2.433824e+00 2.816181e+00 -3.497203e-15 -5.495604e-15
2.300596e-01 5.250005272331e+00 2.415625e+00 2.834380e+00 -2.914335e-15 -1.831868e-15
2.283273e-01 5.250005332645e+00 2.397436e+00 2.852569e+00 -3.747003e-15 -4.551914e-15
2.265960e-01 5.250005392950e+00 2.379258e+00 2.870747e+00 -4.107825e-15 -5.273559e-15
2.248659e-01 5.250005453239e+00 2.361092e+00 2.888914e+00 -3.969047e-15 -1.221245e-15
2.231370e-01 5.250005513504e+00 2.342938e+00 2.907067e+00 -3.802514e-15 -3.885781e-15
2.214094e-01 5.250005573739e+00 2.324799e+00 2.925207e+00 -2.886580e-15 -4.218847e-15
2.196833e-01 5.250005633934e+00 2.306674e+00 2.943331e+00 -3.635980e-15 -3.275158e-15
2.179587e-01 5.250005694084e+00 2.288566e+00 2.961440e+00 -3.858025e-15 -3.608225e-15
2.162357e-01 5.250005754180e+00 2.270474e+00 2.979531e+00 -4.912737e-15 -6.217249e-15
2.145144e-01 5.250005814215e+00 2.252401e+00 2.997605e+00 -4.246603e-15 -4.607426e-15
2.127949e-01 5.250005874183e+00 2.234347e+00 3.015659e+00 -4.857226e-15 -6.550316e-15
2.110774e-01 5.250005934076e+00 2.216313e+00 3.033693e+00 -5.440093e-15 -3.386180e-15
2.093619e-01 5.250005993887e+00 2.198300e+00 3.051706e+00 -3.524958e-15 -2.220446e-15
2.076485e-01 5.250006053610e+00 2.180309e+00 3.069697e+00 -3.774758e-15 -1.443290e-15
2.059373e-01 5.250006113238e+00 2.162342e+00 3.087664e+00 -5.162537e-15 -4.551914e-15
2.042285e-01 5.250006172763e+00 2.144399e+00 3.105607e+00 -4.080070e-15 -3.885781e-15
2.025220e-01 5.250006232180e+00 2.126481e+00 3.123525e+00 -4.246603e-15 -4.551914e-15
2.008181e-01 5.250006291481e+00 2.108590e+00 3.141417e+00 -4.579670e-15 -6.772360e-15
1.991167e-01 5.250006350662e+00 2.090726e+00 3.159281e+00 -3.497203e-15 -2.442491e-15
1.974181e-01 5.250006409714e+00 2.072890e+00 3.177117e+00 -3.774758e-15 -4.773959e-15
1.957222e-01 5.250006468633e+00 2.055083e+00 3.194923e+00 -3.996803e-15 -5.440093e-15
1.940293e-01 5.250006527412e+00 2.037308e+00 3.212699e+00 -4.052314e-15 -3.996803e-15
1.923393e-01 5.250006586044e+00 2.019563e+00 3.230444e+00 -4.218847e-15 -4.773959e-15
1.906525e-01 5.250006644526e+00 2.001851e+00 3.248156e+00 -4.135581e-15 -5.551115e-15
1.889688e-01 5.250006702850e+00 1.984172e+00 3.265835e+00 -3.747003e-15 -6.661338e-15
1.872884e-01 5.250006761011e+00 1.966528e+00 3.283479e+00 -3.830269e-15 -5.440093e-15
1.856113e-01 5.250006819003e+00 1.948919e+00 3.301088e+00 -4.440892e-15 -6.217249e-15
1.839378e-01 5.250006876822e+00 1.931347e+00 3.318660e+00 -3.524958e-15 -1.443290e-15
1.822678e-01 5.250006934461e+00 1.913812e+00 3.336195e+00 -2.997602e-15 -3.219647e-15
1.806014e-01 5.250006991916e+00 1.896315e+00 3.353692e+00 -4.357625e-15 -5.995204e-15
1.789388e-01 5.250007049183e+00 1.878858e+00 3.371149e+00 -3.996803e-15 -4.551914e-15
1.772801e-01 5.250007106255e+00 1.861441e+00 3.388566e+00 -4.191092e-15 -8.881784e-16
1.756252e-01 5.250007163128e+00 1.844065e+00 3.405942e+00 -3.802514e-15 -8.881784e-15
1.739745e-01 5.250007219797e+00 1.826732e+00 3.423275e+00 -4.218847e-15 -4.551914e-15
1.723278e-01 5.250007276258e+00 1.809442e+00 3.440565e+00 -3.469447e-15 -6.661338e-16
1.706853e-01 5.250007332507e+00 1.792196e+00 3.457811e+00 -4.440892e-15 -5.107026e-15
1.690472e-01 5.250007388539e+00 1.774996e+00 3.475012e+00 -4.191092e-15 -6.106227e-15
1.674134e-01 5.250007444350e+00 1.757841e+00 3.492166e+00 -4.107825e-15 -8.548717e-15
1.657842e-01 5.250007499936e+00 1.740734e+00 3.509274e+00 -4.440892e-15 -4.551914e-15
1.641595e-01 5.250007555293e+00 1.723675e+00 3.526333e+00 -4.191092e-15 -1.054712e-14
1.625395e-01 5.250007610418e+00 1.706665e+00 3.543343e+00 -4.524159e-15 -7.549517e-15
1.609242e-01 5.250007665306e+00 1.689705e+00 3.560303e+00 -4.579670e-15 -7.771561e-15
1.593138e-01 5.250007719954e+00 1.672795e+00 3.577212e+00 -3.413936e-15 -4.440892e-15
1.577084e-01 5.250007774358e+00 1.655938e+00 3.594070e+00 -4.662937e-15 -8.548717e-15
1.561079e-01 5.250007828516e+00 1.639133e+00 3.610875e+00 -3.719247e-15 -8.215650e-15
1.545126e-01 5.250007882423e+00 1.622382e+00 3.627626e+00 -5.162537e-15 -1.332268e-15
1.529225e-01 5.250007936078e+00 1.605686e+00 3.644322e+00 -4.191092e-15 -9.658940e-15
1.513376e-01 5.250007989477e+00 1.589045e+00 3.660963e+00 -4.551914e-15 -1.332268e-14
1.497582e-01 5.250008042617e+00 1.572461e+00 3.677547e+00 -3.747003e-15 -7.771561e-15
1.481842e-01 5.250008095495e+00 1.555934e+00 3.694074e+00 -4.246603e-15 -8.770762e-15
1.466157e-01 5.250008148109e+00 1.539465e+00 3.710543e+00 -4.968248e-15 -6.661338e-15
1.450529e-01 5.250008200457e+00 1.523055e+00 3.726953e+00 -5.079270e-15 -5.218048e-15
1.434958e-01 5.250008252535e+00 1.506706e+00 3.743302e+00 -4.302114e-15 -1.254552e-14
1.419445e-01 5.250008304343e+00 1.490417e+00 3.759591e+00 -4.496403e-15 -8.881784e-15
1.403991e-01 5.250008355877e+00 1.474190e+00 3.775818e+00 -5.745404e-15 -8.770762e-15
1.388597e-01 5.250008407135e+00 1.458026e+00 3.791982e+00 -5.023759e-15 -9.103829e-15
1.373263e-01 5.250008458116e+00 1.441926e+00 3.808083e+00 -4.524159e-15 -6.328271e-15
1.357990e-01 5.250008508818e+00 1.425890e+00 3.824119e+00 -5.162537e-15 -9.325873e-15
1.342780e-01 5.250008559239e+00 1.409919e+00 3.840089e+00 -5.384582e-15 -9.325873e-15
1.327633e-01 5.250008609378e+00 1.394015e+00 3.855994e+00 -5.245804e-15 -1.054712e-14
1.312550e-01 5.250008659233e+00 1.378177e+00 3.871832e+00 -4.607426e-15 -9.436896e-15
1.297531e-01 5.250008708802e+00 1.362407e+00 3.887601e+00 -5.009881e-15 -8.437695e-15
1.282578e-01 5.250008758085e+00 1.346707e+00 3.903302e+00 -5.537237e-15 -7.660539e-15
1.267691e-01 5.250008807081e+00 1.331075e+00 3.918934e+00 -5.079270e-15 -7.993606e-15
1.252871e-01 5.250008855787e+00 1.315514e+00 3.934495e+00 -4.787837e-15 -1.088019e-14
1.238119e-01 5.250008904204e+00 1.300025e+00 3.949984e+00 -4.524159e-15 -1.187939e-14
1.223435e-01 5.250008952330e+00 1.284607e+00 3.965402e+00 -5.606626e-15 -1.132427e-14
1.208821e-01 5.250009000165e+00 1.269262e+00 3.980747e+00 -4.565792e-15 -7.882583e-15
1.194277e-01 5.250009047707e+00 1.253991e+00 3.996018e+00 -4.843348e-15 -6.439294e-15
1.179804e-01 5.250009094957e+00 1.238795e+00 4.011214e+00 -4.787837e-15 -1.254552e-14
1.165403e-01 5.250009141914e+00 1.223673e+00 4.026336e+00 -4.593548e-15 -9.436896e-15
1.151075e-01 5.250009188577e+00 1.208628e+00 4.041381e+00 -5.578871e-15 -5.329071e-15
1.136819e-01 5.250009234946e+00 1.193660e+00 4.056349e+00 -5.037637e-15 -8.437695e-15
1.122638e-01 5.250009281022e+00 1.178770e+00 4.071239e+00 -5.134781e-15 -7.771561e-15
1.108531e-01 5.250009326802e+00 1.163958e+00 4.086052e+00 -4.454770e-15 -1.332268e-14
1.094500e-01 5.250009372289e+00 1.149225e+00 4.100784e+00 -4.982126e-15 -1.265654e-14
1.080545e-01 5.250009417481e+00 1.134572e+00 4.115437e+00 -5.037637e-15 -1.565414e-14
1.066667e-01 5.250009462379e+00 1.120001e+00 4.130009e+00 -4.510281e-15 -1.310063e-14
1.052867e-01 5.250009506983e+00 1.105510e+00 4.144499e+00 -5.995204e-15 -1.609823e-14
1.039145e-01 5.250009551293e+00 1.091103e+00 4.158907e+00 -5.134781e-15 -1.565414e-14
1.025503e-01 5.250009595309e+00 1.076778e+00 4.173232e+00 -4.884981e-15 -1.010303e-14
1.011940e-01 5.250009639033e+00 1.062537e+00 4.187473e+00 -4.704570e-15 -1.176836e-14
9.984576e-02 5.250009682463e+00 1.048380e+00 4.201629e+00 -4.427014e-15 -1.065814e-14
9.850566e-02 5.250009725601e+00 1.034309e+00 4.215700e+00 -4.232725e-15 -5.995204e-15
9.717377e-02 5.250009768448e+00 1.020325e+00 4.229685e+00 -5.093148e-15 -1.265654e-14
9.585014e-02 5.250009811004e+00 1.006426e+00 4.243583e+00 -3.913536e-15 -1.065814e-14
9.453484e-02 5.250009853269e+00 9.926159e-01 4.257394e+00 -4.843348e-15 -9.547918e-15
9.322796e-02 5.250009895245e+00 9.788935e-01 4.271116e+00 -4.274359e-15 -1.454392e-14
9.192954e-02 5.250009936932e+00 9.652602e-01 4.284750e+00 -4.454770e-15 -1.498801e-14
9.063967e-02 5.250009978331e+00 9.517165e-01 4.298293e+00 -4.038436e-15 -1.154632e-14
8.935840e-02 5.250010019443e+00 9.382632e-01 4.311747e+00 -5.315193e-15 -1.287859e-14
8.808581e-02 5.250010060269e+00 9.249011e-01 4.325109e+00 -5.731526e-15 -1.343370e-14
8.682197e-02 5.250010100810e+00 9.116307e-01 4.338379e+00 -4.329870e-15 -1.054712e-14
8.556693e-02 5.250010141067e+00 8.984527e-01 4.351557e+00 -4.621303e-15 -1.865175e-14
8.432076e-02 5.250010181041e+00 8.853680e-01 4.364642e+00 -5.023759e-15 -1.409983e-14
8.308353e-02 5.250010220733e+00 8.723771e-01 4.377633e+00 -4.440892e-15 -1.298961e-14
8.185530e-02 5.250010260145e+00 8.594807e-01 4.390530e+00 -4.898859e-15 -1.709743e-14
8.063614e-02 5.250010299278e+00 8.466795e-01 4.403331e+00 -4.204970e-15 -1.199041e-14
7.942611e-02 5.250010338132e+00 8.339742e-01 4.416036e+00 -4.274359e-15 -1.321165e-14
7.822527e-02 5.250010376710e+00 8.213654e-01 4.428645e+00 -4.482525e-15 -1.387779e-14
7.703369e-02 5.250010415012e+00 8.088538e-01 4.441157e+00 -4.760081e-15 -1.254552e-14
7.585143e-02 5.250010453040e+00 7.964400e-01 4.453570e+00 -4.468648e-15 -1.243450e-14
7.467854e-02 5.250010490795e+00 7.841247e-01 4.465886e+00 -4.399259e-15 -1.620926e-14
7.351510e-02 5.250010528279e+00 7.719086e-01 4.478102e+00 -4.357625e-15 -8.770762e-15
7.236116e-02 5.250010565494e+00 7.597922e-01 4.490218e+00 -4.649059e-15 -1.521006e-14
7.121678e-02 5.250010602440e+00 7.477762e-01 4.502234e+00 -4.052314e-15 -1.598721e-14
7.008203e-02 5.250010639119e+00 7.358613e-01 4.514149e+00 -4.329870e-15 -1.998401e-14
6.895696e-02 5.250010675532e+00 7.240480e-01 4.525963e+00 -4.080070e-15 -1.154632e-14
6.784163e-02 5.250010711682e+00 7.123371e-01 4.537674e+00 -4.815592e-15 -1.743050e-14
6.673610e-02 5.250010747570e+00 7.007290e-01 4.549282e+00 -4.607426e-15 -1.509903e-14
6.564042e-02 5.250010783197e+00 6.892245e-01 4.560786e+00 -4.135581e-15 -1.776357e-14
6.455467e-02 5.250010818565e+00 6.778240e-01 4.572187e+00 -3.788636e-15 -1.587619e-14
6.347889e-02 5.250010853675e+00 6.665283e-01 4.583483e+00 -4.107825e-15 -1.099121e-14
6.241314e-02 5.250010888530e+00 6.553380e-01 4.594673e+00 -4.357625e-15 -8.659740e-15
6.135748e-02 5.250010923130e+00 6.442535e-01 4.605757e+00 -4.843348e-15 -1.276756e-14
6.031196e-02 5.250010957478e+00 6.332756e-01 4.616735e+00 -4.551914e-15 -1.720846e-14
5.927664e-02 5.250010991576e+00 6.224048e-01 4.627606e+00 -4.454770e-15 -1.232348e-14
5.825158e-02 5.250011025424e+00 6.116416e-01 4.638369e+00 -4.649059e-15 -9.103829e-15
5.723683e-02 5.250011059025e+00 6.009867e-01 4.649024e+00 -4.635181e-15 -1.387779e-14
5.623245e-02 5.250011092380e+00 5.904407e-01 4.659570e+00 -4.385381e-15 -1.387779e-14
5.523848e-02 5.250011125492e+00 5.800040e-01 4.670007e+00 -4.385381e-15 -1.798561e-14
5.425499e-02 5.250011158361e+00 5.696774e-01 4.680334e+00 -4.107825e-15 -1.076916e-14
5.328202e-02 5.250011190990e+00 5.594612e-01 4.690550e+00 -4.177214e-15 -1.432188e-14
5.231964e-02 5.250011223381e+00 5.493562e-01 4.700655e+00 -4.440892e-15 -1.054712e-14
5.136788e-02 5.250011255534e+00 5.393628e-01 4.710648e+00 -4.482525e-15 -1.165734e-14
5.042682e-02 5.250011287453e+00 5.294816e-01 4.720530e+00 -3.969047e-15 -1.254552e-14
4.949649e-02 5.250011319138e+00 5.197131e-01 4.730298e+00 -3.969047e-15 -1.165734e-14
4.857694e-02 5.250011350592e+00 5.100579e-01 4.739953e+00 -4.427014e-15 -1.076916e-14
4.766824e-02 5.250011381817e+00 5.005165e-01 4.749495e+00 -4.399259e-15 -9.769963e-15
4.677043e-02 5.250011412814e+00 4.910895e-01 4.758922e+00 -4.427014e-15 -1.565414e-14
4.588356e-02 5.250011443585e+00 4.817773e-01 4.768234e+00 -4.427014e-15 -1.321165e-14
4.500768e-02 5.250011474132e+00 4.725806e-01 4.777431e+00 -4.454770e-15 -7.660539e-15
4.414284e-02 5.250011504457e+00 4.634998e-01 4.786512e+00 -4.399259e-15 -6.550316e-15
4.328909e-02 5.250011534561e+00 4.545354e-01 4.795476e+00 -4.454770e-15 -1.054712e-14
4.244647e-02 5.250011564447e+00 4.456880e-01 4.804324e+00 -4.343748e-15 -9.214851e-15
4.161505e-02 5.250011594117e+00 4.369580e-01 4.813054e+00 -4.024558e-15 -1.199041e-14
4.079486e-02 5.250011623571e+00 4.283461e-01 4.821666e+00 -4.579670e-15 -6.661338e-15
3.998596e-02 5.250011652813e+00 4.198526e-01 4.830159e+00 -4.912737e-15 -1.143530e-14
3.918839e-02 5.250011681844e+00 4.114781e-01 4.838534e+00 -4.621303e-15 -1.110223e-14
3.840219e-02 5.250011710666e+00 4.032230e-01 4.846789e+00 -4.204970e-15 -1.076916e-14
3.762743e-02 5.250011739280e+00 3.950880e-01 4.854924e+00 -4.579670e-15 -1.454392e-14
3.686413e-02 5.250011767689e+00 3.870734e-01 4.862938e+00 -4.524159e-15 -8.992806e-15
3.611235e-02 5.250011795895e+00 3.791797e-01 4.870832e+00 -4.538037e-15 -1.199041e-14
3.537214e-02 5.250011823898e+00 3.714075e-01 4.878604e+00 -4.274359e-15 -1.088019e-14
3.464354e-02 5.250011851702e+00 3.637571e-01 4.886255e+00 -4.815592e-15 -1.276756e-14
3.392659e-02 5.250011879308e+00 3.562292e-01 4.893783e+00 -4.371503e-15 -1.287859e-14
3.322134e-02 5.250011906717e+00 3.488241e-01 4.901188e+00 -4.232725e-15 -9.769963e-15
3.252784e-02 5.250011933931e+00 3.415423e-01 4.908470e+00 -4.524159e-15 -7.327472e-15
3.184612e-02 5.250011960953e+00 3.343843e-01 4.915628e+00 -4.309053e-15 -7.549517e-15
3.117624e-02 5.250011987783e+00 3.273505e-01 4.922661e+00 -4.246603e-15 -8.326673e-15
3.051823e-02 5.250012014424e+00 3.204414e-01 4.929571e+00 -4.662937e-15 -1.343370e-14
2.987215e-02 5.250012040877e+00 3.136575e-01 4.936354e+00 -4.135581e-15 -7.105427e-15
2.923802e-02 5.250012067144e+00 3.069993e-01 4.943013e+00 -4.558853e-15 -9.992007e-15
2.861591e-02 5.250012093226e+00 3.004670e-01 4.949545e+00 -4.572731e-15 -9.658940e-15
2.800584e-02 5.250012119124e+00 2.940613e-01 4.955951e+00 -4.225786e-15 -1.210143e-14
2.740786e-02 5.250012144841e+00 2.877825e-01 4.962230e+00 -4.163336e-15 -8.881784e-15
2.682201e-02 5.250012170377e+00 2.816311e-01 4.968381e+00 -3.816392e-15 -5.218048e-15
2.624834e-02 5.250012195733e+00 2.756075e-01 4.974405e+00 -3.920475e-15 -1.032507e-14
2.568688e-02 5.250012220912e+00 2.697122e-01 4.980300e+00 -4.302114e-15 -1.609823e-14
2.513767e-02 5.250012245914e+00 2.639456e-01 4.986067e+00 -4.239664e-15 -1.454392e-14
2.460076e-02 5.250012270739e+00 2.583080e-01 4.991704e+00 -4.177214e-15 -1.321165e-14
2.407619e-02 5.250012295390e+00 2.528000e-01 4.997212e+00 -4.482525e-15 -1.532108e-14
2.356400e-02 5.250012319866e+00 2.474220e-01 5.002590e+00 -3.934353e-15 -1.487699e-14
2.306422e-02 5.250012344168e+00 2.421743e-01 5.007838e+00 -3.816392e-15 -1.343370e-14
2.257690e-02 5.250012368297e+00 2.370574e-01 5.012955e+00 -4.267420e-15 -1.387779e-14
2.210207e-02 5.250012392254e+00 2.320717e-01 5.017941e+00 -4.253542e-15 -1.454392e-14
2.163978e-02 5.250012416038e+00 2.272177e-01 5.022795e+00 -3.996803e-15 -9.325873e-15
2.119006e-02 5.250012439649e+00 2.224956e-01 5.027517e+00 -4.177214e-15 -8.770762e-15
2.075295e-02 5.250012463088e+00 2.179059e-01 5.032107e+00 -4.107825e-15 -5.218048e-15
2.032848e-02 5.250012486354e+00 2.134491e-01 5.036563e+00 -4.218847e-15 -1.787459e-14
1.991671e-02 5.250012509446e+00 2.091254e-01 5.040887e+00 -4.225786e-15 -1.310063e-14
1.951766e-02 5.250012532365e+00 2.049354e-01 5.045077e+00 -4.274359e-15 -8.992806e-15
1.913137e-02 5.250012555108e+00 2.008794e-01 5.049133e+00 -3.906597e-15 -1.032507e-14
1.875788e-02 5.250012577675e+00 1.969577e-01 5.053055e+00 -4.204970e-15 -1.121325e-14
1.839722e-02 5.250012600065e+00 1.931708e-01 5.056842e+00 -4.052314e-15 -1.521006e-14
1.804944e-02 5.250012622276e+00 1.895191e-01 5.060494e+00 -4.128642e-15 -1.088019e-14
1.771456e-02 5.250012644305e+00 1.860029e-01 5.064010e+00 -4.184153e-15 -1.720846e-14
1.739262e-02 5.250012666152e+00 1.826225e-01 5.067390e+00 -3.969047e-15 -7.105427e-15
1.708366e-02 5.250012687812e+00 1.793785e-01 5.070634e+00 -4.135581e-15 -1.110223e-14
1.678772e-02 5.250012709284e+00 1.762710e-01 5.073742e+00 -4.045375e-15 -1.210143e-14
1.650482e-02 5.250012730564e+00 1.733006e-01 5.076712e+00 -4.211909e-15 -1.343370e-14
1.623501e-02 5.250012751650e+00 1.704676e-01 5.079545e+00 -4.093947e-15 -9.769963e-15
1.597831e-02 5.250012772536e+00 1.677722e-01 5.082241e+00 -4.024558e-15 -1.276756e-14
1.573476e-02 5.250012793220e+00 1.652150e-01 5.084798e+00 -4.149459e-15 -8.437695e-15
1.550440e-02 5.250012813696e+00 1.627962e-01 5.087217e+00 -4.128642e-15 -1.110223e-14
1.528725e-02 5.250012833959e+00 1.605161e-01 5.089497e+00 -4.184153e-15 -1.121325e-14
1.508335e-02 5.250012854005e+00 1.583752e-01 5.091638e+00 -4.281298e-15 -9.992007e-15
1.489274e-02 5.250012873828e+00 1.563737e-01 5.093639e+00 -4.385381e-15 -1.110223e-14
1.471543e-02 5.250012893421e+00 1.545121e-01 5.095501e+00 -4.142520e-15 -1.565414e-14
1.455148e-02 5.250012912779e+00 1.527905e-01 5.097222e+00 -3.962108e-15 -1.376677e-14
1.440090e-02 5.250012931894e+00 1.512094e-01 5.098804e+00 -4.198031e-15 -1.143530e-14
1.426373e-02 5.250012950759e+00 1.497691e-01 5.100244e+00 -4.093947e-15 -1.332268e-14
1.413999e-02 5.250012969366e+00 1.484699e-01 5.101543e+00 -4.003742e-15 -1.221245e-14
1.402973e-02 5.250012987707e+00 1.473121e-01 5.102701e+00 -4.145989e-15 -6.661338e-15
1.393296e-02 5.250013005773e+00 1.462961e-01 5.103717e+00 -4.045375e-15 -8.770762e-15
1.384972e-02 5.250013023555e+00 1.454220e-01 5.104591e+00 -4.080070e-15 -1.276756e-14
1.378003e-02 5.250013041044e+00 1.446904e-01 5.105323e+00 -4.184153e-15 -9.658940e-15
1.372393e-02 5.250013058230e+00 1.441013e-01 5.105912e+00 -4.187622e-15 -8.770762e-15
1.368144e-02 5.250013075101e+00 1.436551e-01 5.106358e+00 -4.187622e-15 -1.343370e-14
1.365259e-02 5.250013091648e+00 1.433522e-01 5.106661e+00 -4.152928e-15 -1.110223e-14
1.363741e-02 5.250013107857e+00 1.431928e-01 5.106820e+00 -4.087009e-15 -1.476597e-14
1.363591e-02 5.250013123719e+00 1.431771e-01 5.106836e+00 -4.173745e-15 -1.221245e-14
1.364814e-02 5.250013139219e+00 1.433054e-01 5.106708e+00 -4.229256e-15 -1.088019e-14
1.367410e-02 5.250013154346e+00 1.435781e-01 5.106435e+00 -4.166806e-15 -1.143530e-14
1.371384e-02 5.250013169086e+00 1.439953e-01 5.106018e+00 -4.204970e-15 -1.054712e-14
1.376736e-02 5.250013183425e+00 1.445573e-01 5.105456e+00 -4.173745e-15 -1.720846e-14
1.383470e-02 5.250013197349e+00 1.452643e-01 5.104749e+00 -4.257011e-15 -1.132427e-14
1.391587e-02 5.250013210843e+00 1.461166e-01 5.103897e+00 -4.201500e-15 -1.143530e-14
1.401090e-02 5.250013223893e+00 1.471145e-01 5.102899e+00 -4.208439e-15 -1.831868e-14
1.411981e-02 5.250013236483e+00 1.482580e-01 5.101755e+00 -4.246603e-15 -1.276756e-14
1.424262e-02 5.250013248597e+00 1.495475e-01 5.100466e+00 -4.166806e-15 -1.676437e-14
1.437935e-02 5.250013260219e+00 1.509832e-01 5.099030e+00 -4.232725e-15 -9.325873e-15
1.453002e-02 5.250013271333e+00 1.525652e-01 5.097448e+00 -4.218847e-15 -1.154632e-14
1.469464e-02 5.250013281921e+00 1.542937e-01 5.095720e+00 -4.225786e-15 -6.328271e-15
1.487324e-02 5.250013291966e+00 1.561690e-01 5.093844e+00 -4.180684e-15 -1.121325e-14
1.506582e-02 5.250013301451e+00 1.581912e-01 5.091822e+00 -4.232725e-15 -1.010303e-14
1.527242e-02 5.250013310358e+00 1.603604e-01 5.089653e+00 -4.087009e-15 -1.187939e-14
1.549303e-02 5.250013318669e+00 1.626768e-01 5.087337e+00 -4.121703e-15 -1.165734e-14
1.572768e-02 5.250013326365e+00 1.651406e-01 5.084873e+00 -4.307318e-15 -1.354472e-14
1.597637e-02 5.250013333430e+00 1.677519e-01 5.082261e+00 -4.156397e-15 -1.187939e-14
1.623912e-02 5.250013339842e+00 1.705107e-01 5.079503e+00 -4.178949e-15 -1.132427e-14
1.651594e-02 5.250013345585e+00 1.734173e-01 5.076596e+00 -4.130377e-15 -1.454392e-14
1.680684e-02 5.250013350639e+00 1.764718e-01 5.073542e+00 -4.163336e-15 -6.661338e-15
1.711182e-02 5.250013354985e+00 1.796741e-01 5.070339e+00 -4.333339e-15 -8.437695e-15
1.743090e-02 5.250013358604e+00 1.830245e-01 5.066989e+00 -3.998538e-15 -1.842970e-14
1.776408e-02 5.250013361478e+00 1.865229e-01 5.063491e+00 -4.168541e-15 -9.103829e-15
1.811137e-02 5.250013363587e+00 1.901694e-01 5.059844e+00 -4.283032e-15 -1.054712e-14
1.847277e-02 5.250013364913e+00 1.939640e-01 5.056049e+00 -4.224052e-15 -1.465494e-14
1.884828e-02 5.250013365436e+00 1.979069e-01 5.052106e+00 -4.418341e-15 -1.720846e-14
1.923790e-02 5.250013365139e+00 2.019980e-01 5.048015e+00 -4.095682e-15 -5.329071e-15
1.964165e-02 5.250013364003e+00 2.062373e-01 5.043776e+00 -4.140785e-15 -1.176836e-14
2.005950e-02 5.250013362009e+00 2.106248e-01 5.039389e+00 -4.097417e-15 -7.105427e-15
2.049147e-02 5.250013359139e+00 2.151604e-01 5.034853e+00 -4.026293e-15 -1.698641e-14
2.093754e-02 5.250013355377e+00 2.198442e-01 5.030169e+00 -4.218847e-15 -1.054712e-14
2.139772e-02 5.250013350705e+00 2.246761e-01 5.025337e+00 -4.097417e-15 -1.265654e-14
2.187200e-02 5.250013345105e+00 2.296560e-01 5.020357e+00 -4.170275e-15 -1.354472e-14
2.236037e-02 5.250013338562e+00 2.347839e-01 5.015229e+00 -4.270456e-15 -1.076916e-14
2.286281e-02 5.250013331058e+00 2.400595e-01 5.009954e+00 -4.253976e-15 -1.443290e-14
2.337933e-02 5.250013322580e+00 2.454829e-01 5.004530e+00 -4.040605e-15 -9.103829e-15
2.390990e-02 5.250013313111e+00 2.510540e-01 4.998959e+00 -4.101537e-15 -8.437695e-15
2.445452e-02 5.250013302637e+00 2.567724e-01 4.993241e+00 -4.151031e-15 -1.365574e-14
2.501316e-02 5.250013291145e+00 2.626382e-01 4.987375e+00 -4.263137e-15 -1.509903e-14
2.558581e-02 5.250013278621e+00 2.686511e-01 4.981362e+00 -4.104681e-15 -8.992806e-15
2.617246e-02 5.250013265053e+00 2.748109e-01 4.975202e+00 -4.059036e-15 -1.221245e-14
2.677308e-02 5.250013250428e+00 2.811174e-01 4.968896e+00 -4.356758e-15 -1.043610e-14
2.738765e-02 5.250013234736e+00 2.875704e-01 4.962443e+00 -4.077901e-15 -9.880985e-15
2.801615e-02 5.250013217967e+00 2.941696e-01 4.955844e+00 -4.195429e-15 -5.107026e-15
2.865855e-02 5.250013200110e+00 3.009148e-01 4.949098e+00 -4.059253e-15 -8.659740e-15
2.931483e-02 5.250013181158e+00 3.078057e-01 4.942207e+00 -4.310788e-15 -8.881784e-15
2.998496e-02 5.250013161102e+00 3.148421e-01 4.935171e+00 -4.065324e-15 -1.143530e-14
3.066890e-02 5.250013139936e+00 3.220235e-01 4.927990e+00 -4.077468e-15 -8.215650e-15
3.136663e-02 5.250013117653e+00 3.293497e-01 4.920663e+00 -4.133846e-15 -9.547918e-15
3.207812e-02 5.250013094248e+00 3.368202e-01 4.913193e+00 -3.961241e-15 -4.218847e-15
3.280332e-02 5.250013069718e+00 3.444348e-01 4.905578e+00 -4.314257e-15 -8.881784e-15
3.354220e-02 5.250013044058e+00 3.521931e-01 4.897820e+00 -4.161602e-15 -1.598721e-14
3.429473e-02 5.250013017267e+00 3.600946e-01 4.889918e+00 -4.270889e-15 -2.775558e-15
3.506085e-02 5.250012989344e+00 3.681390e-01 4.881874e+00 -4.600487e-15 -1.110223e-14
3.584054e-02 5.250012960287e+00 3.763257e-01 4.873687e+00 -4.206704e-15 -1.132427e-14
3.663375e-02 5.250012930098e+00 3.846543e-01 4.865359e+00 -4.328135e-15 -1.199041e-14
3.744042e-02 5.250012898779e+00 3.931244e-01 4.856888e+00 -4.172010e-15 -8.437695e-15
3.826052e-02 5.250012866331e+00 4.017355e-01 4.848277e+00 -3.805983e-15 -1.432188e-14
3.909400e-02 5.250012832759e+00 4.104870e-01 4.839526e+00 -4.621303e-15 -1.088019e-14
3.994080e-02 5.250012798068e+00 4.193784e-01 4.830634e+00 -4.121703e-15 -9.325873e-15
4.080087e-02 5.250012762262e+00 4.284091e-01 4.821604e+00 -4.310788e-15 -1.321165e-14
4.167416e-02 5.250012725349e+00 4.375787e-01 4.812434e+00 -4.338543e-15 -1.343370e-14
4.256061e-02 5.250012687335e+00 4.468864e-01 4.803126e+00 -4.433953e-15 -1.276756e-14
4.346017e-02 5.250012648230e+00 4.563318e-01 4.793681e+00 -4.590078e-15 -1.387779e-14
4.437277e-02 5.250012608043e+00 4.659141e-01 4.784098e+00 -4.714978e-15 -1.176836e-14
4.529836e-02 5.250012566784e+00 4.756328e-01 4.774380e+00 -4.590078e-15 -8.659740e-15
4.623687e-02 5.250012524465e+00 4.854872e-01 4.764525e+00 -4.725387e-15 -5.440093e-15
4.718824e-02 5.250012481096e+00 4.954766e-01 4.754536e+00 -4.343748e-15 -1.054712e-14
4.815241e-02 5.250012436692e+00 5.056003e-01 4.744412e+00 -4.458239e-15 -1.243450e-14
4.912930e-02 5.250012391266e+00 5.158576e-01 4.734155e+00 -4.406198e-15 -1.199041e-14
5.011884e-02 5.250012344831e+00 5.262478e-01 4.723765e+00 -4.583139e-15 -9.769963e-15
5.112097e-02 5.250012297405e+00 5.367702e-01 4.713242e+00 -4.669876e-15 -9.436896e-15
5.213562e-02 5.250012249001e+00 5.474240e-01 4.702588e+00 -4.635181e-15 -1.065814e-14
5.316271e-02 5.250012199637e+00 5.582084e-01 4.691804e+00 -4.087009e-15 -1.321165e-14
5.420216e-02 5.250012149329e+00 5.691227e-01 4.680889e+00 -4.638651e-15 -1.587619e-14
5.525391e-02 5.250012098096e+00 5.801660e-01 4.669846e+00 -4.815592e-15 -1.598721e-14
5.631786e-02 5.250012045956e+00 5.913376e-01 4.658674e+00 -4.569262e-15 -1.876277e-14
5.739396e-02 5.250011992927e+00 6.026365e-01 4.647375e+00 -4.402728e-15 -1.143530e-14
5.848210e-02 5.250011939028e+00 6.140620e-01 4.635950e+00 -4.232725e-15 -1.665335e-14
5.958221e-02 5.250011884280e+00 6.256132e-01 4.624399e+00 -4.492934e-15 -1.754152e-14
6.069421e-02 5.250011828702e+00 6.372892e-01 4.612723e+00 -4.430484e-15 -1.065814e-14
6.181802e-02 5.250011772314e+00 6.490892e-01 4.600923e+00 -4.326400e-15 -1.176836e-14
6.295354e-02 5.250011715137e+00 6.610121e-01 4.589000e+00 -4.291706e-15 -1.554312e-14
6.410069e-02 5.250011657192e+00 6.730572e-01 4.576954e+00 -5.044576e-15 -1.498801e-14
6.525938e-02 5.250011598499e+00 6.852235e-01 4.564788e+00 -4.649059e-15 -1.298961e-14
6.642952e-02 5.250011539081e+00 6.975100e-01 4.552502e+00 -4.236195e-15 -1.121325e-14
6.761103e-02 5.250011478957e+00 7.099158e-01 4.540096e+00 -4.798245e-15 -1.254552e-14
6.880381e-02 5.250011418149e+00 7.224400e-01 4.527571e+00 -4.437423e-15 -9.880985e-15
7.000776e-02 5.250011356679e+00 7.350815e-01 4.514930e+00 -4.232725e-15 -1.476597e-14
7.122280e-02 5.250011294567e+00 7.478394e-01 4.502172e+00 -4.503342e-15 -1.465494e-14
7.244882e-02 5.250011231835e+00 7.607126e-01 4.489299e+00 -4.302114e-15 -1.521006e-14
7.368574e-02 5.250011168504e+00 7.737003e-01 4.476311e+00 -4.690692e-15 -1.743050e-14
7.493346e-02 5.250011104594e+00 7.868013e-01 4.463210e+00 -4.912737e-15 -1.720846e-14
7.619187e-02 5.250011040127e+00 8.000146e-01 4.449996e+00 -4.551914e-15 -1.421085e-14
7.746088e-02 5.250010975122e+00 8.133393e-01 4.436672e+00 -4.191092e-15 -1.021405e-14
7.874040e-02 5.250010909599e+00 8.267742e-01 4.423237e+00 -4.746203e-15 -1.509903e-14
8.003031e-02 5.250010843579e+00 8.403182e-01 4.409693e+00 -3.913536e-15 -1.321165e-14
8.133052e-02 5.250010777081e+00 8.539705e-01 4.396040e+00 -3.781697e-15 -1.598721e-14
8.264093e-02 5.250010710124e+00 8.677298e-01 4.382281e+00 -4.850287e-15 -1.998401e-14
8.396143e-02 5.250010642727e+00 8.815950e-01 4.368416e+00 -5.134781e-15 -1.865175e-14
8.529193e-02 5.250010574908e+00 8.955652e-01 4.354445e+00 -5.342948e-15 -1.987299e-14
8.663231e-02 5.250010506684e+00 9.096392e-01 4.340371e+00 -4.898859e-15 -1.698641e-14
8.798247e-02 5.250010438074e+00 9.238159e-01 4.326195e+00 -4.655998e-15 -1.598721e-14
8.934230e-02 5.250010369094e+00 9.380942e-01 4.311916e+00 -4.621303e-15 -1.310063e-14
9.071171e-02 5.250010299760e+00 9.524730e-01 4.297537e+00 -5.481726e-15 -1.398881e-14
9.209058e-02 5.250010230089e+00 9.669511e-01 4.283059e+00 -4.989065e-15 -1.887379e-14
9.347881e-02 5.250010160095e+00 9.815275e-01 4.268483e+00 -4.836409e-15 -1.620926e-14
9.487629e-02 5.250010089794e+00 9.962010e-01 4.253809e+00 -4.954370e-15 -1.743050e-14
9.628290e-02 5.250010019200e+00 1.010970e+00 4.239040e+00 -4.787837e-15 -1.576517e-14
9.769855e-02 5.250009948327e+00 1.025835e+00 4.224175e+00 -5.710710e-15 -1.476597e-14
9.912312e-02 5.250009877187e+00 1.040793e+00 4.209217e+00 -5.308254e-15 -1.576517e-14
1.005565e-01 5.250009805794e+00 1.055843e+00 4.194167e+00 -5.349887e-15 -2.065015e-14
1.019986e-01 5.250009734159e+00 1.070985e+00 4.179025e+00 -4.635181e-15 -1.754152e-14
1.034492e-01 5.250009662295e+00 1.086217e+00 4.163793e+00 -5.558054e-15 -2.231548e-14
1.049084e-01 5.250009590212e+00 1.101538e+00 4.148471e+00 -5.190293e-15 -2.409184e-14
1.063759e-01 5.250009517921e+00 1.116947e+00 4.133062e+00 -5.412337e-15 -1.920686e-14
1.078517e-01 5.250009445432e+00 1.132443e+00 4.117567e+00 -4.538037e-15 -1.720846e-14
1.093356e-01 5.250009372753e+00 1.148024e+00 4.101985e+00 -4.982126e-15 -1.743050e-14
1.108276e-01 5.250009299896e+00 1.163689e+00 4.086320e+00 -4.919676e-15 -2.220446e-14
1.123274e-01 5.250009226867e+00 1.179438e+00 4.070571e+00 -5.023759e-15 -1.976197e-14
1.138351e-01 5.250009153676e+00 1.195268e+00 4.054741e+00 -5.023759e-15 -1.898481e-14
1.153504e-01 5.250009080329e+00 1.211180e+00 4.038829e+00 -4.517220e-15 -2.042810e-14
1.168734e-01 5.250009006834e+00 1.227170e+00 4.022839e+00 -4.843348e-15 -1.798561e-14
1.184038e-01 5.250008933198e+00 1.243240e+00 4.006769e+00 -5.440093e-15 -1.887379e-14
1.199415e-01 5.250008859428e+00 1.259386e+00 3.990623e+00 -5.571932e-15 -1.720846e-14
1.214865e-01 5.250008785529e+00 1.275608e+00 3.974401e+00 -5.120904e-15 -2.020606e-14
1.230386e-01 5.250008711507e+00 1.291905e+00 3.958104e+00 -4.857226e-15 -1.632028e-14
1.245977e-01 5.250008637369e+00 1.308275e+00 3.941733e+00 -5.544176e-15 -2.176037e-14
1.261636e-01 5.250008563119e+00 1.324718e+00 3.925291e+00 -4.538037e-15 -2.475797e-14
1.277364e-01 5.250008488762e+00 1.341232e+00 3.908777e+00 -6.133982e-15 -2.142730e-14
1.293157e-01 5.250008414302e+00 1.357815e+00 3.892193e+00 -5.211109e-15 -2.409184e-14
1.309017e-01 5.250008339746e+00 1.374468e+00 3.875541e+00 -5.516421e-15 -1.731948e-14
1.324940e-01 5.250008265096e+00 1.391187e+00 3.858821e+00 -6.016021e-15 -1.931788e-14
1.340927e-01 5.250008190357e+00 1.407973e+00 3.842035e+00 -5.315193e-15 -2.164935e-14
1.356975e-01 5.250008115533e+00 1.424823e+00 3.825185e+00 -4.718448e-15 -2.364775e-14
1.373084e-01 5.250008040629e+00 1.441738e+00 3.808270e+00 -5.009881e-15 -2.253753e-14
1.389252e-01 5.250007965647e+00 1.458715e+00 3.791293e+00 -5.391521e-15 -2.053913e-14
1.405479e-01 5.250007890592e+00 1.475753e+00 3.774255e+00 -4.912737e-15 -2.042810e-14
1.421762e-01 5.250007815467e+00 1.492851e+00 3.757157e+00 -4.732326e-15 -2.309264e-14
1.438102e-01 5.250007740277e+00 1.510007e+00 3.740001e+00 -5.204170e-15 -2.275957e-14
1.454497e-01 5.250007665024e+00 1.527221e+00 3.722786e+00 -4.954370e-15 -2.431388e-14
1.470944e-01 5.250007589713e+00 1.544492e+00 3.705516e+00 -5.176415e-15 -2.520206e-14
1.487445e-01 5.250007514347e+00 1.561817e+00 3.688190e+00 -4.898859e-15 -2.386980e-14
1.503996e-01 5.250007438931e+00 1.579196e+00 3.670811e+00 -4.898859e-15 -2.731149e-14
1.520598e-01 5.250007363467e+00 1.596628e+00 3.653380e+00 -4.982126e-15 -2.109424e-14
1.537248e-01 5.250007287959e+00 1.614110e+00 3.635897e+00 -4.413137e-15 -2.053913e-14
1.553946e-01 5.250007212413e+00 1.631643e+00 3.618364e+00 -4.940492e-15 -2.209344e-14
1.570690e-01 5.250007136831e+00 1.649224e+00 3.600783e+00 -4.399259e-15 -2.331468e-14
1.587479e-01 5.250007061218e+00 1.666853e+00 3.583154e+00 -4.690692e-15 -2.475797e-14
1.604313e-01 5.250006985578e+00 1.684528e+00 3.565479e+00 -5.342948e-15 -2.098322e-14
1.621189e-01 5.250006909916e+00 1.702248e+00 3.547759e+00 -4.996004e-15 -2.897682e-14
1.638106e-01 5.250006834236e+00 1.720012e+00 3.529995e+00 -5.356826e-15 -2.720046e-14
1.655064e-01 5.250006758543e+00 1.737818e+00 3.512189e+00 -5.731526e-15 -2.409184e-14
1.672062e-01 5.250006682841e+00 1.755665e+00 3.494342e+00 -4.996004e-15 -2.819966e-14
1.689097e-01 5.250006607136e+00 1.773552e+00 3.476455e+00 -4.385381e-15 -2.409184e-14
1.706169e-01 5.250006531432e+00 1.791477e+00 3.458530e+00 -4.801715e-15 -2.409184e-14
1.723276e-01 5.250006455736e+00 1.809440e+00 3.440567e+00 -5.245804e-15 -2.442491e-14
1.740418e-01 5.250006380051e+00 1.827439e+00 3.422568e+00 -5.107026e-15 -2.653433e-14
1.757592e-01 5.250006304384e+00 1.845472e+00 3.404534e+00 -4.718448e-15 -2.353673e-14
1.774799e-01 5.250006228740e+00 1.863539e+00 3.386467e+00 -5.467848e-15 -2.797762e-14
1.792036e-01 5.250006153126e+00 1.881638e+00 3.368368e+00 -5.467848e-15 -2.808864e-14
1.809303e-01 5.250006077547e+00 1.899768e+00 3.350238e+00 -6.591949e-15 -2.797762e-14
1.826598e-01 5.250006002008e+00 1.917928e+00 3.332078e+00 -5.703771e-15 -2.731149e-14
1.843920e-01 5.250005926518e+00 1.936116e+00 3.313890e+00 -5.634382e-15 -2.686740e-14
1.861268e-01 5.250005851081e+00 1.954332e+00 3.295674e+00 -6.120104e-15 -2.642331e-14
1.878641e-01 5.250005775704e+00 1.972573e+00 3.277433e+00 -4.968248e-15 -3.086420e-14
1.896037e-01 5.250005700395e+00 1.990838e+00 3.259167e+00 -5.176415e-15 -2.309264e-14
1.913455e-01 5.250005625159e+00 2.009127e+00 3.240878e+00 -4.510281e-15 -2.287059e-14
1.930894e-01 5.250005550004e+00 2.027438e+00 3.222567e+00 -5.190293e-15 -2.253753e-14
1.948352e-01 5.250005474936e+00 2.045770e+00 3.204235e+00 -4.996004e-15 -2.975398e-14
1.965830e-01 5.250005399963e+00 2.064121e+00 3.185884e+00 -4.551914e-15 -2.220446e-14
1.983324e-01 5.250005325091e+00 2.082491e+00 3.167515e+00 -4.538037e-15 -2.486900e-14
2.000835e-01 5.250005250329e+00 2.100877e+00 3.149128e+00 -5.953571e-15 -2.342571e-14
2.018361e-01 5.250005175684e+00 2.119279e+00 3.130726e+00 -4.246603e-15 -2.509104e-14
2.035900e-01 5.250005101163e+00 2.137695e+00 3.112310e+00 -5.204170e-15 -2.431388e-14
2.053452e-01 5.250005026773e+00 2.156125e+00 3.093880e+00 -3.899658e-15 -2.786660e-14
2.071015e-01 5.250004952523e+00 2.174566e+00 3.075439e+00 -4.204970e-15 -2.686740e-14
2.088588e-01 5.250004878421e+00 2.193018e+00 3.056987e+00 -3.594347e-15 -2.609024e-14
2.106170e-01 5.250004804473e+00 2.211479e+00 3.038526e+00 -5.051515e-15 -2.586820e-14
2.123760e-01 5.250004730689e+00 2.229948e+00 3.020057e+00 -4.482525e-15 -2.631229e-14
2.141356e-01 5.250004657077e+00 2.248424e+00 3.001581e+00 -3.413936e-15 -2.675637e-14
2.158958e-01 5.250004583644e+00 2.266906e+00 2.983099e+00 -4.635181e-15 -2.708944e-14
2.176563e-01 5.250004510399e+00 2.285391e+00 2.964613e+00 -5.592748e-15 -2.631229e-14
2.194172e-01 5.250004437350e+00 2.303880e+00 2.946124e+00 -4.149459e-15 -2.653433e-14
2.211782e-01 5.250004364507e+00 2.322371e+00 2.927633e+00 -4.871104e-15 -2.475797e-14
2.229392e-01 5.250004291877e+00 2.340862e+00 2.909142e+00 -4.232725e-15 -2.353673e-14
2.247002e-01 5.250004219469e+00 2.359352e+00 2.890652e+00 -4.302114e-15 -3.008704e-14
2.264610e-01 5.250004147292e+00 2.377841e+00 2.872163e+00 -4.385381e-15 -2.553513e-14
2.282215e-01 5.250004075356e+00 2.396326e+00 2.853678e+00 -4.315992e-15 -2.853273e-14
2.299816e-01 5.250004003669e+00 2.414807e+00 2.835197e+00 -5.120904e-15 -2.642331e-14
2.317412e-01 5.250003932240e+00 2.433282e+00 2.816722e+00 -3.608225e-15 -2.808864e-14
2.335001e-01 5.250003861080e+00 2.451751e+00 2.798253e+00 -5.648260e-15 -2.475797e-14
2.352582e-01 5.250003790197e+00 2.470211e+00 2.779793e+00 -4.080070e-15 -2.176037e-14
2.370154e-01 5.250003719601e+00 2.488662e+00 2.761342e+00 -3.760880e-15 -2.642331e-14
2.387716e-01 5.250003649303e+00 2.507102e+00 2.742902e+00 -4.302114e-15 -2.475797e-14
2.405267e-01 5.250003579312e+00 2.525531e+00 2.724473e+00 -4.024558e-15 -2.764455e-14
2.422806e-01 5.250003509638e+00 2.543946e+00 2.706057e+00 -3.400058e-15 -2.697842e-14
2.440331e-01 5.250003440292e+00 2.562348e+00 2.687656e+00 -3.635980e-15 -2.875478e-14
2.457842e-01 5.250003371284e+00 2.580734e+00 2.669270e+00 -4.010681e-15 -2.475797e-14
2.475336e-01 5.250003302625e+00 2.599103e+00 2.650900e+00 -4.815592e-15 -2.953193e-14
2.492814e-01 5.250003234327e+00 2.617455e+00 2.632548e+00 -4.163336e-15 -2.797762e-14
2.510274e-01 5.250003166400e+00 2.635788e+00 2.614215e+00 -4.066192e-15 -2.886580e-14
2.527715e-01 5.250003098856e+00 2.654101e+00 2.595903e+00 -4.676814e-15 -3.053113e-14
2.545135e-01 5.250003031706e+00 2.672392e+00 2.577611e+00 -4.329870e-15 -2.875478e-14
2.562534e-01 5.250002964963e+00 2.690661e+00 2.559342e+00 -4.302114e-15 -2.520206e-14
2.579911e-01 5.250002898638e+00 2.708907e+00 2.541096e+00 -2.955969e-15 -3.075318e-14
2.597264e-01 5.250002832744e+00 2.727127e+00 2.522875e+00 -4.329870e-15 -3.008704e-14
2.614593e-01 5.250002767293e+00 2.745322e+00 2.504681e+00 -5.703771e-15 -2.919887e-14
2.631895e-01 5.250002702299e+00 2.763490e+00 2.486513e+00 -4.413137e-15 -2.575717e-14
2.649171e-01 5.250002637774e+00 2.781630e+00 2.468373e+00 -3.330669e-15 -2.842171e-14
2.666419e-01 5.250002573731e+00 2.799740e+00 2.450262e+00 -4.982126e-15 -2.975398e-14
2.683639e-01 5.250002510185e+00 2.817821e+00 2.432182e+00 -3.136380e-15 -2.853273e-14
2.700828e-01 5.250002447149e+00 2.835869e+00 2.414133e+00 -4.898859e-15 -3.275158e-14
2.717986e-01 5.250002384637e+00 2.853885e+00 2.396117e+00 -4.760081e-15 -3.119727e-14
2.735112e-01 5.250002322663e+00 2.871868e+00 2.378135e+00 -3.774758e-15 -3.441691e-14
2.752205e-01 5.250002261242e+00 2.889815e+00 2.360187e+00 -4.343748e-15 -2.831069e-14
2.769264e-01 5.250002200389e+00 2.907727e+00 2.342275e+00 -4.746203e-15 -2.753353e-14
2.786288e-01 5.250002140119e+00 2.925602e+00 2.324400e+00 -3.649858e-15 -2.653433e-14
2.803276e-01 5.250002080446e+00 2.943440e+00 2.306563e+00 -4.413137e-15 -2.797762e-14
2.820226e-01 5.250002021386e+00 2.961238e+00 2.288764e+00 -4.204970e-15 -3.053113e-14
2.837139e-01 5.250001962955e+00 2.978996e+00 2.271006e+00 -3.150258e-15 -3.008704e-14
2.854012e-01 5.250001905168e+00 2.996713e+00 2.253289e+00 -3.788636e-15 -2.631229e-14
2.870846e-01 5.250001848042e+00 3.014388e+00 2.235614e+00 -4.815592e-15 -2.675637e-14
2.887638e-01 5.250001791591e+00 3.032020e+00 2.217982e+00 -4.496403e-15 -2.653433e-14
2.904389e-01 5.250001735833e+00 3.049608e+00 2.200393e+00 -5.093148e-15 -2.831069e-14
2.921097e-01 5.250001680784e+00 3.067151e+00 2.182850e+00 -4.704570e-15 -2.331468e-14
2.937761e-01 5.250001626459e+00 3.084649e+00 2.165353e+00 -5.315193e-15 -2.742251e-14
2.954380e-01 5.250001572876e+00 3.102099e+00 2.147903e+00 -4.551914e-15 -2.553513e-14
2.970953e-01 5.250001520050e+00 3.119501e+00 2.130500e+00 -4.635181e-15 -2.919887e-14
2.987481e-01 5.250001467998e+00 3.136855e+00 2.113147e+00 -4.662937e-15 -2.853273e-14
3.003961e-01 5.250001416737e+00 3.154159e+00 2.095843e+00 -5.440093e-15 -3.053113e-14
3.020392e-01 5.250001366282e+00 3.171412e+00 2.078589e+00 -5.079270e-15 -2.775558e-14
3.036775e-01 5.250001316650e+00 3.188614e+00 2.061388e+00 -5.329071e-15 -2.586820e-14
3.053108e-01 5.250001267858e+00 3.205763e+00 2.044238e+00 -3.719247e-15 -2.831069e-14
3.069390e-01 5.250001219920e+00 3.222859e+00 2.027142e+00 -3.025358e-15 -2.753353e-14
3.085620e-01 5.250001172854e+00 3.239901e+00 2.010100e+00 -5.051515e-15 -3.075318e-14
3.101798e-01 5.250001126675e+00 3.256888e+00 1.993113e+00 -3.219647e-15 -2.842171e-14
3.117923e-01 5.250001081398e+00 3.273820e+00 1.976182e+00 -6.161738e-15 -3.042011e-14
3.133995e-01 5.250001037038e+00 3.290694e+00 1.959307e+00 -4.080070e-15 -2.475797e-14
3.150011e-01 5.250000993611e+00 3.307512e+00 1.942489e+00 -4.968248e-15 -2.842171e-14
3.165972e-01 5.250000951131e+00 3.324271e+00 1.925730e+00 -7.743806e-15 -2.731149e-14
3.181877e-01 5.250000909612e+00 3.340971e+00 1.909030e+00 -6.078471e-15 -3.019807e-14
3.197726e-01 5.250000869067e+00 3.357612e+00 1.892389e+00 -4.746203e-15 -2.864375e-14
3.213517e-01 5.250000829512e+00 3.374192e+00 1.875808e+00 -5.245804e-15 -3.141931e-14
3.229249e-01 5.250000790957e+00 3.390712e+00 1.859289e+00 -5.745404e-15 -2.986500e-14
3.244923e-01 5.250000753416e+00 3.407169e+00 1.842832e+00 -5.911938e-15 -2.819966e-14
3.260537e-01 5.250000716901e+00 3.423564e+00 1.826437e+00 -4.912737e-15 -3.030909e-14
3.276091e-01 5.250000681422e+00 3.439896e+00 1.810105e+00 -6.022960e-15 -2.997602e-14
3.291584e-01 5.250000646991e+00 3.456164e+00 1.793837e+00 -5.856426e-15 -3.286260e-14
3.307016e-01 5.250000613617e+00 3.472367e+00 1.777633e+00 -5.218048e-15 -3.075318e-14
3.322386e-01 5.250000581310e+00 3.488506e+00 1.761495e+00 -4.440892e-15 -2.642331e-14
3.337694e-01 5.250000550078e+00 3.504579e+00 1.745422e+00 -3.913536e-15 -3.075318e-14
3.352938e-01 5.250000519929e+00 3.520585e+00 1.729415e+00 -5.967449e-15 -2.720046e-14
3.368119e-01 5.250000490870e+00 3.536525e+00 1.713475e+00 -4.357625e-15 -3.019807e-14
3.383236e-01 5.250000462908e+00 3.552398e+00 1.697603e+00 -5.384582e-15 -3.030909e-14
3.398288e-01 5.250000436046e+00 3.568202e+00 1.681798e+00 -4.718448e-15 -2.675637e-14
3.413275e-01 5.250000410291e+00 3.583938e+00 1.666062e+00 -3.441691e-15 -2.908784e-14
3.428196e-01 5.250000385646e+00 3.599606e+00 1.650395e+00 -4.579670e-15 -3.219647e-14
3.443051e-01 5.250000362112e+00 3.615204e+00 1.634797e+00 -4.163336e-15 -3.286260e-14
3.457840e-01 5.250000339692e+00 3.630732e+00 1.619268e+00 -4.080070e-15 -2.686740e-14
3.472562e-01 5.250000318387e+00 3.646190e+00 1.603810e+00 -5.384582e-15 -2.930989e-14
3.487216e-01 5.250000298195e+00 3.661577e+00 1.588423e+00 -5.134781e-15 -3.430589e-14
3.501803e-01 5.250000279116e+00 3.676893e+00 1.573107e+00 -4.468648e-15 -2.953193e-14
3.516322e-01 5.250000261146e+00 3.692138e+00 1.557862e+00 -5.079270e-15 -2.997602e-14
3.530772e-01 5.250000244283e+00 3.707311e+00 1.542689e+00 -4.135581e-15 -3.075318e-14
3.545154e-01 5.250000228521e+00 3.722411e+00 1.527589e+00 -4.746203e-15 -3.064216e-14
3.559466e-01 5.250000213855e+00 3.737440e+00 1.512561e+00 -5.689893e-15 -3.186340e-14
3.573709e-01 5.250000200278e+00 3.752395e+00 1.497605e+00 -4.357625e-15 -3.042011e-14
3.587883e-01 5.250000187781e+00 3.767277e+00 1.482723e+00 -4.773959e-15 -3.202993e-14
3.601986e-01 5.250000176356e+00 3.782086e+00 1.467915e+00 -5.551115e-15 -2.942091e-14
3.616020e-01 5.250000165991e+00 3.796821e+00 1.453180e+00 -4.607426e-15 -3.047562e-14
3.629982e-01 5.250000156676e+00 3.811482e+00 1.438519e+00 -6.522560e-15 -3.008704e-14
3.643875e-01 5.250000148397e+00 3.826068e+00 1.423932e+00 -6.356027e-15 -3.080869e-14
3.657696e-01 5.250000141141e+00 3.840581e+00 1.409419e+00 -4.718448e-15 -2.997602e-14
3.671446e-01 5.250000134892e+00 3.855019e+00 1.394981e+00 -4.607426e-15 -3.319567e-14
3.685126e-01 5.250000129634e+00 3.869382e+00 1.380618e+00 -5.911938e-15 -3.114176e-14
3.698733e-01 5.250000125350e+00 3.883670e+00 1.366330e+00 -4.773959e-15 -3.080869e-14
3.712269e-01 5.250000122021e+00 3.897883e+00 1.352117e+00 -4.524159e-15 -3.080869e-14
3.725734e-01 5.250000119628e+00 3.912021e+00 1.337979e+00 -5.412337e-15 -3.025358e-14
3.739127e-01 5.250000118148e+00 3.926083e+00 1.323917e+00 -6.078471e-15 -3.153033e-14
3.752448e-01 5.250000117562e+00 3.940070e+00 1.309930e+00 -4.607426e-15 -3.080869e-14
3.765697e-01 5.250000117844e+00 3.953981e+00 1.296019e+00 -5.107026e-15 -3.508305e-14
3.778873e-01 5.250000118972e+00 3.967817e+00 1.282183e+00 -4.884981e-15 -3.230749e-14
3.791978e-01 5.250000120920e+00 3.981577e+00 1.268423e+00 -5.329071e-15 -3.186340e-14
3.805011e-01 5.250000123661e+00 3.995261e+00 1.254739e+00 -3.219647e-15 -3.363976e-14
3.817971e-01 5.250000127168e+00 4.008870e+00 1.241131e+00 -4.107825e-15 -3.164136e-14
3.830859e-01 5.250000131414e+00 4.022402e+00 1.227598e+00 -5.551115e-15 -3.369527e-14
3.843675e-01 5.250000136368e+00 4.035859e+00 1.214141e+00 -2.636780e-15 -3.630429e-14
3.856419e-01 5.250000142001e+00 4.049240e+00 1.200760e+00 -4.163336e-15 -3.580469e-14
3.869090e-01 5.250000148282e+00 4.062545e+00 1.187456e+00 -3.691492e-15 -3.314016e-14
3.881689e-01 5.250000155178e+00 4.075774e+00 1.174226e+00 -5.356826e-15 -3.186340e-14
3.894216e-01 5.250000162657e+00 4.088927e+00 1.161073e+00 -4.829470e-15 -3.325118e-14
3.906671e-01 5.250000170685e+00 4.102004e+00 1.147996e+00 -4.940492e-15 -3.391731e-14
3.919053e-01 5.250000179229e+00 4.115006e+00 1.134994e+00 -3.469447e-15 -3.530509e-14
3.931364e-01 5.250000188252e+00 4.127932e+00 1.122068e+00 -4.968248e-15 -3.375078e-14
3.943602e-01 5.250000197720e+00 4.140782e+00 1.109218e+00 -4.968248e-15 -3.469447e-14
3.955769e-01 5.250000207595e+00 4.153557e+00 1.096443e+00 -5.273559e-15 -3.258505e-14
3.967863e-01 5.250000217842e+00 4.166256e+00 1.083744e+00 -4.884981e-15 -3.369527e-14
3.979886e-01 5.250000228423e+00 4.178880e+00 1.071120e+00 -4.468648e-15 -3.130829e-14
3.991837e-01 5.250000239300e+00 4.191429e+00 1.058571e+00 -5.301315e-15 -3.558265e-14
4.003716e-01 5.250000250435e+00 4.203902e+00 1.046098e+00 -4.524159e-15 -3.202993e-14
4.015524e-01 5.250000261789e+00 4.216300e+00 1.033700e+00 -5.967449e-15 -3.586020e-14
4.027260e-01 5.250000273323e+00 4.228623e+00 1.021377e+00 -4.135581e-15 -3.347322e-14
4.038925e-01 5.250000284997e+00 4.240871e+00 1.009129e+00 -5.467848e-15 -3.452794e-14
4.050518e-01 5.250000296774e+00 4.253044e+00 9.969563e-01 -5.023759e-15 -3.352874e-14
4.062040e-01 5.250000308612e+00 4.265142e+00 9.848580e-01 -5.911938e-15 -3.153033e-14
4.073491e-01 5.250000320472e+00 4.277166e+00 9.728344e-01 -5.856426e-15 -3.319567e-14
4.084871e-01 5.250000332315e+00 4.289115e+00 9.608853e-01 -5.051515e-15 -3.402834e-14
4.096181e-01 5.250000344100e+00 4.300990e+00 9.490107e-01 -4.718448e-15 -3.208545e-14
4.107419e-01 5.250000355788e+00 4.312790e+00 9.372105e-01 -5.356826e-15 -3.369527e-14
4.118587e-01 5.250000367339e+00 4.324516e+00 9.254845e-01 -5.134781e-15 -3.252953e-14
4.129684e-01 5.250000378713e+00 4.336168e+00 9.138327e-01 -4.579670e-15 -3.147482e-14
4.140710e-01 5.250000389872e+00 4.347745e+00 9.022549e-01 -4.996004e-15 -3.119727e-14
4.151666e-01 5.250000400777e+00 4.359249e+00 8.907511e-01 -5.689893e-15 -3.158585e-14
4.162552e-01 5.250000411389e+00 4.370679e+00 8.793212e-01 -4.191092e-15 -3.369527e-14
4.173367e-01 5.250000421669e+00 4.382035e+00 8.679650e-01 -4.829470e-15 -3.363976e-14
4.184112e-01 5.250000431581e+00 4.393318e+00 8.566826e-01 -3.580469e-15 -3.197442e-14
4.194787e-01 5.250000441087e+00 4.404527e+00 8.454737e-01 -4.746203e-15 -3.064216e-14
4.205392e-01 5.250000450150e+00 4.415662e+00 8.343384e-01 -4.246603e-15 -3.369527e-14
4.215927e-01 5.250000458734e+00 4.426724e+00 8.232766e-01 -5.995204e-15 -3.319567e-14
4.226393e-01 5.250000466804e+00 4.437712e+00 8.122883e-01 -5.301315e-15 -3.558265e-14
4.236788e-01 5.250000474326e+00 4.448627e+00 8.013733e-01 -5.023759e-15 -3.125278e-14
4.247113e-01 5.250000481265e+00 4.459469e+00 7.905316e-01 -3.663736e-15 -3.330669e-14
4.257369e-01 5.250000487589e+00 4.470237e+00 7.797632e-01 -4.413137e-15 -3.391731e-14
4.267555e-01 5.250000493267e+00 4.480932e+00 7.690681e-01 -5.634382e-15 -3.130829e-14
4.277671e-01 5.250000498266e+00 4.491554e+00 7.584462e-01 -4.080070e-15 -3.291811e-14
4.287717e-01 5.250000502558e+00 4.502103e+00 7.478976e-01 -4.718448e-15 -3.208545e-14
4.297694e-01 5.250000506112e+00 4.512578e+00 7.374222e-01 -5.329071e-15 -3.236300e-14
4.307600e-01 5.250000508903e+00 4.522980e+00 7.270201e-01 -7.965850e-15 -3.452794e-14
4.317437e-01 5.250000510902e+00 4.533309e+00 7.166913e-01 -4.135581e-15 -3.380629e-14
4.327205e-01 5.250000512086e+00 4.543565e+00 7.064358e-01 -4.801715e-15 -3.264056e-14
4.336902e-01 5.250000512430e+00 4.553747e+00 6.962536e-01 -4.080070e-15 -3.347322e-14
4.346529e-01 5.250000511911e+00 4.563856e+00 6.861449e-01 -3.969047e-15 -3.352874e-14
4.356086e-01 5.250000510508e+00 4.573891e+00 6.761097e-01 -4.551914e-15 -3.291811e-14
4.365574e-01 5.250000508202e+00 4.583852e+00 6.661481e-01 -2.831069e-15 -3.280709e-14
4.374991e-01 5.250000504975e+00 4.593740e+00 6.562602e-01 -6.245005e-15 -3.391731e-14
4.384338e-01 5.250000500810e+00 4.603554e+00 6.464460e-01 -4.579670e-15 -3.436140e-14
4.393614e-01 5.250000495691e+00 4.613295e+00 6.367058e-01 -5.107026e-15 -3.474998e-14
4.402820e-01 5.250000489606e+00 4.622961e+00 6.270397e-01 -6.161738e-15 -3.486100e-14
4.411955e-01 5.250000482543e+00 4.632553e+00 6.174477e-01 -5.384582e-15 -3.547163e-14
4.421019e-01 5.250000474492e+00 4.642070e+00 6.079302e-01 -6.522560e-15 -3.330669e-14
4.430013e-01 5.250000465445e+00 4.651513e+00 5.984872e-01 -4.773959e-15 -3.447242e-14
4.438935e-01 5.250000455395e+00 4.660882e+00 5.891189e-01 -5.329071e-15 -3.330669e-14
4.447786e-01 5.250000444338e+00 4.670175e+00 5.798256e-01 -5.329071e-15 -3.413936e-14
4.456565e-01 5.250000432271e+00 4.679393e+00 5.706076e-01 -5.356826e-15 -3.375078e-14
4.465272e-01 5.250000419194e+00 4.688536e+00 5.614649e-01 -6.245005e-15 -3.447242e-14
4.473907e-01 5.250000405107e+00 4.697603e+00 5.523979e-01 -5.606626e-15 -3.330669e-14
4.482470e-01 5.250000390015e+00 4.706594e+00 5.434068e-01 -5.606626e-15 -3.530509e-14
4.490960e-01 5.250000373922e+00 4.715508e+00 5.344920e-01 -4.912737e-15 -3.375078e-14
4.499378e-01 5.250000356835e+00 4.724347e+00 5.256537e-01 -5.995204e-15 -3.241851e-14
4.507722e-01 5.250000338763e+00 4.733108e+00 5.168922e-01 -5.606626e-15 -3.225198e-14
4.515993e-01 5.250000319719e+00 4.741793e+00 5.082078e-01 -4.940492e-15 -3.380629e-14
4.524190e-01 5.250000299714e+00 4.750399e+00 4.996009e-01 -5.551115e-15 -3.330669e-14
4.532313e-01 5.250000278765e+00 4.758928e+00 4.910719e-01 -5.495604e-15 -3.241851e-14
4.540361e-01 5.250000256889e+00 4.767379e+00 4.826210e-01 -6.716849e-15 -3.425038e-14
4.548335e-01 5.250000234105e+00 4.775752e+00 4.742487e-01 -5.023759e-15 -3.436140e-14
4.556233e-01 5.250000210435e+00 4.784045e+00 4.659553e-01 -5.412337e-15 -3.336220e-14
4.564056e-01 5.250000185903e+00 4.792259e+00 4.577412e-01 -5.884182e-15 -3.402834e-14
4.571803e-01 5.250000160533e+00 4.800393e+00 4.496069e-01 -5.440093e-15 -3.369527e-14
4.579474e-01 5.250000134355e+00 4.808447e+00 4.415528e-01 -6.217249e-15 -3.302913e-14
4.587068e-01 5.250000107397e+00 4.816421e+00 4.335792e-01 -5.606626e-15 -3.280709e-14
4.594584e-01 5.250000079690e+00 4.824313e+00 4.256867e-01 -5.273559e-15 -3.486100e-14
4.602023e-01 5.250000051270e+00 4.832124e+00 4.178756e-01 -5.162537e-15 -3.458345e-14
4.609384e-01 5.250000022170e+00 4.839854e+00 4.101465e-01 -6.883383e-15 -3.491651e-14
4.616667e-01 5.249999992428e+00 4.847500e+00 4.024998e-01 -4.385381e-15 -3.419487e-14
4.623870e-01 5.249999962084e+00 4.855064e+00 3.949360e-01 -6.522560e-15 -3.413936e-14
4.630995e-01 5.249999931177e+00 4.862544e+00 3.874555e-01 -6.272760e-15 -3.552714e-14
4.638039e-01 5.249999899751e+00 4.869941e+00 3.800588e-01 -5.856426e-15 -3.502754e-14
4.645003e-01 5.249999867850e+00 4.877253e+00 3.727465e-01 -6.356027e-15 -3.441691e-14
4.651886e-01 5.249999835518e+00 4.884481e+00 3.655190e-01 -7.438494e-15 -3.408385e-14
4.658688e-01 5.249999802804e+00 4.891623e+00 3.583769e-01 -8.687495e-15 -3.436140e-14
4.665409e-01 5.249999769755e+00 4.898679e+00 3.513206e-01 -6.217249e-15 -3.397282e-14
4.672047e-01 5.249999736422e+00 4.905649e+00 3.443506e-01 -6.133982e-15 -3.497203e-14
4.678602e-01 5.249999702855e+00 4.912532e+00 3.374675e-01 -5.967449e-15 -3.369527e-14
4.685074e-01 5.249999669106e+00 4.919328e+00 3.306718e-01 -6.245005e-15 -3.497203e-14
4.691463e-01 5.249999635229e+00 4.926036e+00 3.239639e-01 -7.716050e-15 -3.314016e-14
4.697767e-01 5.249999601276e+00 4.932655e+00 3.173445e-01 -6.161738e-15 -3.436140e-14
4.703986e-01 5.249999567303e+00 4.939186e+00 3.108139e-01 -6.716849e-15 -3.380629e-14
4.710121e-01 5.249999533365e+00 4.945627e+00 3.043727e-01 -7.133183e-15 -3.413936e-14
4.716170e-01 5.249999499518e+00 4.951978e+00 2.980214e-01 -7.632783e-15 -3.408385e-14
4.722132e-01 5.249999465817e+00 4.958239e+00 2.917606e-01 -7.743806e-15 -3.474998e-14
4.728008e-01 5.249999432319e+00 4.964409e+00 2.855906e-01 -6.439294e-15 -3.363976e-14
4.733798e-01 5.249999399081e+00 4.970487e+00 2.795120e-01 -5.745404e-15 -3.502754e-14
4.739499e-01 5.249999366157e+00 4.976474e+00 2.735253e-01 -7.965850e-15 -3.508305e-14
4.745113e-01 5.249999333605e+00 4.982368e+00 2.676309e-01 -8.743006e-15 -3.536060e-14
4.750638e-01 5.249999301480e+00 4.988170e+00 2.618294e-01 -7.216450e-15 -3.502754e-14
4.756074e-01 5.249999269837e+00 4.993878e+00 2.561211e-01 -7.993606e-15 -3.402834e-14
4.761422e-01 5.249999238730e+00 4.999493e+00 2.505065e-01 -8.326673e-15 -3.480549e-14
4.766679e-01 5.249999208212e+00 5.005013e+00 2.449860e-01 -8.243406e-15 -3.547163e-14
4.771847e-01 5.249999178337e+00 5.010439e+00 2.395602e-01 -7.938095e-15 -3.563816e-14
4.776924e-01 5.249999149155e+00 5.015770e+00 2.342293e-01 -8.187895e-15 -3.513856e-14
4.781910e-01 5.249999120716e+00 5.021005e+00 2.289937e-01 -9.547918e-15 -3.524958e-14
4.786805e-01 5.249999093068e+00 5.026145e+00 2.238540e-01 -8.160139e-15 -3.647083e-14
4.791608e-01 5.249999066257e+00 5.031189e+00 2.188103e-01 -7.188694e-15 -3.494427e-14
4.796320e-01 5.249999040328e+00 5.036136e+00 2.138632e-01 -7.466250e-15 -3.450018e-14
4.800939e-01 5.249999015323e+00 5.040986e+00 2.090128e-01 -8.965051e-15 -3.574918e-14
4.805466e-01 5.249998991283e+00 5.045739e+00 2.042596e-01 -8.215650e-15 -3.599898e-14
4.809900e-01 5.249998968244e+00 5.050395e+00 1.996038e-01 -7.716050e-15 -3.591571e-14
4.814241e-01 5.249998946241e+00 5.054953e+00 1.950458e-01 -8.465451e-15 -3.677614e-14
4.818489e-01 5.249998925308e+00 5.059413e+00 1.905856e-01 -7.660539e-15 -3.627654e-14
4.822643e-01 5.249998905473e+00 5.063775e+00 1.862238e-01 -8.854029e-15 -3.685940e-14
4.826703e-01 5.249998886762e+00 5.068039e+00 1.819603e-01 -7.244205e-15 -3.666512e-14
4.830670e-01 5.249998869198e+00 5.072203e+00 1.777955e-01 -8.132384e-15 -3.658185e-14
4.834542e-01 5.249998852800e+00 5.076269e+00 1.737296e-01 -8.354428e-15 -3.538836e-14
4.838320e-01 5.249998837584e+00 5.080236e+00 1.697626e-01 -6.994405e-15 -3.563816e-14
4.842004e-01 5.249998823563e+00 5.084104e+00 1.658947e-01 -8.437695e-15 -3.694267e-14
4.845593e-01 5.249998810744e+00 5.087873e+00 1.621261e-01 -7.188694e-15 -3.685940e-14
4.849088e-01 5.249998799133e+00 5.091542e+00 1.584569e-01 -7.105427e-15 -3.663736e-14
4.852487e-01 5.249998788728e+00 5.095112e+00 1.548871e-01 -6.605827e-15 -3.713696e-14
4.855792e-01 5.249998779527e+00 5.098582e+00 1.514168e-01 -7.716050e-15 -3.652634e-14
4.859003e-01 5.249998771520e+00 5.101953e+00 1.480460e-01 -6.716849e-15 -3.685940e-14
4.862118e-01 5.249998764696e+00 5.105224e+00 1.447747e-01 -6.772360e-15 -3.697043e-14
4.865139e-01 5.249998759037e+00 5.108396e+00 1.416030e-01 -7.438494e-15 -3.738676e-14
4.868065e-01 5.249998754521e+00 5.111468e+00 1.385307e-01 -6.383782e-15 -3.791412e-14
4.870896e-01 5.249998751123e+00 5.114441e+00 1.355579e-01 -8.604228e-15 -3.722023e-14
4.873633e-01 5.249998748812e+00 5.117314e+00 1.326845e-01 -7.716050e-15 -3.755329e-14
4.876275e-01 5.249998747551e+00 5.120088e+00 1.299104e-01 -7.882583e-15 -3.796963e-14
4.878822e-01 5.249998747302e+00 5.122763e+00 1.272354e-01 -7.105427e-15 -3.735900e-14
4.881275e-01 5.249998748019e+00 5.125339e+00 1.246596e-01 -6.883383e-15 -3.871903e-14
4.883634e-01 5.249998749653e+00 5.127816e+00 1.221826e-01 -5.162537e-15 -3.799738e-14
4.885899e-01 5.249998752149e+00 5.130194e+00 1.198044e-01 -8.326673e-15 -3.802514e-14
4.888070e-01 5.249998755450e+00 5.132474e+00 1.175248e-01 -6.050715e-15 -3.774758e-14
4.890148e-01 5.249998759491e+00 5.134655e+00 1.153435e-01 -8.826273e-15 -3.794187e-14
4.892132e-01 5.249998764205e+00 5.136738e+00 1.132605e-01 -6.938894e-15 -3.830269e-14
4.894022e-01 5.249998769521e+00 5.138723e+00 1.112754e-01 -7.716050e-15 -3.752554e-14
4.895820e-01 5.249998775360e+00 5.140611e+00 1.093880e-01 -6.217249e-15 -3.802514e-14
4.897524e-01 5.249998781643e+00 5.142401e+00 1.075982e-01 -6.328271e-15 -3.838596e-14
4.899136e-01 5.249998788285e+00 5.144093e+00 1.059056e-01 -7.827072e-15 -3.880229e-14
4.900656e-01 5.249998795198e+00 5.145689e+00 1.043099e-01 -7.382983e-15 -3.841372e-14
4.902084e-01 5.249998802288e+00 5.147188e+00 1.028110e-01 -6.550316e-15 -3.830269e-14
4.903419e-01 5.249998809460e+00 5.148590e+00 1.014086e-01 -7.160939e-15 -3.852474e-14
4.904663e-01 5.249998816614e+00 5.149897e+00 1.001023e-01 -7.549517e-15 -3.849698e-14
4.905816e-01 5.249998823648e+00 5.151107e+00 9.889186e-02 -6.772360e-15 -3.869127e-14
4.906878e-01 5.249998830456e+00 5.152222e+00 9.777707e-02 -6.050715e-15 -3.863576e-14
4.907849e-01 5.249998836929e+00 5.153241e+00 9.675761e-02 -6.994405e-15 -3.877454e-14
4.908729e-01 5.249998842956e+00 5.154166e+00 9.583322e-02 -7.827072e-15 -3.888556e-14
4.909519e-01 5.249998848425e+00 5.154995e+00 9.500360e-02 -6.439294e-15 -3.888556e-14
4.910219e-01 5.249998853219e+00 5.155730e+00 9.426851e-02 -5.884182e-15 -3.913536e-14
4.910830e-01 5.249998857223e+00 5.156371e+00 9.362768e-02 -5.828671e-15 -3.921863e-14
4.911350e-01 5.249998860316e+00 5.156918e+00 9.308086e-02 -5.495604e-15 -3.927414e-14
4.911782e-01 5.249998862381e+00 5.157371e+00 9.262781e-02 -5.495604e-15 -3.932965e-14
4.912124e-01 5.249998863297e+00 5.157731e+00 9.226831e-02 -6.772360e-15 -3.932965e-14
4.912378e-01 5.249998862942e+00 5.157997e+00 9.200215e-02 -5.495604e-15 -3.956557e-14
4.912543e-01 5.249998861197e+00 5.158170e+00 9.182912e-02 -5.273559e-15 -3.953782e-14
4.912619e-01 5.249998857940e+00 5.158250e+00 9.174906e-02 -5.884182e-15 -3.955170e-14
4.912607e-01 5.249998853051e+00 5.158237e+00 9.176181e-02 -5.107026e-15 -3.959333e-14
4.912506e-01 5.249998846411e+00 5.158132e+00 9.186723e-02 -6.827872e-15 -3.967660e-14
4.912318e-01 5.249998837902e+00 5.157934e+00 9.206522e-02 -6.494805e-15 -3.970435e-14
4.912041e-01 5.249998827408e+00 5.157643e+00 9.235568e-02 -5.717649e-15 -3.984313e-14
4.911676e-01 5.249998814814e+00 5.157260e+00 9.273856e-02 -7.271961e-15 -3.995415e-14
4.911224e-01 5.249998800010e+00 5.156785e+00 9.321383e-02 -6.550316e-15 -3.999578e-14
4.910683e-01 5.249998782885e+00 5.156217e+00 9.378149e-02 -5.440093e-15 -4.006517e-14
4.910054e-01 5.249998763333e+00 5.155557e+00 9.444158e-02 -8.160139e-15 -4.006517e-14
4.909338e-01 5.249998741253e+00 5.154805e+00 9.519417e-02 -5.606626e-15 -4.020395e-14
4.908533e-01 5.249998716545e+00 5.153959e+00 9.603935e-02 -6.605827e-15 -4.030110e-14
4.907639e-01 5.249998689115e+00 5.153021e+00 9.697727e-02 -5.606626e-15 -4.027334e-14
4.906658e-01 5.249998658874e+00 5.151991e+00 9.800810e-02 -5.884182e-15 -4.050926e-14
4.905587e-01 5.249998625736e+00 5.150867e+00 9.913206e-02 -6.161738e-15 -4.034273e-14
4.904428e-01 5.249998589622e+00 5.149649e+00 1.003494e-01 -6.161738e-15 -4.041212e-14
4.903179e-01 5.249998550458e+00 5.148338e+00 1.016605e-01 -6.328271e-15 -4.067580e-14
4.901841e-01 5.249998508174e+00 5.146933e+00 1.030655e-01 -4.996004e-15 -4.048151e-14
4.900413e-01 5.249998462711e+00 5.145433e+00 1.045650e-01 -3.830269e-15 -4.080764e-14
4.898894e-01 5.249998414011e+00 5.143839e+00 1.061594e-01 -4.551914e-15 -4.065498e-14
4.897285e-01 5.249998362025e+00 5.142149e+00 1.078490e-01 -4.662937e-15 -4.069661e-14
4.895585e-01 5.249998306713e+00 5.140364e+00 1.096345e-01 -5.662137e-15 -4.102274e-14
4.893792e-01 5.249998248038e+00 5.138482e+00 1.115165e-01 -4.496403e-15 -4.067580e-14
4.891907e-01 5.249998185974e+00 5.136503e+00 1.134955e-01 -4.940492e-15 -4.118234e-14
4.889929e-01 5.249998120500e+00 5.134426e+00 1.155721e-01 -7.382983e-15 -4.071743e-14
4.887858e-01 5.249998051605e+00 5.132251e+00 1.177472e-01 -5.051515e-15 -4.075906e-14
4.885692e-01 5.249997979283e+00 5.129976e+00 1.200215e-01 -7.605028e-15 -4.113376e-14
4.883431e-01 5.249997903537e+00 5.127602e+00 1.223958e-01 -5.329071e-15 -4.140091e-14
4.881073e-01 5.249997824380e+00 5.125127e+00 1.248709e-01 -7.382983e-15 -4.091172e-14
4.878619e-01 5.249997741831e+00 5.122550e+00 1.274477e-01 -6.605827e-15 -4.153969e-14
4.876067e-01 5.249997655915e+00 5.119870e+00 1.301273e-01 -6.328271e-15 -4.118927e-14
4.873416e-01 5.249997566669e+00 5.117087e+00 1.329105e-01 -5.662137e-15 -4.181377e-14
4.870666e-01 5.249997474136e+00 5.114199e+00 1.357985e-01 -5.440093e-15 -4.150673e-14
4.867814e-01 5.249997378364e+00 5.111205e+00 1.387922e-01 -6.272760e-15 -4.161602e-14
4.864861e-01 5.249997279414e+00 5.108104e+00 1.418930e-01 -6.827872e-15 -4.133065e-14
4.861805e-01 5.249997177349e+00 5.104895e+00 1.451019e-01 -4.884981e-15 -4.150109e-14
4.858645e-01 5.249997072244e+00 5.101577e+00 1.484201e-01 -3.996803e-15 -4.157438e-14
4.855379e-01 5.249996964176e+00 5.098148e+00 1.518490e-01 -6.161738e-15 -4.185714e-14
4.852007e-01 5.249996853233e+00 5.094607e+00 1.553898e-01 -6.827872e-15 -4.158132e-14
4.848527e-01 5.249996739507e+00 5.090953e+00 1.590438e-01 -4.329870e-15 -4.138530e-14
4.844937e-01 5.249996623096e+00 5.087184e+00 1.628124e-01 -4.218847e-15 -4.134540e-14
4.841238e-01 5.249996504104e+00 5.083299e+00 1.666971e-01 -4.940492e-15 -4.215378e-14
4.837426e-01 5.249996382640e+00 5.079297e+00 1.706993e-01 -4.996004e-15 -4.155010e-14
4.833501e-01 5.249996258818e+00 5.075176e+00 1.748204e-01 -6.217249e-15 -4.159173e-14
4.829461e-01 5.249996132755e+00 5.070934e+00 1.790620e-01 -4.551914e-15 -4.238970e-14
4.825305e-01 5.249996004575e+00 5.066570e+00 1.834256e-01 -4.940492e-15 -4.127254e-14
4.821032e-01 5.249995874400e+00 5.062083e+00 1.879127e-01 -7.105427e-15 -4.125172e-14
4.816639e-01 5.249995742359e+00 5.057471e+00 1.925250e-01 -5.773160e-15 -4.215378e-14
4.812125e-01 5.249995608582e+00 5.052732e+00 1.972640e-01 -5.662137e-15 -4.168194e-14
4.807490e-01 5.249995473198e+00 5.047864e+00 2.021314e-01 -5.717649e-15 -4.167500e-14
4.802730e-01 5.249995336341e+00 5.042867e+00 2.071288e-01 -6.161738e-15 -4.185541e-14
4.797845e-01 5.249995198142e+00 5.037737e+00 2.122579e-01 -5.606626e-15 -4.196643e-14
4.792833e-01 5.249995058733e+00 5.032475e+00 2.175203e-01 -4.884981e-15 -4.261869e-14
4.787693e-01 5.249994918245e+00 5.027077e+00 2.229177e-01 -3.108624e-15 -4.196643e-14
4.782422e-01 5.249994776807e+00 5.021543e+00 2.284519e-01 -6.050715e-15 -4.198031e-14
4.777019e-01 5.249994634548e+00 5.015870e+00 2.341245e-01 -4.773959e-15 -4.157785e-14
4.771483e-01 5.249994491590e+00 5.010057e+00 2.399372e-01 -3.996803e-15 -4.223011e-14
4.765812e-01 5.249994348056e+00 5.004103e+00 2.458918e-01 -5.440093e-15 -4.281298e-14
4.760004e-01 5.249994204064e+00 4.998004e+00 2.519899e-01 -4.551914e-15 -4.242440e-14
4.754058e-01 5.249994059728e+00 4.991761e+00 2.582333e-01 -5.051515e-15 -4.242440e-14
4.747972e-01 5.249993915155e+00 4.985370e+00 2.646237e-01 -3.774758e-15 -4.320155e-14
4.741744e-01 5.249993770451e+00 4.978831e+00 2.711628e-01 -5.995204e-15 -4.246603e-14
4.735373e-01 5.249993625713e+00 4.972141e+00 2.778522e-01 -5.939693e-15 -4.339584e-14
4.728857e-01 5.249993481036e+00 4.965300e+00 2.846937e-01 -5.884182e-15 -4.302114e-14
4.722195e-01 5.249993336505e+00 4.958304e+00 2.916889e-01 -5.551115e-15 -4.322931e-14
4.715384e-01 5.249993192202e+00 4.951154e+00 2.988396e-01 -5.329071e-15 -4.328482e-14
4.708425e-01 5.249993048202e+00 4.943846e+00 3.061473e-01 -4.940492e-15 -4.411749e-14
4.701313e-01 5.249992904574e+00 4.936379e+00 3.136138e-01 -5.273559e-15 -4.368728e-14
4.694050e-01 5.249992761381e+00 4.928752e+00 3.212406e-01 -5.662137e-15 -4.526934e-14
4.686632e-01 5.249992618679e+00 4.920963e+00 3.290294e-01 -6.161738e-15 -4.340972e-14
4.679058e-01 5.249992476522e+00 4.913011e+00 3.369818e-01 -7.049916e-15 -4.471423e-14
4.671327e-01 5.249992334954e+00 4.904893e+00 3.450993e-01 -5.218048e-15 -4.565792e-14
4.663437e-01 5.249992194018e+00 4.896609e+00 3.533836e-01 -7.160939e-15 -4.449219e-14
4.655387e-01 5.249992053751e+00 4.888156e+00 3.618361e-01 -5.273559e-15 -4.501954e-14
4.647175e-01 5.249991914189e+00 4.879533e+00 3.704585e-01 -3.996803e-15 -4.507505e-14
4.638800e-01 5.249991775363e+00 4.870740e+00 3.792521e-01 -5.218048e-15 -4.402034e-14
4.630260e-01 5.249991637302e+00 4.861773e+00 3.882186e-01 -4.940492e-15 -4.490852e-14
4.621554e-01 5.249991500038e+00 4.852632e+00 3.973593e-01 -6.883383e-15 -4.615752e-14
