5.000000e-01 5.250000000000e+00 5.250000e+00 0.000000e+00 -1.137979e-15 0.000000e+00
4.999949e-01 5.249999999932e+00 5.249946e+00 5.359711e-05 -1.360023e-15 -8.239937e-18
4.999796e-01 5.249999999726e+00 5.249786e+00 2.143887e-04 -4.718448e-16 -5.984796e-17
4.999541e-01 5.249999999385e+00 5.249518e+00 4.823756e-04 -1.693090e-15 -4.423545e-17
4.999183e-01 5.249999998907e+00 5.249142e+00 8.575592e-04 -1.137979e-15 2.949030e-17
4.998724e-01 5.249999998293e+00 5.248660e+00 1.339941e-03 -1.415534e-15 -8.673617e-17
4.998162e-01 5.249999997544e+00 5.248070e+00 1.929524e-03 -1.609823e-15 -1.353084e-16
4.997499e-01 5.249999996661e+00 5.247374e+00 2.626312e-03 -1.526557e-15 -6.418477e-17
4.996733e-01 5.249999995644e+00 5.246570e+00 3.430306e-03 -1.665335e-16 -1.318390e-16
4.995865e-01 5.249999994494e+00 5.245658e+00 4.341512e-03 -2.886580e-15 -2.151057e-16
4.994895e-01 5.249999993212e+00 5.244640e+00 5.359934e-03 -8.881784e-16 5.551115e-17
4.993823e-01 5.249999991800e+00 5.243514e+00 6.485577e-03 -1.582068e-15 -2.359224e-16
4.992649e-01 5.249999990258e+00 5.242282e+00 7.718446e-03 -8.326673e-16 -2.844947e-16
4.991373e-01 5.249999988589e+00 5.240941e+00 9.058547e-03 -1.554312e-15 -3.400058e-16
4.989994e-01 5.249999986793e+00 5.239494e+00 1.050589e-02 -8.326673e-17 -2.775558e-16
4.988514e-01 5.249999984873e+00 5.237940e+00 1.206047e-02 -1.665335e-16 -3.400058e-16
4.986931e-01 5.249999982830e+00 5.236278e+00 1.372231e-02 -6.938894e-16 -4.371503e-16
4.985246e-01 5.249999980666e+00 5.234509e+00 1.549140e-02 -5.828671e-16 -4.857226e-16
4.983459e-01 5.249999978384e+00 5.232632e+00 1.736776e-02 -2.886580e-15 -2.567391e-16
4.981570e-01 5.249999975984e+00 5.230649e+00 1.935140e-02 1.665335e-16 -3.816392e-16
4.979579e-01 5.249999973471e+00 5.228558e+00 2.144232e-02 -1.582068e-15 -2.359224e-16
4.977485e-01 5.249999970845e+00 5.226359e+00 2.364054e-02 3.608225e-16 -5.551115e-17
4.975289e-01 5.249999968110e+00 5.224054e+00 2.594605e-02 -4.440892e-16 -4.996004e-16
4.972992e-01 5.249999965268e+00 5.221641e+00 2.835887e-02 -1.637579e-15 -2.914335e-16
4.970591e-01 5.249999962322e+00 5.219121e+00 3.087901e-02 -1.387779e-15 -6.938894e-17
4.968089e-01 5.249999959274e+00 5.216493e+00 3.350648e-02 1.165734e-15 -5.759282e-16
4.965484e-01 5.249999956129e+00 5.213759e+00 3.624129e-02 7.771561e-16 -6.938894e-18
4.962778e-01 5.249999952889e+00 5.210917e+00 3.908343e-02 3.608225e-16 -4.996004e-16
4.959969e-01 5.249999949557e+00 5.207967e+00 4.203294e-02 9.714451e-16 -3.191891e-16
4.957057e-01 5.249999946136e+00 5.204910e+00 4.508981e-02 -1.693090e-15 -9.020562e-17
4.954044e-01 5.249999942631e+00 5.201746e+00 4.825404e-02 7.216450e-16 -7.355228e-16
4.950928e-01 5.249999939044e+00 5.198474e+00 5.152566e-02 -1.609823e-15 -3.608225e-16
4.947710e-01 5.249999935380e+00 5.195095e+00 5.490467e-02 -1.332268e-15 -4.718448e-16
4.944389e-01 5.249999931642e+00 5.191609e+00 5.839108e-02 -5.273559e-16 -7.494005e-16
4.940967e-01 5.249999927834e+00 5.188015e+00 6.198489e-02 -9.159340e-16 -1.082467e-15
4.937442e-01 5.249999923960e+00 5.184314e+00 6.568611e-02 -1.110223e-15 -5.551115e-16
4.933814e-01 5.249999920024e+00 5.180505e+00 6.949475e-02 -1.942890e-16 -4.024558e-16
4.930085e-01 5.249999916031e+00 5.176589e+00 7.341081e-02 -1.665335e-16 -8.881784e-16
4.926253e-01 5.249999911985e+00 5.172566e+00 7.743431e-02 -1.859624e-15 -1.110223e-16
4.922319e-01 5.249999907891e+00 5.168435e+00 8.156524e-02 -1.554312e-15 -7.494005e-16
4.918282e-01 5.249999903753e+00 5.164196e+00 8.580361e-02 -1.137979e-15 -7.355228e-16
4.914143e-01 5.249999899575e+00 5.159850e+00 9.014942e-02 -2.386980e-15 -4.163336e-16
4.909902e-01 5.249999895363e+00 5.155397e+00 9.460268e-02 -2.275957e-15 -3.191891e-16
4.905559e-01 5.249999891122e+00 5.150837e+00 9.916339e-02 -3.330669e-16 -9.992007e-16
4.901113e-01 5.249999886856e+00 5.146168e+00 1.038315e-01 1.026956e-15 -7.910339e-16
4.896565e-01 5.249999882571e+00 5.141393e+00 1.086071e-01 -1.720846e-15 -8.187895e-16
4.891914e-01 5.249999878272e+00 5.136510e+00 1.134902e-01 -4.440892e-16 -7.077672e-16
4.887161e-01 5.249999873964e+00 5.131519e+00 1.184807e-01 -6.661338e-16 -1.054712e-15
4.882306e-01 5.249999869653e+00 5.126421e+00 1.235786e-01 -1.110223e-15 -1.387779e-16
4.877348e-01 5.249999865345e+00 5.121216e+00 1.287840e-01 1.942890e-16 1.942890e-16
4.872289e-01 5.249999861044e+00 5.115903e+00 1.340968e-01 5.551115e-17 -9.298118e-16
4.867127e-01 5.249999856756e+00 5.110483e+00 1.395170e-01 -1.582068e-15 -8.743006e-16
4.861862e-01 5.249999852489e+00 5.104955e+00 1.450446e-01 -1.276756e-15 -3.608225e-16
4.856495e-01 5.249999848246e+00 5.099320e+00 1.506797e-01 2.775558e-16 -6.800116e-16
4.851026e-01 5.249999844035e+00 5.093578e+00 1.564221e-01 0.000000e+00 -1.387779e-16
4.845455e-01 5.249999839861e+00 5.087728e+00 1.622719e-01 2.775558e-17 -3.747003e-16
4.839782e-01 5.249999835731e+00 5.081771e+00 1.682290e-01 -2.498002e-16 -9.714451e-16
4.834006e-01 5.249999831651e+00 5.075706e+00 1.742935e-01 -1.942890e-16 -1.484923e-15
4.828128e-01 5.249999827628e+00 5.069535e+00 1.804653e-01 1.137979e-15 -4.302114e-16
4.822148e-01 5.249999823667e+00 5.063255e+00 1.867443e-01 1.665335e-16 -1.443290e-15
4.816066e-01 5.249999819775e+00 5.056869e+00 1.931307e-01 -8.326673e-17 -7.494005e-16
4.809881e-01 5.249999815959e+00 5.050376e+00 1.996243e-01 -1.110223e-15 -1.665335e-16
4.803595e-01 5.249999812226e+00 5.043775e+00 2.062250e-01 -1.304512e-15 -4.163336e-16
4.797206e-01 5.249999808582e+00 5.037067e+00 2.129330e-01 3.053113e-16 -1.137979e-15
4.790716e-01 5.249999805034e+00 5.030252e+00 2.197481e-01 1.693090e-15 -8.326673e-17
4.784123e-01 5.249999801590e+00 5.023330e+00 2.266703e-01 -7.494005e-16 -5.551115e-16
4.777429e-01 5.249999798255e+00 5.016300e+00 2.336995e-01 -1.471046e-15 1.110223e-16
4.770632e-01 5.249999795038e+00 5.009164e+00 2.408358e-01 -6.383782e-16 -1.165734e-15
4.763734e-01 5.249999791945e+00 5.001921e+00 2.480790e-01 1.221245e-15 -2.498002e-16
4.756734e-01 5.249999788983e+00 4.994571e+00 2.554291e-01 1.415534e-15 -2.498002e-16
4.749632e-01 5.249999786160e+00 4.987114e+00 2.628861e-01 -2.775558e-16 -2.220446e-16
4.742428e-01 5.249999783483e+00 4.979550e+00 2.704499e-01 -8.326673e-16 -5.551115e-16
4.735123e-01 5.249999780959e+00 4.971879e+00 2.781205e-01 -8.326673e-17 -1.360023e-15
4.727716e-01 5.249999778596e+00 4.964102e+00 2.858977e-01 -6.383782e-16 -1.332268e-15
4.720208e-01 5.249999776401e+00 4.956218e+00 2.937815e-01 1.165734e-15 -8.604228e-16
4.712598e-01 5.249999774382e+00 4.948228e+00 3.017719e-01 -1.193490e-15 -2.248202e-15
4.704887e-01 5.249999772546e+00 4.940131e+00 3.098687e-01 1.637579e-15 -1.637579e-15
4.697074e-01 5.249999770901e+00 4.931928e+00 3.180719e-01 4.440892e-16 -1.026956e-15
4.689160e-01 5.249999769454e+00 4.923618e+00 3.263814e-01 -6.383782e-16 -4.996004e-16
4.681145e-01 5.249999768214e+00 4.915203e+00 3.347971e-01 -2.220446e-16 -2.775558e-17
4.673029e-01 5.249999767188e+00 4.906681e+00 3.433190e-01 -6.106227e-16 -1.165734e-15
4.664812e-01 5.249999766383e+00 4.898053e+00 3.519468e-01 -5.273559e-16 -1.110223e-15
4.656494e-01 5.249999765808e+00 4.889319e+00 3.606806e-01 2.775558e-17 -5.828671e-16
4.648076e-01 5.249999765470e+00 4.880480e+00 3.695202e-01 1.665335e-16 2.220446e-16
4.639556e-01 5.249999765377e+00 4.871534e+00 3.784655e-01 -4.718448e-16 -5.551115e-17
4.630937e-01 5.249999765538e+00 4.862483e+00 3.875164e-01 -2.137179e-15 -8.881784e-16
4.622216e-01 5.249999765959e+00 4.853327e+00 3.966727e-01 9.159340e-16 -3.885781e-16
4.613396e-01 5.249999766649e+00 4.844065e+00 4.059344e-01 -3.136380e-15 -1.942890e-16
4.604475e-01 5.249999767615e+00 4.834698e+00 4.153013e-01 -9.992007e-16 2.775558e-16
4.595454e-01 5.249999768866e+00 4.825227e+00 4.247733e-01 -4.996004e-16 -2.053913e-15
4.586333e-01 5.249999770410e+00 4.815650e+00 4.343502e-01 -1.332268e-15 -1.748601e-15
4.577112e-01 5.249999772254e+00 4.805968e+00 4.440319e-01 1.942890e-16 -1.304512e-15
4.567792e-01 5.249999774407e+00 4.796182e+00 4.538182e-01 -1.110223e-15 -8.881784e-16
4.558372e-01 5.249999776875e+00 4.786291e+00 4.637090e-01 -8.326673e-16 -1.887379e-15
4.548853e-01 5.249999779668e+00 4.776296e+00 4.737041e-01 -1.748601e-15 -1.471046e-15
4.539235e-01 5.249999782793e+00 4.766196e+00 4.838033e-01 -7.494005e-16 -1.609823e-15
4.529517e-01 5.249999786257e+00 4.755993e+00 4.940065e-01 -2.192690e-15 -5.551115e-16
4.519701e-01 5.249999790070e+00 4.745686e+00 5.043135e-01 -2.137179e-15 -2.164935e-15
4.509786e-01 5.249999794238e+00 4.735276e+00 5.147241e-01 -1.554312e-15 -2.164935e-15
4.499773e-01 5.249999798770e+00 4.724762e+00 5.252380e-01 -1.776357e-15 -1.249001e-15
4.489662e-01 5.249999803672e+00 4.714145e+00 5.358552e-01 -1.387779e-15 -2.220446e-15
4.479452e-01 5.249999808954e+00 4.703424e+00 5.465754e-01 -2.914335e-15 -1.193490e-15
4.469144e-01 5.249999814622e+00 4.692602e+00 5.573983e-01 -1.526557e-15 -1.137979e-15
4.458739e-01 5.249999820685e+00 4.681676e+00 5.683237e-01 -1.748601e-15 1.110223e-16
4.448236e-01 5.249999827149e+00 4.670648e+00 5.793515e-01 -8.326673e-16 -1.720846e-15
4.437637e-01 5.249999834023e+00 4.659518e+00 5.904814e-01 -1.582068e-15 -7.216450e-16
4.426940e-01 5.249999841314e+00 4.648287e+00 6.017131e-01 -2.331468e-15 -1.165734e-15
4.416146e-01 5.249999849029e+00 4.636953e+00 6.130464e-01 -1.554312e-15 -6.106227e-16
4.405256e-01 5.249999857176e+00 4.625519e+00 6.244810e-01 -2.997602e-15 -9.992007e-16
4.394270e-01 5.249999865763e+00 4.613983e+00 6.360167e-01 -2.220446e-15 -3.108624e-15
4.383187e-01 5.249999874795e+00 4.602347e+00 6.476532e-01 -1.443290e-15 -1.387779e-15
4.372009e-01 5.249999884282e+00 4.590610e+00 6.593902e-01 -1.554312e-15 -8.326673e-16
4.360736e-01 5.249999894229e+00 4.578773e+00 6.712274e-01 -3.635980e-15 -2.442491e-15
4.349367e-01 5.249999904644e+00 4.566835e+00 6.831645e-01 -3.802514e-15 -2.581269e-15
4.337903e-01 5.249999915533e+00 4.554799e+00 6.952013e-01 -2.220446e-16 -2.303713e-15
4.326345e-01 5.249999926904e+00 4.542663e+00 7.073373e-01 -2.470246e-15 -2.109424e-15
4.314693e-01 5.249999938763e+00 4.530428e+00 7.195724e-01 -1.915135e-15 -1.998401e-15
4.302946e-01 5.249999951118e+00 4.518094e+00 7.319061e-01 -8.326673e-16 -3.191891e-15
4.291106e-01 5.249999963973e+00 4.505662e+00 7.443382e-01 -2.414735e-15 -4.746203e-15
4.279173e-01 5.249999977337e+00 4.493132e+00 7.568682e-01 -2.470246e-15 -2.498002e-15
4.267147e-01 5.249999991215e+00 4.480504e+00 7.694959e-01 -1.609823e-15 -5.495604e-15
4.255028e-01 5.250000005613e+00 4.467779e+00 7.822208e-01 -2.053913e-15 -5.273559e-15
4.242817e-01 5.250000020539e+00 4.454957e+00 7.950426e-01 -2.720046e-15 -5.162537e-15
4.230513e-01 5.250000035996e+00 4.442039e+00 8.079609e-01 -5.551115e-16 -8.326673e-16
4.218119e-01 5.250000051992e+00 4.429025e+00 8.209754e-01 -3.858025e-15 -3.885781e-16
4.205633e-01 5.250000068533e+00 4.415914e+00 8.340856e-01 -2.331468e-15 -2.942091e-15
4.193056e-01 5.250000085623e+00 4.402709e+00 8.472911e-01 -2.553513e-15 -1.776357e-15
4.180389e-01 5.250000103268e+00 4.389409e+00 8.605915e-01 -1.249001e-15 -4.385381e-15
4.167632e-01 5.250000121474e+00 4.376014e+00 8.739864e-01 -2.414735e-15 -5.551115e-17
4.154786e-01 5.250000140246e+00 4.362525e+00 8.874753e-01 -3.191891e-15 -5.107026e-15
4.141850e-01 5.250000159589e+00 4.348942e+00 9.010579e-01 -4.163336e-15 -3.441691e-15
4.128825e-01 5.250000179507e+00 4.335267e+00 9.147336e-01 -1.054712e-15 -2.775558e-15
4.115713e-01 5.250000200006e+00 4.321498e+00 9.285020e-01 -2.386980e-15 -5.662137e-15
4.102512e-01 5.250000221089e+00 4.307638e+00 9.423626e-01 -4.246603e-15 -4.496403e-15
4.089224e-01 5.250000242762e+00 4.293685e+00 9.563150e-01 -1.998401e-15 -2.997602e-15
4.075849e-01 5.250000265029e+00 4.279642e+00 9.703586e-01 -3.136380e-15 -2.664535e-15
4.062388e-01 5.250000287893e+00 4.265507e+00 9.844929e-01 -3.275158e-15 -2.220446e-15
4.048841e-01 5.250000311359e+00 4.251283e+00 9.987175e-01 -2.914335e-15 -2.942091e-15
4.035208e-01 5.250000335429e+00 4.236968e+00 1.013032e+00 -2.609024e-15 -5.495604e-15
4.021490e-01 5.250000360109e+00 4.222565e+00 1.027435e+00 -2.192690e-15 -2.609024e-15
4.007688e-01 5.250000385401e+00 4.208073e+00 1.041928e+00 -2.470246e-15 -7.105427e-15
3.993802e-01 5.250000411308e+00 4.193493e+00 1.056508e+00 -4.579670e-15 -7.382983e-15
3.979833e-01 5.250000437833e+00 4.178825e+00 1.071176e+00 -4.052314e-15 -6.272760e-15
3.965781e-01 5.250000464979e+00 4.164070e+00 1.085931e+00 -4.718448e-15 -6.217249e-15
3.951646e-01 5.250000492749e+00 4.149229e+00 1.100772e+00 -2.914335e-15 -2.331468e-15
3.937430e-01 5.250000521145e+00 4.134302e+00 1.115699e+00 -2.831069e-15 -4.107825e-15
3.923133e-01 5.250000550169e+00 4.119289e+00 1.130711e+00 -2.664535e-15 -5.551115e-15
3.908755e-01 5.250000579823e+00 4.104193e+00 1.145808e+00 -3.996803e-15 -4.496403e-15
3.894297e-01 5.250000610109e+00 4.089012e+00 1.160989e+00 -3.969047e-15 -6.827872e-15
3.879760e-01 5.250000641029e+00 4.073747e+00 1.176253e+00 -4.801715e-15 -5.384582e-15
3.865143e-01 5.250000672584e+00 4.058401e+00 1.191600e+00 -1.415534e-15 -5.828671e-15
3.850449e-01 5.250000704774e+00 4.042971e+00 1.207029e+00 -9.992007e-16 -2.775558e-15
3.835677e-01 5.250000737602e+00 4.027461e+00 1.222540e+00 -2.664535e-15 -5.273559e-15
3.820828e-01 5.250000771068e+00 4.011870e+00 1.238131e+00 -4.024558e-15 -6.716849e-15
3.805903e-01 5.250000805171e+00 3.996198e+00 1.253802e+00 -5.079270e-15 -6.938894e-15
3.790903e-01 5.250000839914e+00 3.980448e+00 1.269553e+00 -1.887379e-15 -8.826273e-15
3.775827e-01 5.250000875295e+00 3.964618e+00 1.285383e+00 -4.940492e-15 -5.551115e-15
3.760677e-01 5.250000911314e+00 3.948711e+00 1.301290e+00 -2.969847e-15 -7.882583e-15
3.745454e-01 5.250000947972e+00 3.932726e+00 1.317275e+00 -5.273559e-15 -3.663736e-15
3.730157e-01 5.250000985267e+00 3.916665e+00 1.333336e+00 -4.052314e-15 -5.995204e-15
3.714789e-01 5.250001023199e+00 3.900528e+00 1.349473e+00 -2.248202e-15 -5.218048e-15
3.699348e-01 5.250001061767e+00 3.884316e+00 1.365685e+00 -2.969847e-15 -9.381385e-15
3.683838e-01 5.250001100969e+00 3.868029e+00 1.381972e+00 -3.885781e-15 -8.881784e-15
3.668257e-01 5.250001140804e+00 3.851669e+00 1.398332e+00 -2.164935e-15 -3.608225e-15
3.652606e-01 5.250001181271e+00 3.835237e+00 1.414764e+00 -3.497203e-15 -7.882583e-15
3.636888e-01 5.250001222366e+00 3.818732e+00 1.431269e+00 -3.108624e-15 -5.939693e-15
3.621101e-01 5.250001264090e+00 3.802156e+00 1.447845e+00 -2.137179e-15 -4.607426e-15
3.605248e-01 5.250001306437e+00 3.785510e+00 1.464491e+00 -2.331468e-15 -7.216450e-15
3.589328e-01 5.250001349408e+00 3.768794e+00 1.481207e+00 -3.469447e-15 -8.215650e-15
3.573342e-01 5.250001392997e+00 3.752010e+00 1.497992e+00 -3.219647e-15 -5.273559e-15
3.557292e-01 5.250001437203e+00 3.735157e+00 1.514844e+00 -1.526557e-15 -8.992806e-15
3.541179e-01 5.250001482022e+00 3.718238e+00 1.531764e+00 -3.302913e-15 -7.660539e-15
3.525002e-01 5.250001527451e+00 3.701252e+00 1.548750e+00 -2.831069e-15 -4.551914e-15
3.508763e-01 5.250001573486e+00 3.684201e+00 1.565801e+00 -3.469447e-15 -7.271961e-15
3.492462e-01 5.250001620122e+00 3.667085e+00 1.582916e+00 -3.386180e-15 -7.382983e-15
3.476101e-01 5.250001667356e+00 3.649906e+00 1.600096e+00 -2.609024e-15 -3.830269e-15
3.459680e-01 5.250001715184e+00 3.632664e+00 1.617338e+00 -2.386980e-15 -7.771561e-15
3.443201e-01 5.250001763601e+00 3.615361e+00 1.634641e+00 -2.553513e-15 -4.385381e-15
3.426663e-01 5.250001812601e+00 3.597996e+00 1.652006e+00 -3.164136e-15 -6.661338e-15
3.410068e-01 5.250001862181e+00 3.580571e+00 1.669430e+00 -2.942091e-15 -8.770762e-15
3.393417e-01 5.250001912334e+00 3.563088e+00 1.686914e+00 -1.970646e-15 -5.606626e-15
3.376711e-01 5.250001963056e+00 3.545546e+00 1.704456e+00 -3.025358e-15 -7.160939e-15
3.359950e-01 5.250002014340e+00 3.527947e+00 1.722055e+00 -2.942091e-15 -5.884182e-15
3.343135e-01 5.250002066182e+00 3.510292e+00 1.739710e+00 -1.970646e-15 -7.771561e-15
3.326268e-01 5.250002118574e+00 3.492582e+00 1.757420e+00 -3.747003e-15 -4.551914e-15
3.309350e-01 5.250002171511e+00 3.474817e+00 1.775185e+00 -3.164136e-15 -8.271162e-15
3.292380e-01 5.250002224986e+00 3.456999e+00 1.793003e+00 -2.331468e-15 -3.941292e-15
3.275361e-01 5.250002278993e+00 3.439129e+00 1.810873e+00 -2.248202e-15 -4.718448e-15
3.258293e-01 5.250002333524e+00 3.421207e+00 1.828795e+00 -3.635980e-15 -5.939693e-15
3.241176e-01 5.250002388574e+00 3.403235e+00 1.846767e+00 -4.912737e-15 -4.884981e-15
3.224013e-01 5.250002444134e+00 3.385214e+00 1.864789e+00 -4.496403e-15 -4.163336e-15
3.206804e-01 5.250002500197e+00 3.367144e+00 1.882858e+00 -2.220446e-15 -3.497203e-15
3.189550e-01 5.250002556756e+00 3.349027e+00 1.900976e+00 -3.025358e-15 -6.494805e-15
3.172251e-01 5.250002613803e+00 3.330864e+00 1.919139e+00 -3.497203e-15 -6.217249e-15
3.154910e-01 5.250002671330e+00 3.312655e+00 1.937347e+00 -3.441691e-15 -8.992806e-15
3.137526e-01 5.250002729330e+00 3.294403e+00 1.955600e+00 -2.720046e-15 -1.049161e-14
3.120102e-01 5.250002787793e+00 3.276107e+00 1.973896e+00 -3.941292e-15 -5.107026e-15
3.102637e-01 5.250002846712e+00 3.257769e+00 1.992234e+00 -2.609024e-15 -7.882583e-15
3.085133e-01 5.250002906079e+00 3.239390e+00 2.010613e+00 -3.247402e-15 -5.995204e-15
3.067591e-01 5.250002965884e+00 3.220971e+00 2.029032e+00 -3.635980e-15 -1.071365e-14
3.050012e-01 5.250003026119e+00 3.202513e+00 2.047490e+00 -3.191891e-15 -6.217249e-15
3.032398e-01 5.250003086775e+00 3.184017e+00 2.065986e+00 -2.914335e-15 -7.049916e-15
3.014748e-01 5.250003147843e+00 3.165485e+00 2.084518e+00 -3.969047e-15 -5.884182e-15
2.997064e-01 5.250003209314e+00 3.146917e+00 2.103086e+00 -1.471046e-15 -4.996004e-15
2.979348e-01 5.250003271178e+00 3.128315e+00 2.121688e+00 -3.191891e-15 -5.773160e-15
2.961599e-01 5.250003333426e+00 3.109679e+00 2.140324e+00 -2.609024e-15 -8.715251e-15
2.943820e-01 5.250003396049e+00 3.091011e+00 2.158992e+00 -2.747802e-15 -5.495604e-15
2.926011e-01 5.250003459037e+00 3.072312e+00 2.177692e+00 -2.414735e-15 -1.021405e-14
2.908174e-01 5.250003522381e+00 3.053583e+00 2.196421e+00 -2.775558e-15 -5.551115e-15
2.890309e-01 5.250003586070e+00 3.034824e+00 2.215179e+00 -2.220446e-15 -5.329071e-15
2.872418e-01 5.250003650094e+00 3.016038e+00 2.233965e+00 -2.831069e-15 -8.382184e-15
2.854501e-01 5.250003714445e+00 2.997226e+00 2.252778e+00 -2.192690e-15 -5.440093e-15
2.836560e-01 5.250003779111e+00 2.978388e+00 2.271616e+00 -3.524958e-15 -7.771561e-15
2.818595e-01 5.250003844083e+00 2.959525e+00 2.290479e+00 -3.053113e-15 -1.099121e-14
2.800609e-01 5.250003909349e+00 2.940639e+00 2.309364e+00 -3.552714e-15 -9.769963e-15
2.782602e-01 5.250003974902e+00 2.921732e+00 2.328272e+00 -3.663736e-15 -6.938894e-15
2.764574e-01 5.250004040728e+00 2.902803e+00 2.347201e+00 -4.496403e-15 -6.272760e-15
2.746528e-01 5.250004106820e+00 2.883855e+00 2.366149e+00 -2.553513e-15 -4.884981e-15
2.728465e-01 5.250004173165e+00 2.864888e+00 2.385116e+00 -3.996803e-15 -8.548717e-15
2.710384e-01 5.250004239754e+00 2.845903e+00 2.404101e+00 -2.720046e-15 -7.327472e-15
2.692288e-01 5.250004306576e+00 2.826903e+00 2.423101e+00 -2.081668e-15 -6.217249e-15
2.674178e-01 5.250004373621e+00 2.807887e+00 2.442117e+00 -1.776357e-15 -9.048318e-15
2.656055e-01 5.250004440878e+00 2.788858e+00 2.461147e+00 -2.248202e-15 -3.497203e-15
2.637920e-01 5.250004508336e+00 2.769816e+00 2.480189e+00 -3.302913e-15 -5.828671e-15
2.619773e-01 5.250004575986e+00 2.750762e+00 2.499243e+00 -2.997602e-15 -5.773160e-15
2.601617e-01 5.250004643816e+00 2.731698e+00 2.518307e+00 -2.942091e-15 -5.773160e-15
2.583452e-01 5.250004711815e+00 2.712625e+00 2.537380e+00 -2.997602e-15 -1.038059e-14
2.565280e-01 5.250004779974e+00 2.693544e+00 2.556461e+00 -2.775558e-15 -5.551115e-15
2.547101e-01 5.250004848282e+00 2.674456e+00 2.575549e+00 -3.080869e-15 -7.438494e-15
2.528917e-01 5.250004916728e+00 2.655363e+00 2.594642e+00 -3.108624e-15 -6.716849e-15
2.510728e-01 5.250004985301e+00 2.636265e+00 2.613740e+00 -2.303713e-15 -6.883383e-15
2.492537e-01 5.250005053992e+00 2.617164e+00 2.632841e+00 -3.552714e-15 -4.940492e-15
2.474344e-01 5.250005122789e+00 2.598061e+00 2.651944e+00 -2.997602e-15 -3.608225e-15
2.456150e-01 5.250005191683e+00 2.578957e+00 2.671048e+00 -3.858025e-15 -4.218847e-15
2.437956e-01 5.250005260662e+00 2.559854e+00 2.690151e+00 -3.719247e-15 -6.272760e-15
2.419764e-01 5.250005329717e+00 2.540753e+00 2.709253e+00 -2.914335e-15 -6.106227e-15
2.401575e-01 5.250005398837e+00 2.521654e+00 2.728351e+00 -2.692291e-15 -7.494005e-15
2.383390e-01 5.250005468013e+00 2.502559e+00 2.747446e+00 -1.443290e-15 -6.661338e-15
2.365209e-01 5.250005537233e+00 2.483470e+00 2.766536e+00 -2.831069e-15 -9.714451e-15
2.347035e-01 5.250005606487e+00 2.464387e+00 2.785619e+00 -2.081668e-15 -6.106227e-15
2.328868e-01 5.250005675766e+00 2.445311e+00 2.804694e+00 -3.469447e-15 -7.827072e-15
2.310709e-01 5.250005745060e+00 2.426245e+00 2.823761e+00 -3.219647e-15 -8.215650e-15
2.292560e-01 5.250005814359e+00 2.407188e+00 2.842817e+00 -3.858025e-15 -8.271162e-15
2.274422e-01 5.250005883653e+00 2.388143e+00 2.861863e+00 -2.664535e-15 -7.049916e-15
2.256295e-01 5.250005952932e+00 2.369110e+00 2.880896e+00 -4.163336e-15 -8.715251e-15
2.238182e-01 5.250006022186e+00 2.350091e+00 2.899915e+00 -1.665335e-15 -7.605028e-15
2.220083e-01 5.250006091406e+00 2.331087e+00 2.918919e+00 -2.248202e-15 -5.384582e-15
2.201999e-01 5.250006160583e+00 2.312099e+00 2.937908e+00 -1.859624e-15 -7.882583e-15
2.183931e-01 5.250006229708e+00 2.293127e+00 2.956879e+00 -3.386180e-15 -9.436896e-15
2.165881e-01 5.250006298770e+00 2.274175e+00 2.975831e+00 -4.940492e-15 -5.551115e-15
2.147849e-01 5.250006367761e+00 2.255242e+00 2.994765e+00 -2.359224e-15 -6.050715e-15
2.129838e-01 5.250006436672e+00 2.236330e+00 3.013677e+00 -4.024558e-15 -8.271162e-15
2.111847e-01 5.250006505494e+00 2.217439e+00 3.032567e+00 -3.608225e-15 -6.994405e-15
2.093878e-01 5.250006574218e+00 2.198572e+00 3.051434e+00 -3.247402e-15 -6.328271e-15
2.075933e-01 5.250006642835e+00 2.179730e+00 3.070277e+00 -1.942890e-15 -6.605827e-15
2.058012e-01 5.250006711338e+00 2.160913e+00 3.089094e+00 -3.413936e-15 -5.218048e-15
2.040116e-01 5.250006779717e+00 2.142122e+00 3.107885e+00 -2.803313e-15 -5.995204e-15
2.022247e-01 5.250006847964e+00 2.123360e+00 3.126647e+00 -3.663736e-15 -8.992806e-15
2.004406e-01 5.250006916072e+00 2.104626e+00 3.145381e+00 -1.804112e-15 -9.436896e-15
1.986594e-01 5.250006984032e+00 2.085923e+00 3.164084e+00 -2.192690e-15 -4.551914e-15
1.968811e-01 5.250007051836e+00 2.067252e+00 3.182756e+00 -3.108624e-15 -1.110223e-16
1.951059e-01 5.250007119477e+00 2.048612e+00 3.201395e+00 -2.720046e-15 -5.440093e-15
1.933340e-01 5.250007186947e+00 2.030007e+00 3.220000e+00 -2.636780e-15 -9.325873e-15
1.915654e-01 5.250007254238e+00 2.011437e+00 3.238571e+00 -2.692291e-15 -6.994405e-15
1.898002e-01 5.250007321344e+00 1.992902e+00 3.257105e+00 -2.414735e-15 -6.217249e-15
1.880386e-01 5.250007388257e+00 1.974405e+00 3.275602e+00 -2.636780e-15 -9.658940e-15
1.862806e-01 5.250007454970e+00 1.955946e+00 3.294061e+00 -2.026157e-15 -7.882583e-15
1.845264e-01 5.250007521476e+00 1.937527e+00 3.312481e+00 -2.109424e-15 -5.218048e-15
1.827760e-01 5.250007587770e+00 1.919148e+00 3.330859e+00 -2.720046e-15 -1.054712e-14
1.810296e-01 5.250007653843e+00 1.900811e+00 3.349196e+00 -2.192690e-15 -8.881784e-15
1.792874e-01 5.250007719690e+00 1.882517e+00 3.367490e+00 -2.664535e-15 -9.769963e-15
1.775493e-01 5.250007785305e+00 1.864267e+00 3.385740e+00 -2.220446e-15 -4.107825e-15
1.758155e-01 5.250007850681e+00 1.846063e+00 3.403945e+00 -2.858824e-15 -7.105427e-15
1.740861e-01 5.250007915813e+00 1.827904e+00 3.422104e+00 -1.609823e-15 -7.660539e-15
1.723613e-01 5.250007980695e+00 1.809793e+00 3.440215e+00 -1.776357e-15 -1.776357e-15
1.706410e-01 5.250008045322e+00 1.791731e+00 3.458277e+00 -1.915135e-15 -4.662937e-15
1.689255e-01 5.250008109687e+00 1.773718e+00 3.476290e+00 -2.609024e-15 -5.551115e-15
1.672148e-01 5.250008173786e+00 1.755756e+00 3.494253e+00 -1.332268e-15 -6.994405e-15
1.655091e-01 5.250008237614e+00 1.737845e+00 3.512163e+00 -1.637579e-15 -2.331468e-15
1.638084e-01 5.250008301165e+00 1.719988e+00 3.530021e+00 -1.915135e-15 -4.107825e-15
1.621128e-01 5.250008364435e+00 1.702184e+00 3.547824e+00 -1.748601e-15 -8.104628e-15
1.604225e-01 5.250008427420e+00 1.684436e+00 3.565572e+00 -1.137979e-15 -4.662937e-15
1.587375e-01 5.250008490114e+00 1.666744e+00 3.583265e+00 -1.054712e-15 -4.440892e-15
1.570580e-01 5.250008552514e+00 1.649109e+00 3.600900e+00 -2.609024e-15 -3.552714e-15
1.553840e-01 5.250008614616e+00 1.631532e+00 3.618476e+00 -1.887379e-15 -3.774758e-15
1.537157e-01 5.250008676415e+00 1.614015e+00 3.635994e+00 -1.304512e-15 -3.441691e-15
1.520531e-01 5.250008737908e+00 1.596558e+00 3.653451e+00 -1.804112e-15 1.221245e-15
1.503964e-01 5.250008799091e+00 1.579163e+00 3.670846e+00 -1.471046e-15 -4.218847e-15
1.487457e-01 5.250008859960e+00 1.561830e+00 3.688179e+00 -2.414735e-15 5.551115e-16
1.471010e-01 5.250008920513e+00 1.544560e+00 3.705449e+00 -1.054712e-15 -4.773959e-15
1.454624e-01 5.250008980746e+00 1.527356e+00 3.722653e+00 -1.082467e-15 -4.329870e-15
1.438301e-01 5.250009040655e+00 1.510216e+00 3.739793e+00 -7.216450e-16 -2.664535e-15
1.422042e-01 5.250009100239e+00 1.493144e+00 3.756865e+00 -1.110223e-15 5.551115e-16
1.405847e-01 5.250009159494e+00 1.476139e+00 3.773870e+00 -2.026157e-15 -5.884182e-15
1.389717e-01 5.250009218419e+00 1.459203e+00 3.790806e+00 -1.623701e-15 -4.218847e-15
1.373654e-01 5.250009277009e+00 1.442337e+00 3.807673e+00 -1.415534e-15 -4.662937e-15
1.357658e-01 5.250009335264e+00 1.425541e+00 3.824469e+00 -1.637579e-15 -1.998401e-15
1.341730e-01 5.250009393180e+00 1.408817e+00 3.841193e+00 -1.151856e-15 -1.887379e-15
1.325872e-01 5.250009450757e+00 1.392165e+00 3.857844e+00 -1.026956e-15 -3.441691e-15
1.310083e-01 5.250009507992e+00 1.375587e+00 3.874422e+00 -9.159340e-16 1.443290e-15
1.294366e-01 5.250009564883e+00 1.359084e+00 3.890925e+00 -8.604228e-16 -4.440892e-16
1.278720e-01 5.250009621430e+00 1.342656e+00 3.907353e+00 -8.049117e-16 -1.998401e-15
1.263148e-01 5.250009677629e+00 1.326305e+00 3.923704e+00 -1.665335e-15 -5.107026e-15
1.247649e-01 5.250009733481e+00 1.310032e+00 3.939978e+00 -7.771561e-16 -5.218048e-15
1.232225e-01 5.250009788983e+00 1.293837e+00 3.956173e+00 -1.415534e-15 -5.107026e-15
1.216877e-01 5.250009844136e+00 1.277721e+00 3.972289e+00 -1.360023e-15 -1.998401e-15
1.201606e-01 5.250009898937e+00 1.261686e+00 3.988324e+00 -1.526557e-15 -5.107026e-15
1.186411e-01 5.250009953387e+00 1.245732e+00 4.004278e+00 -1.526557e-15 -5.551115e-16
1.171295e-01 5.250010007484e+00 1.229860e+00 4.020150e+00 -1.831868e-15 -4.440892e-15
1.156258e-01 5.250010061228e+00 1.214071e+00 4.035939e+00 -1.346145e-15 -8.770762e-15
1.141302e-01 5.250010114619e+00 1.198367e+00 4.051643e+00 -2.636780e-16 -5.662137e-15
1.126426e-01 5.250010167655e+00 1.182747e+00 4.067263e+00 -6.938894e-16 6.661338e-16
1.111632e-01 5.250010220338e+00 1.167213e+00 4.082797e+00 -1.124101e-15 -1.443290e-15
1.096920e-01 5.250010272666e+00 1.151766e+00 4.098244e+00 -9.714451e-16 -2.553513e-15
1.082292e-01 5.250010324640e+00 1.136407e+00 4.113603e+00 -1.734723e-15 -4.773959e-15
1.067749e-01 5.250010376260e+00 1.121136e+00 4.128874e+00 -8.187895e-16 6.661338e-16
1.053290e-01 5.250010427526e+00 1.105955e+00 4.144055e+00 -9.575674e-16 1.110223e-15
1.038918e-01 5.250010478439e+00 1.090864e+00 4.159147e+00 -1.637579e-15 -1.221245e-15
1.024632e-01 5.250010528998e+00 1.075864e+00 4.174146e+00 -1.845746e-15 -5.995204e-15
1.010435e-01 5.250010579204e+00 1.060956e+00 4.189054e+00 -1.748601e-15 -1.332268e-15
9.963251e-02 5.250010629058e+00 1.046141e+00 4.203869e+00 -9.575674e-16 -4.551914e-15
9.823049e-02 5.250010678561e+00 1.031420e+00 4.218590e+00 -1.804112e-15 -3.774758e-15
9.683749e-02 5.250010727713e+00 1.016794e+00 4.233217e+00 -1.776357e-15 -1.998401e-15
9.545357e-02 5.250010776515e+00 1.002262e+00 4.247748e+00 -8.743006e-16 -2.331468e-15
9.407882e-02 5.250010824967e+00 9.878276e-01 4.262183e+00 -1.346145e-15 -2.886580e-15
9.271332e-02 5.250010873072e+00 9.734898e-01 4.276521e+00 -1.915135e-15 -3.774758e-15
9.135714e-02 5.250010920829e+00 9.592499e-01 4.290761e+00 -1.471046e-15 -1.887379e-15
9.001036e-02 5.250010968241e+00 9.451088e-01 4.304902e+00 -1.679212e-15 -6.883383e-15
8.867306e-02 5.250011015307e+00 9.310672e-01 4.318944e+00 -1.360023e-15 -5.218048e-15
8.734532e-02 5.250011062030e+00 9.171259e-01 4.332885e+00 -1.304512e-15 -5.884182e-15
8.602721e-02 5.250011108411e+00 9.032857e-01 4.346725e+00 -8.743006e-16 -4.107825e-15
8.471881e-02 5.250011154451e+00 8.895475e-01 4.360464e+00 -1.554312e-15 -4.329870e-15
8.342019e-02 5.250011200152e+00 8.759120e-01 4.374099e+00 -1.443290e-15 -1.443290e-15
8.213142e-02 5.250011245514e+00 8.623799e-01 4.387631e+00 -1.207368e-15 -1.554312e-15
8.085259e-02 5.250011290540e+00 8.489522e-01 4.401059e+00 -1.623701e-15 -8.437695e-15
7.958376e-02 5.250011335231e+00 8.356294e-01 4.414382e+00 -8.743006e-16 -5.107026e-15
7.832500e-02 5.250011379589e+00 8.224125e-01 4.427599e+00 -8.049117e-16 -2.553513e-15
7.707639e-02 5.250011423615e+00 8.093021e-01 4.440709e+00 -1.554312e-15 -7.771561e-15
7.583800e-02 5.250011467312e+00 7.962990e-01 4.453712e+00 -1.484923e-15 -6.883383e-15
7.460990e-02 5.250011510680e+00 7.834040e-01 4.466608e+00 -1.179612e-15 -8.215650e-15
7.339217e-02 5.250011553722e+00 7.706177e-01 4.479394e+00 -4.163336e-16 -5.773160e-15
7.218486e-02 5.250011596439e+00 7.579410e-01 4.492071e+00 -1.498801e-15 -7.771561e-15
7.098805e-02 5.250011638833e+00 7.453746e-01 4.504637e+00 -1.568190e-15 -6.439294e-15
6.980182e-02 5.250011680907e+00 7.329191e-01 4.517093e+00 -2.040035e-15 -3.663736e-15
6.862622e-02 5.250011722662e+00 7.205753e-01 4.529436e+00 -1.290634e-15 -4.662937e-15
6.746132e-02 5.250011764100e+00 7.083439e-01 4.541668e+00 -1.554312e-15 -8.992806e-15
6.630720e-02 5.250011805223e+00 6.962256e-01 4.553786e+00 -1.110223e-15 -5.218048e-15
6.516392e-02 5.250011846034e+00 6.842212e-01 4.565791e+00 -1.360023e-15 -6.994405e-15
6.403155e-02 5.250011886533e+00 6.723312e-01 4.577681e+00 -1.415534e-15 -1.332268e-15
6.291014e-02 5.250011926723e+00 6.605565e-01 4.589455e+00 -1.484923e-15 -3.219647e-15
6.179978e-02 5.250011966607e+00 6.488977e-01 4.601114e+00 -1.346145e-15 -5.218048e-15
6.070051e-02 5.250012006186e+00 6.373554e-01 4.612657e+00 -1.568190e-15 -4.329870e-15
5.961242e-02 5.250012045463e+00 6.259304e-01 4.624082e+00 -1.137979e-15 -8.881784e-15
5.853555e-02 5.250012084439e+00 6.146233e-01 4.635389e+00 -9.436896e-16 1.998401e-15
5.746998e-02 5.250012123117e+00 6.034348e-01 4.646577e+00 -1.249001e-15 -6.883383e-15
5.641576e-02 5.250012161499e+00 5.923655e-01 4.657647e+00 -9.575674e-16 -2.220446e-15
5.537297e-02 5.250012199587e+00 5.814161e-01 4.668596e+00 -1.054712e-15 -5.107026e-15
5.434165e-02 5.250012237383e+00 5.705873e-01 4.679425e+00 -1.734723e-15 -3.219647e-15
5.332188e-02 5.250012274890e+00 5.598797e-01 4.690133e+00 -1.484923e-15 -1.554312e-15
5.231371e-02 5.250012312110e+00 5.492939e-01 4.700718e+00 -1.332268e-15 -5.995204e-15
5.131720e-02 5.250012349045e+00 5.388306e-01 4.711182e+00 -1.568190e-15 -1.554312e-15
5.033242e-02 5.250012385697e+00 5.284904e-01 4.721522e+00 -1.582068e-15 -3.885781e-15
4.935943e-02 5.250012422069e+00 5.182740e-01 4.731738e+00 -1.068590e-15 -1.887379e-15
4.839827e-02 5.250012458163e+00 5.081819e-01 4.741831e+00 -1.013079e-15 -9.992007e-16
4.744902e-02 5.250012493981e+00 4.982147e-01 4.751798e+00 -7.077672e-16 -1.332268e-15
4.651173e-02 5.250012529525e+00 4.883732e-01 4.761639e+00 -1.290634e-15 -1.221245e-15
4.558646e-02 5.250012564799e+00 4.786578e-01 4.771355e+00 -1.360023e-15 -1.554312e-15
4.467326e-02 5.250012599803e+00 4.690692e-01 4.780943e+00 -1.096345e-15 3.663736e-15
4.377219e-02 5.250012634541e+00 4.596080e-01 4.790405e+00 -1.443290e-15 1.443290e-15
4.288332e-02 5.250012669015e+00 4.502748e-01 4.799738e+00 -1.262879e-15 1.110223e-15
4.200668e-02 5.250012703227e+00 4.410702e-01 4.808943e+00 -1.304512e-15 4.440892e-16
4.114235e-02 5.250012737180e+00 4.319947e-01 4.818018e+00 -1.207368e-15 -3.108624e-15
4.029038e-02 5.250012770875e+00 4.230490e-01 4.826964e+00 -8.326673e-16 -1.332268e-15
3.945081e-02 5.250012804316e+00 4.142335e-01 4.835779e+00 -1.415534e-15 3.441691e-15
3.862371e-02 5.250012837504e+00 4.055490e-01 4.844464e+00 -1.040834e-15 -8.881784e-16
3.780913e-02 5.250012870443e+00 3.969959e-01 4.853017e+00 -1.068590e-15 4.107825e-15
3.700713e-02 5.250012903133e+00 3.885748e-01 4.861438e+00 -1.415534e-15 -5.551115e-15
3.621774e-02 5.250012935578e+00 3.802863e-01 4.869727e+00 -1.249001e-15 7.771561e-16
3.544104e-02 5.250012967780e+00 3.721309e-01 4.877882e+00 -1.387779e-15 -1.554312e-15
3.467707e-02 5.250012999741e+00 3.641092e-01 4.885904e+00 -7.494005e-16 3.996803e-15
3.392588e-02 5.250013031464e+00 3.562218e-01 4.893791e+00 -1.165734e-15 1.110223e-16
3.318753e-02 5.250013062950e+00 3.484690e-01 4.901544e+00 -1.082467e-15 1.887379e-15
3.246206e-02 5.250013094202e+00 3.408516e-01 4.909161e+00 -1.262879e-15 1.998401e-15
3.174953e-02 5.250013125222e+00 3.333701e-01 4.916643e+00 -1.207368e-15 -4.551914e-15
3.104999e-02 5.250013156013e+00 3.260248e-01 4.923988e+00 -9.992007e-16 4.440892e-16
3.036348e-02 5.250013186576e+00 3.188165e-01 4.931197e+00 -1.276756e-15 -3.330669e-16
2.969006e-02 5.250013216913e+00 3.117456e-01 4.938268e+00 -4.232725e-16 3.774758e-15
2.902978e-02 5.250013247026e+00 3.048127e-01 4.945201e+00 -9.159340e-16 2.553513e-15
2.838268e-02 5.250013276918e+00 2.980181e-01 4.951995e+00 -1.325329e-15 3.108624e-15
2.774882e-02 5.250013306589e+00 2.913626e-01 4.958651e+00 -1.325329e-15 -4.218847e-15
2.712823e-02 5.250013336043e+00 2.848465e-01 4.965167e+00 -1.290634e-15 4.329870e-15
2.652098e-02 5.250013365279e+00 2.784703e-01 4.971543e+00 -1.200429e-15 -4.662937e-15
2.592711e-02 5.250013394301e+00 2.722347e-01 4.977779e+00 -1.318390e-15 1.887379e-15
2.534666e-02 5.250013423110e+00 2.661400e-01 4.983873e+00 -1.387779e-15 2.220446e-15
2.477969e-02 5.250013451705e+00 2.601867e-01 4.989827e+00 -1.366962e-15 4.662937e-15
2.422623e-02 5.250013480090e+00 2.543754e-01 4.995638e+00 -9.506285e-16 3.108624e-15
2.368633e-02 5.250013508265e+00 2.487065e-01 5.001307e+00 -1.228184e-15 1.110223e-15
2.316005e-02 5.250013536231e+00 2.431805e-01 5.006833e+00 -1.061651e-15 -1.887379e-15
2.264742e-02 5.250013563988e+00 2.377979e-01 5.012216e+00 -1.249001e-15 2.331468e-15
2.214849e-02 5.250013591537e+00 2.325592e-01 5.017454e+00 -1.429412e-15 -5.995204e-15
2.166331e-02 5.250013618879e+00 2.274648e-01 5.022549e+00 -1.131040e-15 2.553513e-15
2.119192e-02 5.250013646013e+00 2.225151e-01 5.027499e+00 -1.179612e-15 -2.775558e-15
2.073436e-02 5.250013672939e+00 2.177108e-01 5.032303e+00 -1.262879e-15 -4.218847e-15
2.029068e-02 5.250013699657e+00 2.130521e-01 5.036962e+00 -1.144917e-15 -3.774758e-15
1.986092e-02 5.250013726166e+00 2.085396e-01 5.041474e+00 -1.228184e-15 1.554312e-15
1.944512e-02 5.250013752466e+00 2.041737e-01 5.045840e+00 -1.207368e-15 -4.773959e-15
1.904333e-02 5.250013778555e+00 1.999549e-01 5.050059e+00 -1.096345e-15 9.992007e-16
1.865558e-02 5.250013804432e+00 1.958836e-01 5.054130e+00 -1.283695e-15 -2.553513e-15
1.828193e-02 5.250013830094e+00 1.919603e-01 5.058054e+00 -1.276756e-15 -5.884182e-15
1.792241e-02 5.250013855541e+00 1.881854e-01 5.061829e+00 -1.131040e-15 3.663736e-15
1.757707e-02 5.250013880768e+00 1.845592e-01 5.065455e+00 -1.186551e-15 2.442491e-15
1.724594e-02 5.250013905774e+00 1.810823e-01 5.068932e+00 -1.353084e-15 2.331468e-15
1.692906e-02 5.250013930554e+00 1.777551e-01 5.072259e+00 -1.110223e-15 -8.881784e-16
1.662648e-02 5.250013955106e+00 1.745780e-01 5.075436e+00 -1.422473e-15 3.441691e-15
1.633823e-02 5.250013979425e+00 1.715514e-01 5.078463e+00 -1.235123e-15 -1.887379e-15
1.606436e-02 5.250014003506e+00 1.686758e-01 5.081338e+00 -1.242062e-15 -2.775558e-15
1.580490e-02 5.250014027345e+00 1.659515e-01 5.084063e+00 -1.332268e-15 -3.774758e-15
1.555989e-02 5.250014050936e+00 1.633789e-01 5.086635e+00 -1.124101e-15 -7.771561e-16
1.532937e-02 5.250014074273e+00 1.609584e-01 5.089056e+00 -1.137979e-15 -8.992806e-15
1.511338e-02 5.250014097349e+00 1.586905e-01 5.091324e+00 -1.020017e-15 2.220446e-15
1.491196e-02 5.250014120158e+00 1.565755e-01 5.093439e+00 -1.214306e-15 -3.774758e-15
1.472513e-02 5.250014142691e+00 1.546139e-01 5.095400e+00 -1.165734e-15 8.881784e-16
1.455294e-02 5.250014164941e+00 1.528059e-01 5.097208e+00 -1.047773e-15 -2.553513e-15
1.439543e-02 5.250014186899e+00 1.511520e-01 5.098862e+00 -1.040834e-15 -7.216450e-15
1.425263e-02 5.250014208556e+00 1.496526e-01 5.100362e+00 -1.193490e-15 -1.665335e-15
1.412457e-02 5.250014229902e+00 1.483080e-01 5.101706e+00 -1.096345e-15 -5.329071e-15
1.401129e-02 5.250014250926e+00 1.471185e-01 5.102896e+00 -1.165734e-15 -3.441691e-15
1.391282e-02 5.250014271618e+00 1.460846e-01 5.103930e+00 -1.141448e-15 -5.440093e-15
1.382920e-02 5.250014291966e+00 1.452066e-01 5.104808e+00 -1.231654e-15 -8.659740e-15
1.376046e-02 5.250014311957e+00 1.444848e-01 5.105530e+00 -1.235123e-15 -4.662937e-15
1.370662e-02 5.250014331579e+00 1.439196e-01 5.106095e+00 -1.249001e-15 -1.776357e-15
1.366774e-02 5.250014350818e+00 1.435112e-01 5.106503e+00 -1.290634e-15 1.665335e-15
1.364382e-02 5.250014369660e+00 1.432601e-01 5.106754e+00 -1.179612e-15 -8.104628e-15
1.363491e-02 5.250014388091e+00 1.431666e-01 5.106848e+00 -1.162265e-15 -3.219647e-15
1.364103e-02 5.250014406095e+00 1.432309e-01 5.106784e+00 -1.033895e-15 -5.662137e-15
1.366222e-02 5.250014423656e+00 1.434533e-01 5.106561e+00 -1.238593e-15 -9.769963e-15
1.369850e-02 5.250014440757e+00 1.438342e-01 5.106180e+00 -1.165734e-15 -3.885781e-15
1.374989e-02 5.250014457383e+00 1.443739e-01 5.105641e+00 -1.144917e-15 -2.109424e-15
1.381644e-02 5.250014473514e+00 1.450726e-01 5.104942e+00 -1.058181e-15 -3.552714e-15
1.389815e-02 5.250014489132e+00 1.459306e-01 5.104084e+00 -9.263423e-16 -7.105427e-15
1.399506e-02 5.250014504219e+00 1.469482e-01 5.103066e+00 -1.089406e-15 -5.107026e-15
1.410720e-02 5.250014518756e+00 1.481256e-01 5.101889e+00 -1.006140e-15 -5.107026e-15
1.423458e-02 5.250014532722e+00 1.494631e-01 5.100551e+00 -9.818535e-16 -3.441691e-15
1.437722e-02 5.250014546097e+00 1.509609e-01 5.099054e+00 -1.051242e-15 -7.216450e-15
1.453516e-02 5.250014558861e+00 1.526192e-01 5.097395e+00 -1.054712e-15 -6.661338e-15
1.470841e-02 5.250014570991e+00 1.544383e-01 5.095576e+00 -9.887924e-16 -5.329071e-15
1.489699e-02 5.250014582467e+00 1.564183e-01 5.093596e+00 -1.061651e-15 -7.660539e-15
1.510091e-02 5.250014593265e+00 1.585596e-01 5.091455e+00 -1.110223e-15 -3.663736e-15
1.532020e-02 5.250014603365e+00 1.608621e-01 5.089152e+00 -1.075529e-15 -7.771561e-15
1.555488e-02 5.250014612742e+00 1.633262e-01 5.086688e+00 -1.007874e-15 -4.218847e-15
1.580495e-02 5.250014621374e+00 1.659520e-01 5.084063e+00 -1.177877e-15 -5.884182e-15
1.607044e-02 5.250014629238e+00 1.687396e-01 5.081275e+00 -9.922618e-16 -5.884182e-15
1.635135e-02 5.250014636310e+00 1.716892e-01 5.078325e+00 -1.162265e-15 -8.437695e-15
1.664771e-02 5.250014642566e+00 1.748009e-01 5.075214e+00 -1.143183e-15 -4.329870e-15
1.695951e-02 5.250014647983e+00 1.780748e-01 5.071940e+00 -1.202163e-15 -6.550316e-15
1.728676e-02 5.250014652537e+00 1.815110e-01 5.068504e+00 -1.065120e-15 -3.330669e-16
1.762949e-02 5.250014656203e+00 1.851096e-01 5.064905e+00 -1.025222e-15 -1.199041e-14
1.798768e-02 5.250014658958e+00 1.888707e-01 5.061144e+00 -9.540979e-16 -6.439294e-15
1.836135e-02 5.250014660779e+00 1.927942e-01 5.057220e+00 -9.679757e-16 -4.662937e-15
1.875051e-02 5.250014661641e+00 1.968803e-01 5.053134e+00 -9.523632e-16 -9.658940e-15
1.915515e-02 5.250014661521e+00 2.011290e-01 5.048886e+00 -1.131907e-15 -7.771561e-15
1.957527e-02 5.250014660396e+00 2.055403e-01 5.044474e+00 -9.263423e-16 -1.143530e-14
2.001087e-02 5.250014658242e+00 2.101142e-01 5.039900e+00 -7.537374e-16 -4.773959e-15
2.046196e-02 5.250014655038e+00 2.148506e-01 5.035164e+00 -9.194034e-16 -9.880985e-15
2.092853e-02 5.250014650760e+00 2.197495e-01 5.030265e+00 -8.352694e-16 -7.771561e-15
2.141056e-02 5.250014645388e+00 2.248109e-01 5.025204e+00 -9.506285e-16 -5.662137e-15
2.190806e-02 5.250014638899e+00 2.300346e-01 5.019980e+00 -5.559789e-16 -1.099121e-14
2.242101e-02 5.250014631273e+00 2.354207e-01 5.014594e+00 -9.775167e-16 -1.276756e-14
2.294941e-02 5.250014622489e+00 2.409688e-01 5.009046e+00 -1.048207e-15 -7.660539e-15
2.349324e-02 5.250014612529e+00 2.466791e-01 5.003336e+00 -1.087455e-15 -5.329071e-15
2.405249e-02 5.250014601374e+00 2.525512e-01 4.997463e+00 -9.343654e-16 -1.121325e-14
2.462714e-02 5.250014589005e+00 2.585850e-01 4.991430e+00 -5.373577e-16 -5.773160e-15
2.521717e-02 5.250014575404e+00 2.647803e-01 4.985234e+00 -1.029721e-15 -7.882583e-15
2.582256e-02 5.250014560557e+00 2.711369e-01 4.978878e+00 -9.532306e-16 -7.993606e-15
2.644330e-02 5.250014544447e+00 2.776547e-01 4.972360e+00 -8.448103e-16 -1.232348e-14
2.707935e-02 5.250014527060e+00 2.843332e-01 4.965681e+00 -1.036497e-15 -8.548717e-15
2.773070e-02 5.250014508382e+00 2.911723e-01 4.958842e+00 -1.109789e-15 -8.659740e-15
2.839731e-02 5.250014488401e+00 2.981717e-01 4.951843e+00 -9.276434e-16 -6.550316e-15
2.907915e-02 5.250014467106e+00 3.053311e-01 4.944683e+00 -1.116295e-15 -8.659740e-15
2.977619e-02 5.250014444486e+00 3.126500e-01 4.937364e+00 -8.508819e-16 -9.992007e-15
3.048840e-02 5.250014420532e+00 3.201283e-01 4.929886e+00 -1.072059e-15 -9.214851e-15
3.121575e-02 5.250014395236e+00 3.277654e-01 4.922249e+00 -5.950102e-16 -1.398881e-14
3.195819e-02 5.250014368592e+00 3.355610e-01 4.914453e+00 -1.112825e-15 -7.993606e-15
3.271569e-02 5.250014340593e+00 3.435147e-01 4.906500e+00 -9.306791e-16 -4.218847e-15
3.348820e-02 5.250014311236e+00 3.516260e-01 4.898388e+00 -5.394990e-16 -1.243450e-14
3.427567e-02 5.250014280518e+00 3.598946e-01 4.890120e+00 -9.020562e-16 -6.550316e-15
3.507807e-02 5.250014248437e+00 3.683198e-01 4.881694e+00 -1.170938e-15 -1.354472e-14
3.589535e-02 5.250014214992e+00 3.769011e-01 4.873113e+00 -1.044304e-15 -6.883383e-15
3.672745e-02 5.250014180185e+00 3.856382e-01 4.864376e+00 -1.033895e-15 -8.104628e-15
3.757432e-02 5.250014144018e+00 3.945303e-01 4.855484e+00 -8.795048e-16 -1.065814e-14
3.843590e-02 5.250014106494e+00 4.035770e-01 4.846437e+00 -7.650131e-16 -1.298961e-14
3.931215e-02 5.250014067618e+00 4.127776e-01 4.837236e+00 -9.350160e-16 -1.054712e-14
4.020300e-02 5.250014027396e+00 4.221315e-01 4.827882e+00 -1.124101e-15 -9.880985e-15
4.110840e-02 5.250013985835e+00 4.316382e-01 4.818376e+00 -8.239937e-16 -1.221245e-14
4.202827e-02 5.250013942945e+00 4.412968e-01 4.808717e+00 -1.018283e-15 -9.880985e-15
4.296255e-02 5.250013898736e+00 4.511068e-01 4.798907e+00 -8.604228e-16 -1.021405e-14
4.391118e-02 5.250013853217e+00 4.610674e-01 4.788946e+00 -9.124645e-16 -1.110223e-14
4.487409e-02 5.250013806403e+00 4.711780e-01 4.778836e+00 -1.061651e-15 -7.660539e-15
4.585121e-02 5.250013758305e+00 4.814377e-01 4.768576e+00 -7.181755e-16 -8.881784e-15
4.684246e-02 5.250013708940e+00 4.918459e-01 4.758168e+00 -1.224715e-15 -1.221245e-14
4.784778e-02 5.250013658322e+00 5.024016e-01 4.747612e+00 -1.103284e-15 -9.325873e-15
4.886707e-02 5.250013606470e+00 5.131042e-01 4.736909e+00 -7.008283e-16 -9.547918e-15
4.990027e-02 5.250013553399e+00 5.239529e-01 4.726061e+00 -9.055257e-16 -9.436896e-15
5.094730e-02 5.250013499130e+00 5.349466e-01 4.715067e+00 -9.124645e-16 -6.772360e-15
5.200806e-02 5.250013443682e+00 5.460847e-01 4.703929e+00 -8.638923e-16 -6.328271e-15
5.308249e-02 5.250013387076e+00 5.573661e-01 4.692647e+00 -4.163336e-16 -1.154632e-14
5.417049e-02 5.250013329333e+00 5.687901e-01 4.681223e+00 -9.332812e-16 -4.884981e-15
5.527197e-02 5.250013270475e+00 5.803557e-01 4.669658e+00 -2.740863e-16 -4.996004e-15
5.638685e-02 5.250013210527e+00 5.920619e-01 4.657951e+00 -1.422473e-16 -5.551115e-15
5.751503e-02 5.250013149510e+00 6.039078e-01 4.646105e+00 -7.216450e-16 -1.121325e-14
5.865642e-02 5.250013087450e+00 6.158924e-01 4.634121e+00 -3.989864e-16 -7.660539e-15
5.981093e-02 5.250013024370e+00 6.280148e-01 4.621998e+00 -7.320533e-16 -1.088019e-14
6.097846e-02 5.250012960297e+00 6.402738e-01 4.609739e+00 -6.487866e-16 -1.332268e-14
6.215892e-02 5.250012895256e+00 6.526686e-01 4.597344e+00 -5.551115e-17 -1.099121e-14
6.335220e-02 5.250012829273e+00 6.651981e-01 4.584815e+00 -6.696033e-16 -9.880985e-15
6.455820e-02 5.250012762375e+00 6.778611e-01 4.572152e+00 -6.904199e-16 -1.232348e-14
6.577683e-02 5.250012694587e+00 6.906567e-01 4.559356e+00 -8.326673e-16 -8.437695e-15
6.700797e-02 5.250012625936e+00 7.035837e-01 4.546429e+00 -2.393918e-16 -7.660539e-15
6.825153e-02 5.250012556449e+00 7.166411e-01 4.533371e+00 -6.314393e-16 -8.881784e-15
6.950740e-02 5.250012486154e+00 7.298277e-01 4.520185e+00 -7.910339e-16 -8.437695e-15
7.077547e-02 5.250012415075e+00 7.431425e-01 4.506870e+00 -7.077672e-16 -6.550316e-15
7.205563e-02 5.250012343241e+00 7.565842e-01 4.493428e+00 -6.314393e-16 -1.887379e-15
7.334778e-02 5.250012270678e+00 7.701517e-01 4.479861e+00 -1.103284e-15 -7.216450e-15
7.465180e-02 5.250012197412e+00 7.838439e-01 4.466168e+00 -2.844947e-16 -1.354472e-14
7.596758e-02 5.250012123469e+00 7.976595e-01 4.452353e+00 -6.314393e-16 -1.099121e-14
7.729500e-02 5.250012048875e+00 8.115975e-01 4.438415e+00 -1.110223e-16 -1.054712e-14
7.863396e-02 5.250011973656e+00 8.256566e-01 4.424355e+00 -5.551115e-16 -1.010303e-14
7.998433e-02 5.250011897835e+00 8.398355e-01 4.410176e+00 -2.498002e-16 -6.883383e-15
8.134601e-02 5.250011821438e+00 8.541331e-01 4.395879e+00 -4.787837e-16 -8.104628e-15
8.271887e-02 5.250011744490e+00 8.685481e-01 4.381464e+00 -9.020562e-17 -5.662137e-15
8.410280e-02 5.250011667013e+00 8.830794e-01 4.366932e+00 -9.020562e-17 -1.143530e-14
8.549767e-02 5.250011589030e+00 8.977256e-01 4.352286e+00 1.387779e-17 -5.329071e-15
8.690338e-02 5.250011510564e+00 9.124855e-01 4.337526e+00 -1.942890e-16 -6.106227e-15
8.831979e-02 5.250011431637e+00 9.273578e-01 4.322654e+00 -3.261280e-16 -9.325873e-15
8.974678e-02 5.250011352270e+00 9.423412e-01 4.307670e+00 -1.200429e-15 -7.216450e-15
9.118424e-02 5.250011272483e+00 9.574345e-01 4.292577e+00 -2.151057e-16 -4.773959e-15
9.263204e-02 5.250011192296e+00 9.726364e-01 4.277375e+00 -2.914335e-16 -3.108624e-15
9.409006e-02 5.250011111728e+00 9.879456e-01 4.262065e+00 2.706169e-16 -7.438494e-15
9.555817e-02 5.250011030799e+00 1.003361e+00 4.246650e+00 -9.714451e-17 -7.771561e-16
9.703625e-02 5.250010949524e+00 1.018881e+00 4.231130e+00 -6.938894e-18 -5.218048e-15
9.852417e-02 5.250010867922e+00 1.034504e+00 4.215507e+00 -8.187895e-16 -1.221245e-14
1.000218e-01 5.250010786008e+00 1.050229e+00 4.199782e+00 -4.163336e-17 -8.659740e-15
1.015290e-01 5.250010703799e+00 1.066055e+00 4.183956e+00 1.387779e-17 -8.437695e-15
1.030457e-01 5.250010621309e+00 1.081980e+00 4.168030e+00 4.857226e-17 -6.439294e-15
1.045718e-01 5.250010538552e+00 1.098004e+00 4.152007e+00 -1.457168e-16 -8.881784e-15
1.061070e-01 5.250010455541e+00 1.114123e+00 4.135887e+00 -2.151057e-16 -9.103829e-15
1.076513e-01 5.250010372290e+00 1.130339e+00 4.119672e+00 4.579670e-16 -6.883383e-15
1.092046e-01 5.250010288810e+00 1.146648e+00 4.103362e+00 -1.075529e-15 -1.032507e-14
1.107667e-01 5.250010205113e+00 1.163050e+00 4.086960e+00 -1.665335e-16 -8.881784e-15
1.123374e-01 5.250010121210e+00 1.179543e+00 4.070467e+00 4.163336e-17 -4.551914e-15
1.139168e-01 5.250010037111e+00 1.196126e+00 4.053884e+00 3.608225e-16 -9.325873e-15
1.155045e-01 5.250009952826e+00 1.212798e+00 4.037212e+00 -2.983724e-16 -9.992007e-15
1.171006e-01 5.250009868363e+00 1.229556e+00 4.020454e+00 -7.840950e-16 -5.218048e-15
1.187048e-01 5.250009783732e+00 1.246400e+00 4.003609e+00 -5.412337e-16 -8.104628e-15
1.203171e-01 5.250009698940e+00 1.263329e+00 3.986680e+00 5.204170e-16 -5.662137e-15
1.219372e-01 5.250009613996e+00 1.280341e+00 3.969669e+00 2.081668e-16 -8.104628e-15
1.235652e-01 5.250009528906e+00 1.297434e+00 3.952575e+00 -2.498002e-16 -6.328271e-15
1.252007e-01 5.250009443677e+00 1.314608e+00 3.935402e+00 -4.024558e-16 -1.454392e-14
1.268438e-01 5.250009358317e+00 1.331860e+00 3.918150e+00 -1.040834e-16 -9.214851e-15
1.284942e-01 5.250009272830e+00 1.349189e+00 3.900820e+00 -7.632783e-17 -4.551914e-15
1.301519e-01 5.250009187223e+00 1.366595e+00 3.883414e+00 -1.457168e-16 -5.773160e-15
1.318167e-01 5.250009101501e+00 1.384075e+00 3.865934e+00 3.955170e-16 -8.215650e-15
1.334884e-01 5.250009015670e+00 1.401628e+00 3.848381e+00 -6.938894e-18 -6.994405e-15
1.351670e-01 5.250008929735e+00 1.419253e+00 3.830756e+00 -5.065393e-16 -1.132427e-14
1.368522e-01 5.250008843702e+00 1.436948e+00 3.813060e+00 2.081668e-16 -7.105427e-15
1.385441e-01 5.250008757574e+00 1.454713e+00 3.795296e+00 -1.026956e-15 -8.326673e-15
1.402423e-01 5.250008671357e+00 1.472544e+00 3.777464e+00 -3.608225e-16 -9.325873e-15
1.419468e-01 5.250008585055e+00 1.490442e+00 3.759567e+00 -3.053113e-16 -9.992007e-15
1.436575e-01 5.250008498673e+00 1.508404e+00 3.741604e+00 -1.110223e-16 -7.105427e-15
1.453742e-01 5.250008412217e+00 1.526430e+00 3.723579e+00 -5.273559e-16 -1.010303e-14
1.470968e-01 5.250008325689e+00 1.544517e+00 3.705492e+00 -4.302114e-16 -8.770762e-15
1.488252e-01 5.250008239096e+00 1.562664e+00 3.687344e+00 -5.273559e-16 -9.880985e-15
1.505591e-01 5.250008152442e+00 1.580871e+00 3.669138e+00 -5.551115e-17 -1.088019e-14
1.522985e-01 5.250008065731e+00 1.599134e+00 3.650874e+00 -3.191891e-16 -6.106227e-15
1.540433e-01 5.250007978969e+00 1.617454e+00 3.632554e+00 6.383782e-16 -4.662937e-15
1.557932e-01 5.250007892160e+00 1.635828e+00 3.614179e+00 1.526557e-16 -8.770762e-15
1.575482e-01 5.250007805311e+00 1.654256e+00 3.595752e+00 1.942890e-16 -4.996004e-15
1.593081e-01 5.250007718425e+00 1.672735e+00 3.577273e+00 1.387779e-17 -7.438494e-15
1.610728e-01 5.250007631509e+00 1.691264e+00 3.558744e+00 -1.262879e-15 -1.110223e-14
1.628421e-01 5.250007544567e+00 1.709842e+00 3.540166e+00 5.551115e-17 -8.437695e-15
1.646159e-01 5.250007457607e+00 1.728467e+00 3.521540e+00 3.747003e-16 -5.107026e-15
1.663941e-01 5.250007370634e+00 1.747138e+00 3.502869e+00 -9.853229e-16 -5.884182e-15
1.681765e-01 5.250007283653e+00 1.765854e+00 3.484154e+00 -1.387779e-17 -1.032507e-14
1.699630e-01 5.250007196672e+00 1.784612e+00 3.465395e+00 6.800116e-16 -1.310063e-14
1.717535e-01 5.250007109696e+00 1.803412e+00 3.446595e+00 2.359224e-16 -9.658940e-15
1.735478e-01 5.250007022733e+00 1.822252e+00 3.427755e+00 3.330669e-16 -8.659740e-15
1.753457e-01 5.250006935789e+00 1.841130e+00 3.408877e+00 6.800116e-16 -7.993606e-15
1.771472e-01 5.250006848872e+00 1.860045e+00 3.389962e+00 2.775558e-17 -1.210143e-14
1.789520e-01 5.250006761989e+00 1.878996e+00 3.371011e+00 -9.714451e-17 -1.043610e-14
1.807601e-01 5.250006675146e+00 1.897981e+00 3.352025e+00 6.800116e-16 -1.110223e-14
1.825713e-01 5.250006588353e+00 1.916999e+00 3.333008e+00 1.318390e-15 -1.432188e-14
1.843855e-01 5.250006501616e+00 1.936048e+00 3.313959e+00 1.665335e-16 -1.010303e-14
1.862025e-01 5.250006414944e+00 1.955127e+00 3.294880e+00 9.436896e-16 -1.043610e-14
1.880223e-01 5.250006328345e+00 1.974234e+00 3.275773e+00 4.440892e-16 -1.176836e-14
1.898445e-01 5.250006241827e+00 1.993367e+00 3.256639e+00 4.024558e-16 -1.088019e-14
1.916692e-01 5.250006155399e+00 2.012527e+00 3.237480e+00 7.355228e-16 -1.354472e-14
1.934962e-01 5.250006069069e+00 2.031710e+00 3.218296e+00 -2.914335e-16 -1.387779e-14
1.953252e-01 5.250005982847e+00 2.050915e+00 3.199091e+00 3.608225e-16 -1.199041e-14
1.971563e-01 5.250005896741e+00 2.070142e+00 3.179864e+00 4.718448e-16 -1.543210e-14
1.989893e-01 5.250005810761e+00 2.089387e+00 3.160618e+00 0.000000e+00 -1.287859e-14
2.008239e-01 5.250005724915e+00 2.108651e+00 3.141354e+00 9.992007e-16 -1.199041e-14
2.026602e-01 5.250005639214e+00 2.127932e+00 3.122074e+00 -5.828671e-16 -1.088019e-14
2.044979e-01 5.250005553666e+00 2.147228e+00 3.102778e+00 1.110223e-16 -8.104628e-15
2.063368e-01 5.250005468282e+00 2.166537e+00 3.083469e+00 -9.714451e-17 -1.076916e-14
2.081770e-01 5.250005383071e+00 2.185858e+00 3.064147e+00 1.124101e-15 -7.771561e-15
2.100182e-01 5.250005298043e+00 2.205191e+00 3.044815e+00 1.415534e-15 -1.187939e-14
2.118602e-01 5.250005213208e+00 2.224532e+00 3.025473e+00 5.551115e-16 -1.043610e-14
2.137030e-01 5.250005128576e+00 2.243882e+00 3.006123e+00 1.026956e-15 -1.043610e-14
2.155464e-01 5.250005044159e+00 2.263238e+00 2.986768e+00 -2.081668e-16 -1.065814e-14
2.173903e-01 5.250004959965e+00 2.282598e+00 2.967407e+00 5.828671e-16 -1.232348e-14
2.192345e-01 5.250004876007e+00 2.301963e+00 2.948042e+00 7.910339e-16 -1.165734e-14
2.210790e-01 5.250004792294e+00 2.321329e+00 2.928676e+00 -5.273559e-16 -7.771561e-15
2.229235e-01 5.250004708837e+00 2.340696e+00 2.909308e+00 2.636780e-16 -1.110223e-14
2.247679e-01 5.250004625648e+00 2.360063e+00 2.889942e+00 5.551115e-17 -1.121325e-14
2.266121e-01 5.250004542737e+00 2.379427e+00 2.870578e+00 6.522560e-16 -6.661338e-15
2.284559e-01 5.250004460117e+00 2.398787e+00 2.851217e+00 1.360023e-15 -1.032507e-14
2.302993e-01 5.250004377798e+00 2.418143e+00 2.831862e+00 4.024558e-16 -1.232348e-14
2.321421e-01 5.250004295792e+00 2.437492e+00 2.812513e+00 -5.134781e-16 -1.088019e-14
2.339841e-01 5.250004214111e+00 2.456833e+00 2.793171e+00 -9.020562e-16 -1.243450e-14
2.358252e-01 5.250004132767e+00 2.476165e+00 2.773839e+00 3.053113e-16 -9.769963e-15
2.376653e-01 5.250004051773e+00 2.495486e+00 2.754518e+00 6.938894e-16 -1.021405e-14
2.395043e-01 5.250003971142e+00 2.514795e+00 2.735209e+00 1.637579e-15 -9.214851e-15
2.413420e-01 5.250003890884e+00 2.534091e+00 2.715913e+00 -2.498002e-16 -1.010303e-14
2.431782e-01 5.250003811015e+00 2.553372e+00 2.696632e+00 -3.053113e-16 -1.165734e-14
2.450130e-01 5.250003731546e+00 2.572636e+00 2.677368e+00 -1.387779e-17 -1.243450e-14
2.468460e-01 5.250003652492e+00 2.591883e+00 2.658120e+00 -8.049117e-16 -1.099121e-14
2.486773e-01 5.250003573866e+00 2.611111e+00 2.638892e+00 -2.220446e-16 -1.132427e-14
2.505066e-01 5.250003495683e+00 2.630319e+00 2.619684e+00 -1.082467e-15 -1.110223e-14
2.523338e-01 5.250003417956e+00 2.649505e+00 2.600498e+00 6.383782e-16 -1.032507e-14
2.541589e-01 5.250003340700e+00 2.668669e+00 2.581335e+00 2.220446e-16 -8.881784e-15
2.559816e-01 5.250003263930e+00 2.687807e+00 2.562196e+00 -3.747003e-16 -1.221245e-14
2.578019e-01 5.250003187661e+00 2.706920e+00 2.543083e+00 6.383782e-16 -9.769963e-15
2.596197e-01 5.250003111909e+00 2.726007e+00 2.523996e+00 6.800116e-16 -1.032507e-14
2.614347e-01 5.250003036690e+00 2.745064e+00 2.504939e+00 4.302114e-16 -7.882583e-15
2.632469e-01 5.250002962020e+00 2.764093e+00 2.485910e+00 -6.106227e-16 -1.132427e-14
2.650562e-01 5.250002887915e+00 2.783090e+00 2.466913e+00 1.304512e-15 -9.880985e-15
2.668624e-01 5.250002814392e+00 2.802055e+00 2.447948e+00 8.187895e-16 -1.276756e-14
2.686654e-01 5.250002741469e+00 2.820987e+00 2.429016e+00 1.249001e-16 -8.215650e-15
2.704651e-01 5.250002669162e+00 2.839884e+00 2.410119e+00 1.457168e-15 -8.548717e-15
2.722614e-01 5.250002597489e+00 2.858745e+00 2.391258e+00 6.245005e-16 -1.043610e-14
2.740541e-01 5.250002526470e+00 2.877568e+00 2.372434e+00 3.053113e-16 -1.088019e-14
2.758432e-01 5.250002456121e+00 2.896354e+00 2.353649e+00 1.387779e-17 -1.254552e-14
2.776285e-01 5.250002386462e+00 2.915099e+00 2.334903e+00 -1.054712e-15 -1.332268e-14
2.794099e-01 5.250002317511e+00 2.933804e+00 2.316198e+00 -1.193490e-15 -9.436896e-15
2.811873e-01 5.250002249288e+00 2.952466e+00 2.297536e+00 -2.775558e-17 -1.143530e-14
2.829605e-01 5.250002181812e+00 2.971086e+00 2.278917e+00 -5.967449e-16 -9.880985e-15
2.847295e-01 5.250002115104e+00 2.989660e+00 2.260342e+00 8.465451e-16 -8.548717e-15
2.864942e-01 5.250002049182e+00 3.008189e+00 2.241813e+00 6.245005e-16 -6.883383e-15
2.882544e-01 5.250001984067e+00 3.026671e+00 2.223331e+00 -6.245005e-16 -1.088019e-14
2.900101e-01 5.250001919779e+00 3.045106e+00 2.204896e+00 6.522560e-16 -8.215650e-15
2.917610e-01 5.250001856339e+00 3.063491e+00 2.186511e+00 -2.498002e-16 -8.770762e-15
2.935072e-01 5.250001793768e+00 3.081826e+00 2.168176e+00 5.412337e-16 -7.882583e-15
2.952485e-01 5.250001732085e+00 3.100110e+00 2.149892e+00 -6.106227e-16 -8.992806e-15
2.969848e-01 5.250001671311e+00 3.118341e+00 2.131661e+00 5.551115e-17 -1.232348e-14
2.987161e-01 5.250001611467e+00 3.136519e+00 2.113483e+00 3.885781e-16 -9.103829e-15
3.004421e-01 5.250001552575e+00 3.154642e+00 2.095360e+00 1.665335e-16 -9.769963e-15
3.021628e-01 5.250001494653e+00 3.172710e+00 2.077292e+00 1.387779e-15 -8.770762e-15
3.038782e-01 5.250001437724e+00 3.190721e+00 2.059280e+00 1.276756e-15 -6.106227e-15
3.055881e-01 5.250001381807e+00 3.208675e+00 2.041327e+00 1.193490e-15 -9.658940e-15
3.072924e-01 5.250001326922e+00 3.226570e+00 2.023432e+00 9.159340e-16 -1.065814e-14
3.089910e-01 5.250001273089e+00 3.244405e+00 2.005596e+00 2.053913e-15 -1.143530e-14
3.106838e-01 5.250001220329e+00 3.262180e+00 1.987821e+00 8.049117e-16 -1.099121e-14
3.123708e-01 5.250001168660e+00 3.279894e+00 1.970107e+00 1.554312e-15 -1.332268e-14
3.140519e-01 5.250001118102e+00 3.297545e+00 1.952456e+00 1.804112e-15 -1.088019e-14
3.157269e-01 5.250001068673e+00 3.315133e+00 1.934868e+00 -6.938894e-16 -5.329071e-15
3.173959e-01 5.250001020391e+00 3.332657e+00 1.917344e+00 -1.110223e-16 -8.215650e-15
3.190586e-01 5.250000973275e+00 3.350115e+00 1.899886e+00 1.665335e-16 -5.107026e-15
3.207151e-01 5.250000927341e+00 3.367508e+00 1.882493e+00 1.859624e-15 -9.769963e-15
3.223652e-01 5.250000882605e+00 3.384834e+00 1.865166e+00 1.609823e-15 -7.549517e-15
3.240089e-01 5.250000839084e+00 3.402093e+00 1.847908e+00 7.771561e-16 -7.438494e-15
3.256460e-01 5.250000796792e+00 3.419283e+00 1.830717e+00 2.609024e-15 -6.994405e-15
3.272766e-01 5.250000755745e+00 3.436405e+00 1.813596e+00 1.887379e-15 -4.662937e-15
3.289006e-01 5.250000715956e+00 3.453456e+00 1.796545e+00 3.885781e-16 -9.436896e-15
3.305178e-01 5.250000677437e+00 3.470437e+00 1.779564e+00 1.665335e-15 -6.328271e-15
3.321282e-01 5.250000640200e+00 3.487346e+00 1.762654e+00 1.554312e-15 -6.550316e-15
3.337318e-01 5.250000604256e+00 3.504184e+00 1.745817e+00 2.636780e-15 -9.769963e-15
3.353285e-01 5.250000569616e+00 3.520949e+00 1.729052e+00 7.494005e-16 -1.021405e-14
3.369181e-01 5.250000536287e+00 3.537641e+00 1.712360e+00 1.637579e-15 -7.882583e-15
3.385008e-01 5.250000504278e+00 3.554258e+00 1.695742e+00 1.637579e-15 -8.881784e-15
3.400763e-01 5.250000473595e+00 3.570801e+00 1.679199e+00 2.969847e-15 -7.549517e-15
3.416447e-01 5.250000444244e+00 3.587270e+00 1.662731e+00 -2.220446e-16 -9.992007e-15
3.432059e-01 5.250000416229e+00 3.603662e+00 1.646338e+00 9.992007e-16 -5.884182e-15
3.447598e-01 5.250000389553e+00 3.619978e+00 1.630022e+00 1.415534e-15 -8.992806e-15
3.463064e-01 5.250000364217e+00 3.636218e+00 1.613783e+00 2.081668e-15 -4.551914e-15
3.478457e-01 5.250000340223e+00 3.652380e+00 1.597620e+00 2.081668e-15 -7.327472e-15
3.493776e-01 5.250000317568e+00 3.668464e+00 1.581536e+00 1.165734e-15 -8.104628e-15
3.509020e-01 5.250000296250e+00 3.684471e+00 1.565530e+00 1.110223e-16 -7.660539e-15
3.524189e-01 5.250000276266e+00 3.700399e+00 1.549602e+00 9.436896e-16 -8.881784e-15
3.539283e-01 5.250000257610e+00 3.716247e+00 1.533753e+00 7.216450e-16 -7.438494e-15
3.554301e-01 5.250000240276e+00 3.732017e+00 1.517984e+00 1.221245e-15 -6.217249e-15
3.569244e-01 5.250000224255e+00 3.747706e+00 1.502294e+00 1.221245e-15 -6.772360e-15
3.584110e-01 5.250000209538e+00 3.763315e+00 1.486685e+00 1.026956e-15 -8.326673e-15
3.598899e-01 5.250000196113e+00 3.778844e+00 1.471156e+00 1.221245e-15 -8.826273e-15
3.613612e-01 5.250000183967e+00 3.794292e+00 1.455708e+00 4.440892e-16 -7.271961e-15
3.628247e-01 5.250000173087e+00 3.809659e+00 1.440341e+00 1.054712e-15 -5.329071e-15
3.642805e-01 5.250000163456e+00 3.824945e+00 1.425055e+00 2.081668e-15 -5.884182e-15
3.657285e-01 5.250000155057e+00 3.840149e+00 1.409851e+00 1.665335e-15 -5.440093e-15
3.671687e-01 5.250000147870e+00 3.855271e+00 1.394729e+00 -5.551115e-17 -4.996004e-15
3.686011e-01 5.250000141876e+00 3.870312e+00 1.379688e+00 2.331468e-15 -8.271162e-15
3.700257e-01 5.250000137052e+00 3.885270e+00 1.364730e+00 1.693090e-15 -7.605028e-15
3.714424e-01 5.250000133375e+00 3.900145e+00 1.349855e+00 5.551115e-16 -8.715251e-15
3.728513e-01 5.250000130819e+00 3.914938e+00 1.335062e+00 1.193490e-15 -7.494005e-15
3.742522e-01 5.250000129359e+00 3.929649e+00 1.320352e+00 6.661338e-16 -7.938095e-15
3.756453e-01 5.250000128965e+00 3.944276e+00 1.305724e+00 8.604228e-16 -5.384582e-15
3.770305e-01 5.250000129609e+00 3.958821e+00 1.291179e+00 7.771561e-16 -1.038059e-14
3.784078e-01 5.250000131260e+00 3.973282e+00 1.276718e+00 -2.775558e-17 -9.547918e-15
3.797772e-01 5.250000133884e+00 3.987661e+00 1.262339e+00 -3.885781e-16 -8.049117e-15
3.811387e-01 5.250000137450e+00 4.001956e+00 1.248044e+00 -1.693090e-15 -8.604228e-15
3.824922e-01 5.250000141921e+00 4.016168e+00 1.233832e+00 5.551115e-16 -6.605827e-15
3.838378e-01 5.250000147261e+00 4.030297e+00 1.219703e+00 1.942890e-16 -8.437695e-15
3.851755e-01 5.250000153433e+00 4.044343e+00 1.205657e+00 -1.693090e-15 -7.216450e-15
3.865053e-01 5.250000160398e+00 4.058305e+00 1.191695e+00 2.775558e-16 -8.992806e-15
3.878271e-01 5.250000168116e+00 4.072184e+00 1.177816e+00 2.386980e-15 -7.105427e-15
3.891410e-01 5.250000176546e+00 4.085980e+00 1.164020e+00 -8.326673e-16 -7.660539e-15
3.904470e-01 5.250000185647e+00 4.099693e+00 1.150307e+00 8.049117e-16 -8.271162e-15
3.917451e-01 5.250000195374e+00 4.113323e+00 1.136677e+00 5.828671e-16 -6.994405e-15
3.930352e-01 5.250000205685e+00 4.126870e+00 1.123130e+00 1.110223e-16 -6.605827e-15
3.943175e-01 5.250000216534e+00 4.140334e+00 1.109667e+00 5.828671e-16 -6.050715e-15
3.955919e-01 5.250000227875e+00 4.153714e+00 1.096286e+00 -3.608225e-16 -4.996004e-15
3.968583e-01 5.250000239663e+00 4.167012e+00 1.082988e+00 9.992007e-16 -6.439294e-15
3.981169e-01 5.250000251850e+00 4.180228e+00 1.069773e+00 7.216450e-16 -6.161738e-15
3.993676e-01 5.250000264388e+00 4.193360e+00 1.056640e+00 -7.771561e-16 -3.386180e-15
4.006105e-01 5.250000277229e+00 4.206410e+00 1.043590e+00 1.054712e-15 -4.496403e-15
4.018455e-01 5.250000290325e+00 4.219378e+00 1.030622e+00 8.326673e-17 -2.386980e-15
4.030727e-01 5.250000303625e+00 4.232263e+00 1.017737e+00 3.053113e-16 -5.717649e-15
4.042920e-01 5.250000317081e+00 4.245066e+00 1.004934e+00 -1.110223e-16 -4.551914e-15
4.055035e-01 5.250000330643e+00 4.257787e+00 9.922132e-01 -3.330669e-16 -7.049916e-15
4.067072e-01 5.250000344260e+00 4.270426e+00 9.795743e-01 -3.608225e-16 -2.386980e-15
4.079032e-01 5.250000357883e+00 4.282983e+00 9.670172e-01 2.498002e-16 -5.329071e-15
4.090913e-01 5.250000371461e+00 4.295459e+00 9.545418e-01 -3.885781e-16 -7.049916e-15
4.102716e-01 5.250000384944e+00 4.307852e+00 9.421481e-01 2.775558e-16 -9.436896e-16
4.114442e-01 5.250000398283e+00 4.320164e+00 9.298359e-01 -5.828671e-16 -5.162537e-15
4.126091e-01 5.250000411428e+00 4.332395e+00 9.176051e-01 -1.942890e-16 -4.496403e-15
4.137662e-01 5.250000424328e+00 4.344545e+00 9.054556e-01 -2.775558e-17 -6.161738e-15
4.149155e-01 5.250000436935e+00 4.356613e+00 8.933872e-01 -1.110223e-15 -4.052314e-15
4.160572e-01 5.250000449200e+00 4.368601e+00 8.813999e-01 3.608225e-16 -2.498002e-15
4.171911e-01 5.250000461074e+00 4.380507e+00 8.694935e-01 6.938894e-16 -4.274359e-15
4.183174e-01 5.250000472511e+00 4.392332e+00 8.576680e-01 -3.885781e-16 -7.160939e-15
4.194359e-01 5.250000483464e+00 4.404077e+00 8.459233e-01 -1.748601e-15 -5.717649e-15
4.205468e-01 5.250000493885e+00 4.415741e+00 8.342592e-01 -7.771561e-16 -3.053113e-15
4.216500e-01 5.250000503729e+00 4.427325e+00 8.226758e-01 -5.273559e-16 -7.271961e-15
4.227455e-01 5.250000512953e+00 4.438828e+00 8.111729e-01 1.137979e-15 -3.996803e-15
4.238333e-01 5.250000521513e+00 4.450250e+00 7.997505e-01 1.110223e-15 -6.050715e-15
4.249135e-01 5.250000529366e+00 4.461592e+00 7.884085e-01 -2.498002e-15 -3.719247e-15
4.259861e-01 5.250000536471e+00 4.472854e+00 7.771469e-01 1.498801e-15 -5.884182e-15
4.270509e-01 5.250000542789e+00 4.484035e+00 7.659657e-01 3.608225e-16 -3.719247e-15
4.281082e-01 5.250000548280e+00 4.495136e+00 7.548648e-01 -7.216450e-16 -5.662137e-15
4.291577e-01 5.250000552907e+00 4.506156e+00 7.438443e-01 1.387779e-16 -4.607426e-15
4.301997e-01 5.250000556635e+00 4.517096e+00 7.329041e-01 1.165734e-15 -2.664535e-15
4.312339e-01 5.250000559429e+00 4.527956e+00 7.220443e-01 2.192690e-15 -4.329870e-15
4.322605e-01 5.250000561256e+00 4.538736e+00 7.112650e-01 2.775558e-16 -6.050715e-15
4.332795e-01 5.250000562086e+00 4.549435e+00 7.005660e-01 2.498002e-16 -6.605827e-15
4.342908e-01 5.250000561890e+00 4.560053e+00 6.899476e-01 -8.326673e-17 -4.218847e-15
4.352944e-01 5.250000560639e+00 4.570591e+00 6.794098e-01 6.383782e-16 -3.497203e-15
4.362903e-01 5.250000558309e+00 4.581048e+00 6.689527e-01 -1.776357e-15 -6.550316e-15
4.372785e-01 5.250000554876e+00 4.591424e+00 6.585764e-01 1.332268e-15 -5.773160e-15
4.382590e-01 5.250000550319e+00 4.601720e+00 6.482810e-01 -8.049117e-16 -5.384582e-15
4.392318e-01 5.250000544618e+00 4.611934e+00 6.380667e-01 7.771561e-16 -5.273559e-15
4.401968e-01 5.250000537757e+00 4.622067e+00 6.279336e-01 5.551115e-17 -5.995204e-15
4.411542e-01 5.250000529719e+00 4.632119e+00 6.178819e-01 1.110223e-16 -7.049916e-15
4.421037e-01 5.250000520493e+00 4.642089e+00 6.079118e-01 -5.551115e-17 -7.327472e-15
4.430454e-01 5.250000510068e+00 4.651977e+00 5.980235e-01 -4.996004e-16 -6.938894e-15
4.439794e-01 5.250000498437e+00 4.661783e+00 5.882172e-01 8.604228e-16 -6.383782e-15
4.449055e-01 5.250000485593e+00 4.671507e+00 5.784931e-01 1.276756e-15 -5.551115e-15
4.458237e-01 5.250000471534e+00 4.681149e+00 5.688516e-01 -2.775558e-16 -3.885781e-15
4.467341e-01 5.250000456259e+00 4.690708e+00 5.592928e-01 1.942890e-16 -6.161738e-15
4.476365e-01 5.250000439770e+00 4.700183e+00 5.498172e-01 9.159340e-16 -5.606626e-15
4.485310e-01 5.250000422072e+00 4.709576e+00 5.404249e-01 -1.137979e-15 -4.884981e-15
4.494175e-01 5.250000403172e+00 4.718884e+00 5.311164e-01 -4.163336e-16 -4.163336e-15
4.502960e-01 5.250000383081e+00 4.728109e+00 5.218919e-01 1.387779e-16 -6.494805e-15
4.511665e-01 5.250000361810e+00 4.737249e+00 5.127518e-01 -5.551115e-16 -5.218048e-15
4.520289e-01 5.250000339376e+00 4.746304e+00 5.036965e-01 8.049117e-16 -4.940492e-15
4.528832e-01 5.250000315795e+00 4.755274e+00 4.947264e-01 1.859624e-15 -5.551115e-15
4.537294e-01 5.250000291090e+00 4.764158e+00 4.858419e-01 2.164935e-15 -6.383782e-15
4.545673e-01 5.250000265284e+00 4.772957e+00 4.770435e-01 1.054712e-15 -5.440093e-15
4.553970e-01 5.250000238402e+00 4.781669e+00 4.683314e-01 -6.938894e-16 -6.661338e-15
4.562185e-01 5.250000210474e+00 4.790294e+00 4.597063e-01 1.942890e-15 -5.884182e-15
4.570316e-01 5.250000181531e+00 4.798832e+00 4.511685e-01 2.498002e-16 -3.774758e-15
4.578363e-01 5.250000151608e+00 4.807282e+00 4.427186e-01 -2.775558e-16 -6.217249e-15
4.586327e-01 5.250000120741e+00 4.815643e+00 4.343571e-01 6.383782e-16 -7.605028e-15
4.594205e-01 5.250000088971e+00 4.823916e+00 4.260843e-01 2.220446e-16 -4.773959e-15
4.601999e-01 5.250000056338e+00 4.832099e+00 4.179010e-01 -8.326673e-17 -5.717649e-15
4.609707e-01 5.250000022889e+00 4.840193e+00 4.098075e-01 -1.110223e-15 -6.383782e-15
4.617329e-01 5.249999988668e+00 4.848196e+00 4.018044e-01 7.771561e-16 -5.662137e-15
4.624864e-01 5.249999953727e+00 4.856108e+00 3.938923e-01 -1.026956e-15 -5.606626e-15
4.632313e-01 5.249999918117e+00 4.863928e+00 3.860717e-01 2.498002e-16 -7.160939e-15
4.639673e-01 5.249999881891e+00 4.871657e+00 3.783431e-01 1.665335e-15 -5.495604e-15
4.646945e-01 5.249999845106e+00 4.879293e+00 3.707072e-01 -1.110223e-16 -6.439294e-15
4.654129e-01 5.249999807819e+00 4.886835e+00 3.631646e-01 -3.053113e-16 -6.272760e-15
4.661223e-01 5.249999770090e+00 4.894284e+00 3.557157e-01 1.110223e-16 -6.161738e-15
4.668227e-01 5.249999731981e+00 4.901639e+00 3.483612e-01 4.440892e-16 -6.772360e-15
4.675141e-01 5.249999693556e+00 4.908898e+00 3.411016e-01 1.137979e-15 -5.939693e-15
4.681964e-01 5.249999654879e+00 4.916062e+00 3.339376e-01 -9.159340e-16 -7.105427e-15
4.688695e-01 5.249999616015e+00 4.923130e+00 3.268697e-01 -2.775558e-16 -8.770762e-15
4.695334e-01 5.249999577034e+00 4.930101e+00 3.198985e-01 1.526557e-15 -5.495604e-15
4.701881e-01 5.249999538002e+00 4.936975e+00 3.130247e-01 -2.498002e-16 -6.272760e-15
4.708334e-01 5.249999498990e+00 4.943751e+00 3.062487e-01 1.665335e-16 -7.660539e-15
4.714694e-01 5.249999460067e+00 4.950428e+00 2.995712e-01 -5.828671e-16 -6.883383e-15
4.720959e-01 5.249999421304e+00 4.957007e+00 2.929927e-01 -1.082467e-15 -7.716050e-15
4.727129e-01 5.249999382772e+00 4.963486e+00 2.865138e-01 -7.771561e-16 -7.382983e-15
4.733204e-01 5.249999344541e+00 4.969864e+00 2.801351e-01 -7.771561e-16 -6.050715e-15
4.739183e-01 5.249999306683e+00 4.976142e+00 2.738571e-01 -5.828671e-16 -7.271961e-15
4.745066e-01 5.249999269268e+00 4.982319e+00 2.676804e-01 -8.326673e-17 -8.271162e-15
4.750851e-01 5.249999232366e+00 4.988394e+00 2.616055e-01 -9.436896e-16 -6.827872e-15
4.756539e-01 5.249999196047e+00 4.994366e+00 2.556329e-01 -4.718448e-16 -5.828671e-15
4.762129e-01 5.249999160379e+00 5.000236e+00 2.497632e-01 -2.498002e-16 -6.605827e-15
4.767621e-01 5.249999125429e+00 5.006002e+00 2.439968e-01 -1.471046e-15 -7.327472e-15
4.773014e-01 5.249999091262e+00 5.011665e+00 2.383343e-01 -1.387779e-15 -6.328271e-15
4.778308e-01 5.249999057944e+00 5.017223e+00 2.327760e-01 2.775558e-16 -6.439294e-15
4.783502e-01 5.249999025536e+00 5.022677e+00 2.273224e-01 -2.942091e-15 -6.827872e-15
4.788595e-01 5.249998994098e+00 5.028025e+00 2.219741e-01 -1.915135e-15 -6.772360e-15
4.793588e-01 5.249998963688e+00 5.033268e+00 2.167313e-01 1.720846e-15 -6.800116e-15
4.798480e-01 5.249998934360e+00 5.038404e+00 2.115945e-01 -2.442491e-15 -7.521761e-15
4.803271e-01 5.249998906168e+00 5.043435e+00 2.065641e-01 2.775558e-16 -6.855627e-15
4.807960e-01 5.249998879159e+00 5.048358e+00 2.016404e-01 -1.387779e-16 -6.300516e-15
4.812548e-01 5.249998853380e+00 5.053175e+00 1.968238e-01 -1.110223e-16 -7.299716e-15
4.817033e-01 5.249998828872e+00 5.057884e+00 1.921145e-01 -7.771561e-16 -6.800116e-15
4.821415e-01 5.249998805674e+00 5.062486e+00 1.875129e-01 1.387779e-16 -6.772360e-15
4.825695e-01 5.249998783819e+00 5.066980e+00 1.830192e-01 -5.273559e-16 -6.328271e-15
4.829872e-01 5.249998763339e+00 5.071365e+00 1.786337e-01 -2.775558e-16 -6.855627e-15
4.833945e-01 5.249998744257e+00 5.075642e+00 1.743565e-01 -5.551115e-16 -7.216450e-15
4.837915e-01 5.249998726596e+00 5.079811e+00 1.701879e-01 -1.137979e-15 -6.550316e-15
4.841782e-01 5.249998710370e+00 5.083871e+00 1.661280e-01 -1.609823e-15 -7.160939e-15
4.845544e-01 5.249998695591e+00 5.087822e+00 1.621770e-01 8.326673e-17 -6.328271e-15
4.849203e-01 5.249998682264e+00 5.091664e+00 1.583350e-01 8.049117e-16 -6.578071e-15
4.852759e-01 5.249998670390e+00 5.095397e+00 1.546021e-01 -2.275957e-15 -6.133982e-15
4.856210e-01 5.249998659963e+00 5.099020e+00 1.509783e-01 -6.106227e-16 -6.411538e-15
4.859557e-01 5.249998650972e+00 5.102535e+00 1.474637e-01 -3.885781e-16 -6.383782e-15
4.862800e-01 5.249998643401e+00 5.105940e+00 1.440583e-01 -1.942890e-15 -6.966649e-15
4.865940e-01 5.249998637227e+00 5.109237e+00 1.407620e-01 -1.942890e-15 -6.106227e-15
4.868975e-01 5.249998632420e+00 5.112424e+00 1.375749e-01 -8.326673e-16 -6.383782e-15
4.871906e-01 5.249998628947e+00 5.115502e+00 1.344968e-01 -7.216450e-16 -7.049916e-15
4.874734e-01 5.249998626767e+00 5.118471e+00 1.315278e-01 -8.326673e-16 -6.161738e-15
4.877458e-01 5.249998625832e+00 5.121331e+00 1.286676e-01 -1.221245e-15 -6.661338e-15
4.880079e-01 5.249998626090e+00 5.124082e+00 1.259161e-01 -2.442491e-15 -6.245005e-15
4.882596e-01 5.249998627482e+00 5.126725e+00 1.232733e-01 -1.276756e-15 -6.356027e-15
4.885009e-01 5.249998629940e+00 5.129260e+00 1.207388e-01 -1.443290e-15 -7.216450e-15
4.887320e-01 5.249998633396e+00 5.131686e+00 1.183126e-01 -2.720046e-15 -7.577272e-15
4.889528e-01 5.249998637769e+00 5.134004e+00 1.159944e-01 -1.110223e-15 -6.661338e-15
4.891633e-01 5.249998642978e+00 5.136215e+00 1.137840e-01 -8.881784e-16 -6.772360e-15
4.893636e-01 5.249998648933e+00 5.138318e+00 1.116811e-01 -1.332268e-15 -6.550316e-15
4.895536e-01 5.249998655538e+00 5.140313e+00 1.096854e-01 -1.776357e-15 -7.355228e-15
4.897335e-01 5.249998662693e+00 5.142202e+00 1.077968e-01 -9.992007e-16 -7.410739e-15
4.899032e-01 5.249998670292e+00 5.143984e+00 1.060148e-01 -1.831868e-15 -7.105427e-15
4.900628e-01 5.249998678223e+00 5.145659e+00 1.043393e-01 -1.831868e-15 -6.911138e-15
4.902123e-01 5.249998686370e+00 5.147229e+00 1.027699e-01 -1.387779e-15 -7.105427e-15
4.903517e-01 5.249998694612e+00 5.148692e+00 1.013062e-01 -3.330669e-16 -7.022161e-15
4.904810e-01 5.249998702824e+00 5.150051e+00 9.994806e-02 -6.106227e-16 -7.049916e-15
4.906003e-01 5.249998710875e+00 5.151304e+00 9.869504e-02 -1.165734e-15 -7.160939e-15
4.907097e-01 5.249998718631e+00 5.152452e+00 9.754687e-02 -6.661338e-16 -7.382983e-15
4.908091e-01 5.249998725956e+00 5.153496e+00 9.650320e-02 -6.661338e-16 -6.883383e-15
4.908986e-01 5.249998732709e+00 5.154435e+00 9.556374e-02 -2.109424e-15 -7.133183e-15
4.909782e-01 5.249998738747e+00 5.155271e+00 9.472816e-02 -1.332268e-15 -7.188694e-15
4.910479e-01 5.249998743922e+00 5.156003e+00 9.399617e-02 -1.998401e-15 -7.133183e-15
4.911077e-01 5.249998748087e+00 5.156631e+00 9.336746e-02 -1.387779e-15 -7.160939e-15
4.911578e-01 5.249998751093e+00 5.157157e+00 9.284176e-02 -1.609823e-15 -7.216450e-15
4.911981e-01 5.249998752788e+00 5.157580e+00 9.241881e-02 -1.110223e-16 -7.063794e-15
4.912286e-01 5.249998753020e+00 5.157900e+00 9.209834e-02 -2.886580e-15 -7.133183e-15
4.912494e-01 5.249998751636e+00 5.158119e+00 9.188013e-02 -7.771561e-16 -7.244205e-15
4.912605e-01 5.249998748485e+00 5.158235e+00 9.176397e-02 -1.443290e-15 -7.147061e-15
4.912618e-01 5.249998743415e+00 5.158249e+00 9.174967e-02 4.440892e-16 -7.147061e-15
4.912535e-01 5.249998736275e+00 5.158162e+00 9.183706e-02 -8.326673e-16 -7.133183e-15
4.912355e-01 5.249998726916e+00 5.157973e+00 9.202602e-02 -1.498801e-15 -7.147061e-15
4.912078e-01 5.249998715192e+00 5.157682e+00 9.231644e-02 -3.330669e-16 -7.174816e-15
4.911705e-01 5.249998700957e+00 5.157290e+00 9.270825e-02 -2.442491e-15 -7.216450e-15
4.911235e-01 5.249998684070e+00 5.156797e+00 9.320141e-02 -3.441691e-15 -7.271961e-15
4.910669e-01 5.249998664394e+00 5.156203e+00 9.379592e-02 -1.498801e-15 -7.244205e-15
4.910006e-01 5.249998641796e+00 5.155507e+00 9.449183e-02 -6.106227e-16 -7.382983e-15
4.909247e-01 5.249998616146e+00 5.154709e+00 9.528920e-02 -1.720846e-15 -7.369105e-15
4.908391e-01 5.249998587320e+00 5.153810e+00 9.618817e-02 -1.776357e-15 -7.285839e-15
4.907438e-01 5.249998555201e+00 5.152810e+00 9.718890e-02 -1.276756e-15 -7.396861e-15
4.906388e-01 5.249998519676e+00 5.151707e+00 9.829160e-02 -3.885781e-16 -7.521761e-15
4.905240e-01 5.249998480639e+00 5.150502e+00 9.949654e-02 -1.720846e-15 -7.341350e-15
4.903995e-01 5.249998437993e+00 5.149194e+00 1.008040e-01 8.326673e-16 -7.452372e-15
4.902651e-01 5.249998391646e+00 5.147784e+00 1.022144e-01 -6.661338e-16 -7.535639e-15
4.901210e-01 5.249998341515e+00 5.146270e+00 1.037281e-01 -4.996004e-16 -7.459311e-15
4.899669e-01 5.249998287526e+00 5.144653e+00 1.053456e-01 -6.106227e-16 -7.556455e-15
4.898029e-01 5.249998229612e+00 5.142931e+00 1.070674e-01 -9.436896e-16 -7.459311e-15
4.896290e-01 5.249998167716e+00 5.141104e+00 1.088940e-01 -8.881784e-16 -7.736867e-15
4.894449e-01 5.249998101791e+00 5.139172e+00 1.108262e-01 -5.551115e-17 -7.660539e-15
4.892508e-01 5.249998031797e+00 5.137133e+00 1.128646e-01 -5.551115e-17 -7.327472e-15
4.890465e-01 5.249997957707e+00 5.134988e+00 1.150099e-01 -1.831868e-15 -7.292777e-15
4.888319e-01 5.249997879502e+00 5.132735e+00 1.172630e-01 -1.720846e-15 -7.611967e-15
4.886070e-01 5.249997797175e+00 5.130373e+00 1.196246e-01 -1.554312e-15 -7.507883e-15
4.883716e-01 5.249997710727e+00 5.127902e+00 1.220958e-01 -1.221245e-15 -7.514822e-15
4.881257e-01 5.249997620171e+00 5.125320e+00 1.246775e-01 2.220446e-16 -7.681356e-15
4.878692e-01 5.249997525530e+00 5.122627e+00 1.273708e-01 -1.276756e-15 -7.226858e-15
4.876020e-01 5.249997426838e+00 5.119821e+00 1.301766e-01 7.771561e-16 -7.736867e-15
4.873239e-01 5.249997324139e+00 5.116901e+00 1.330963e-01 -1.276756e-15 -7.334411e-15
4.870349e-01 5.249997217487e+00 5.113866e+00 1.361309e-01 -4.996004e-16 -7.436760e-15
4.867348e-01 5.249997106947e+00 5.110715e+00 1.392817e-01 -8.881784e-16 -7.171347e-15
4.864235e-01 5.249996992593e+00 5.107447e+00 1.425501e-01 -1.054712e-15 -7.662274e-15
4.861009e-01 5.249996874509e+00 5.104060e+00 1.459374e-01 -3.330669e-16 -7.945034e-15
4.857668e-01 5.249996752790e+00 5.100552e+00 1.494449e-01 -1.332268e-15 -7.614135e-15
4.854212e-01 5.249996627536e+00 5.096922e+00 1.530743e-01 -1.609823e-15 -7.593752e-15
4.850638e-01 5.249996498861e+00 5.093170e+00 1.568269e-01 -1.110223e-16 -7.107162e-15
4.846945e-01 5.249996366882e+00 5.089292e+00 1.607043e-01 -2.275957e-15 -7.702172e-15
4.843131e-01 5.249996231728e+00 5.085288e+00 1.647082e-01 1.276756e-15 -7.580742e-15
4.839196e-01 5.249996093531e+00 5.081156e+00 1.688402e-01 -1.054712e-15 -7.910339e-15
4.835137e-01 5.249995952433e+00 5.076894e+00 1.731019e-01 6.106227e-16 -7.521761e-15
4.830953e-01 5.249995808580e+00 5.072501e+00 1.774950e-01 -1.665335e-16 -8.229528e-15
4.826642e-01 5.249995662124e+00 5.067974e+00 1.820214e-01 -8.881784e-16 -7.195633e-15
4.822203e-01 5.249995513220e+00 5.063313e+00 1.866827e-01 -9.436896e-16 -7.591150e-15
4.817633e-01 5.249995362029e+00 5.058515e+00 1.914809e-01 -1.110223e-15 -7.771561e-15
4.812931e-01 5.249995208713e+00 5.053578e+00 1.964176e-01 -1.498801e-15 -7.702172e-15
4.808095e-01 5.249995053436e+00 5.048500e+00 2.014949e-01 -9.992007e-16 -8.056056e-15
4.803124e-01 5.249994896366e+00 5.043280e+00 2.067146e-01 -1.221245e-15 -7.278900e-15
4.798015e-01 5.249994737667e+00 5.037916e+00 2.120786e-01 -8.881784e-16 -7.223389e-15
4.792767e-01 5.249994577508e+00 5.032406e+00 2.175888e-01 -4.218847e-15 -7.840950e-15
4.787378e-01 5.249994416051e+00 5.026747e+00 2.232471e-01 -1.720846e-15 -7.244205e-15
4.781846e-01 5.249994253462e+00 5.020939e+00 2.290556e-01 -1.498801e-15 -7.244205e-15
4.776170e-01 5.249994089899e+00 5.014978e+00 2.350161e-01 -1.443290e-15 -7.882583e-15
4.770346e-01 5.249993925520e+00 5.008863e+00 2.411306e-01 -2.386980e-15 -7.785439e-15
4.764374e-01 5.249993760476e+00 5.002593e+00 2.474011e-01 -1.887379e-15 -8.021361e-15
4.758252e-01 5.249993594916e+00 4.996164e+00 2.538295e-01 -2.275957e-15 -7.605028e-15
4.751977e-01 5.249993428980e+00 4.989576e+00 2.604179e-01 -3.552714e-15 -8.174017e-15
4.745548e-01 5.249993262805e+00 4.982825e+00 2.671681e-01 -1.609823e-15 -7.716050e-15
4.738963e-01 5.249993096518e+00 4.975911e+00 2.740821e-01 -8.326673e-16 -7.341350e-15
4.732220e-01 5.249992930241e+00 4.968831e+00 2.811620e-01 -3.053113e-15 -7.632783e-15
4.725317e-01 5.249992764089e+00 4.961583e+00 2.884095e-01 -3.552714e-15 -7.160939e-15
4.718253e-01 5.249992598165e+00 4.954166e+00 2.958267e-01 -4.107825e-15 -7.827072e-15
4.711026e-01 5.249992432570e+00 4.946577e+00 3.034154e-01 -4.996004e-16 -7.119305e-15
4.703633e-01 5.249992267392e+00 4.938815e+00 3.111776e-01 -2.664535e-15 -7.382983e-15
4.696073e-01 5.249992102713e+00 4.930877e+00 3.191151e-01 -1.221245e-15 -7.494005e-15
4.688345e-01 5.249991938609e+00 4.922762e+00 3.272298e-01 -2.498002e-15 -8.104628e-15
4.680446e-01 5.249991775144e+00 4.914468e+00 3.355236e-01 -1.498801e-15 -7.077672e-15
4.672375e-01 5.249991612380e+00 4.905993e+00 3.439982e-01 -1.165734e-15 -7.133183e-15
4.664129e-01 5.249991450369e+00 4.897336e+00 3.526555e-01 -1.776357e-15 -7.882583e-15
4.655709e-01 5.249991289161e+00 4.888494e+00 3.614973e-01 -2.609024e-15 -7.882583e-15
4.647110e-01 5.249991128798e+00 4.879466e+00 3.705252e-01 -1.998401e-15 -7.605028e-15
4.638333e-01 5.249990969321e+00 4.870250e+00 3.797411e-01 -2.331468e-15 -7.799317e-15
4.629375e-01 5.249990810768e+00 4.860844e+00 3.891466e-01 -1.332268e-15 -7.854828e-15
