5.000000e-01 5.250000000000e+00 5.250000e+00 0.000000e+00 -1.137979e-15 0.000000e+00
4.999944e-01 5.249999999918e+00 5.249941e+00 5.879529e-05 -9.159340e-16 -1.994932e-17
4.999776e-01 5.249999999671e+00 5.249765e+00 2.351815e-04 -2.026157e-15 -4.510281e-17
4.999496e-01 5.249999999260e+00 5.249471e+00 5.291596e-04 -2.664535e-15 -2.949030e-17
4.999104e-01 5.249999998685e+00 5.249059e+00 9.407312e-04 -7.494005e-16 -1.075529e-16
4.998600e-01 5.249999997947e+00 5.248530e+00 1.469899e-03 -1.415534e-15 -1.335737e-16
4.997984e-01 5.249999997046e+00 5.247883e+00 2.116665e-03 -1.082467e-15 -8.673617e-17
4.997256e-01 5.249999995983e+00 5.247119e+00 2.881033e-03 -1.110223e-15 0.000000e+00
4.996416e-01 5.249999994760e+00 5.246237e+00 3.763008e-03 -2.109424e-15 -1.769418e-16
4.995464e-01 5.249999993378e+00 5.245237e+00 4.762594e-03 -1.193490e-15 -2.116363e-16
4.994400e-01 5.249999991838e+00 5.244120e+00 5.879797e-03 -3.330669e-16 -2.706169e-16
4.993224e-01 5.249999990141e+00 5.242885e+00 7.114622e-03 -8.326673e-16 -2.359224e-16
4.991936e-01 5.249999988290e+00 5.241533e+00 8.467077e-03 -7.494005e-16 -1.249001e-16
4.990536e-01 5.249999986286e+00 5.240063e+00 9.937167e-03 -5.551115e-17 -1.977585e-16
4.989024e-01 5.249999984131e+00 5.238475e+00 1.152490e-02 -4.996004e-16 -5.967449e-16
4.987400e-01 5.249999981827e+00 5.236770e+00 1.323029e-02 -1.304512e-15 -3.330669e-16
4.985663e-01 5.249999979378e+00 5.234947e+00 1.505333e-02 -1.193490e-15 -6.938894e-17
4.983815e-01 5.249999976785e+00 5.233006e+00 1.699404e-02 -2.692291e-15 -3.469447e-16
4.981855e-01 5.249999974051e+00 5.230948e+00 1.905243e-02 -4.996004e-16 4.857226e-17
4.979782e-01 5.249999971179e+00 5.228771e+00 2.122851e-02 -1.054712e-15 -1.179612e-16
4.977598e-01 5.249999968172e+00 5.226478e+00 2.352229e-02 2.220446e-16 -2.775558e-17
4.975301e-01 5.249999965033e+00 5.224066e+00 2.593377e-02 -1.387779e-15 -4.371503e-16
4.972892e-01 5.249999961765e+00 5.221537e+00 2.846296e-02 -1.276756e-15 -7.702172e-16
4.970371e-01 5.249999958372e+00 5.218890e+00 3.110989e-02 -4.440892e-16 -3.885781e-16
4.967738e-01 5.249999954859e+00 5.216125e+00 3.387455e-02 -2.747802e-15 -1.040834e-16
4.964993e-01 5.249999951227e+00 5.213243e+00 3.675696e-02 -1.498801e-15 -4.093947e-16
4.962136e-01 5.249999947482e+00 5.210243e+00 3.975713e-02 -2.331468e-15 -6.661338e-16
4.959167e-01 5.249999943627e+00 5.207125e+00 4.287506e-02 -3.802514e-15 -4.163336e-16
4.956085e-01 5.249999939667e+00 5.203889e+00 4.611078e-02 -2.498002e-15 -2.359224e-16
4.952891e-01 5.249999935606e+00 5.200536e+00 4.946428e-02 -1.831868e-15 -6.245005e-16
4.949585e-01 5.249999931450e+00 5.197064e+00 5.293558e-02 -2.442491e-15 -3.053113e-16
4.946167e-01 5.249999927201e+00 5.193475e+00 5.652469e-02 -2.109424e-15 -7.494005e-16
4.942636e-01 5.249999922866e+00 5.189768e+00 6.023162e-02 -2.636780e-15 -5.967449e-16
4.938994e-01 5.249999918449e+00 5.185944e+00 6.405637e-02 -2.442491e-15 -4.579670e-16
4.935239e-01 5.249999913956e+00 5.182001e+00 6.799895e-02 -1.387779e-15 -1.665335e-16
4.931372e-01 5.249999909392e+00 5.177941e+00 7.205938e-02 -1.526557e-15 -8.881784e-16
4.927393e-01 5.249999904763e+00 5.173762e+00 7.623765e-02 -2.248202e-15 -2.914335e-16
4.923301e-01 5.249999900073e+00 5.169466e+00 8.053378e-02 -3.219647e-15 -2.498002e-16
4.919097e-01 5.249999895329e+00 5.165052e+00 8.494777e-02 -3.996803e-15 1.110223e-16
4.914781e-01 5.249999890537e+00 5.160520e+00 8.947962e-02 -1.554312e-15 -8.187895e-16
4.910353e-01 5.249999885702e+00 5.155871e+00 9.412933e-02 -2.886580e-15 -2.220446e-16
4.905812e-01 5.249999880832e+00 5.151103e+00 9.889692e-02 -1.859624e-15 -4.857226e-16
4.901160e-01 5.249999875932e+00 5.146218e+00 1.037824e-01 -1.665335e-15 -1.665335e-16
4.896394e-01 5.249999871008e+00 5.141214e+00 1.087857e-01 -2.886580e-15 -5.551115e-17
4.891517e-01 5.249999866068e+00 5.136093e+00 1.139069e-01 -2.720046e-15 -2.775558e-16
4.886528e-01 5.249999861118e+00 5.130854e+00 1.191459e-01 -1.165734e-15 -4.718448e-16
4.881426e-01 5.249999856165e+00 5.125497e+00 1.245029e-01 -1.776357e-15 -1.082467e-15
4.876212e-01 5.249999851215e+00 5.120022e+00 1.299776e-01 -2.248202e-15 -9.436896e-16
4.870885e-01 5.249999846277e+00 5.114430e+00 1.355702e-01 -3.497203e-15 -1.304512e-15
4.865447e-01 5.249999841357e+00 5.108719e+00 1.412807e-01 -2.386980e-15 -3.053113e-16
4.859896e-01 5.249999836463e+00 5.102891e+00 1.471090e-01 -7.771561e-16 -3.330669e-16
4.854233e-01 5.249999831602e+00 5.096945e+00 1.530550e-01 -2.886580e-15 -6.106227e-16
4.848458e-01 5.249999826781e+00 5.090881e+00 1.591189e-01 -1.693090e-15 -2.081668e-16
4.842571e-01 5.249999822010e+00 5.084699e+00 1.653006e-01 -2.248202e-15 -1.013079e-15
4.836571e-01 5.249999817294e+00 5.078400e+00 1.716000e-01 -1.526557e-15 8.326673e-17
4.830460e-01 5.249999812643e+00 5.071983e+00 1.780171e-01 -2.109424e-15 -1.068590e-15
4.824236e-01 5.249999808065e+00 5.065448e+00 1.845520e-01 -7.216450e-16 -3.330669e-16
4.817900e-01 5.249999803567e+00 5.058795e+00 1.912045e-01 -9.992007e-16 -6.661338e-16
4.811453e-01 5.249999799158e+00 5.052025e+00 1.979747e-01 -3.080869e-15 1.387779e-16
4.804893e-01 5.249999794846e+00 5.045137e+00 2.048624e-01 -1.526557e-15 -4.163336e-16
4.798221e-01 5.249999790640e+00 5.038132e+00 2.118678e-01 -2.414735e-15 -9.992007e-16
4.791437e-01 5.249999786549e+00 5.031009e+00 2.189907e-01 -1.998401e-15 3.885781e-16
4.784542e-01 5.249999782581e+00 5.023769e+00 2.262311e-01 -2.997602e-15 -4.718448e-16
4.777534e-01 5.249999778744e+00 5.016411e+00 2.335889e-01 -4.274359e-15 -5.828671e-16
4.770415e-01 5.249999775049e+00 5.008936e+00 2.410641e-01 -2.942091e-15 -3.330669e-16
4.763184e-01 5.249999771503e+00 5.001343e+00 2.486566e-01 -1.804112e-15 7.771561e-16
4.755841e-01 5.249999768116e+00 4.993633e+00 2.563665e-01 -1.415534e-15 3.330669e-16
4.748387e-01 5.249999764897e+00 4.985806e+00 2.641935e-01 -3.524958e-15 -1.443290e-15
4.740821e-01 5.249999761856e+00 4.977862e+00 2.721377e-01 -1.221245e-15 -8.881784e-16
4.733144e-01 5.249999759000e+00 4.969801e+00 2.801990e-01 -3.358425e-15 -8.326673e-16
4.725355e-01 5.249999756341e+00 4.961622e+00 2.883773e-01 -9.159340e-16 -5.828671e-16
4.717455e-01 5.249999753887e+00 4.953327e+00 2.966725e-01 -3.608225e-15 -6.383782e-16
4.709443e-01 5.249999751647e+00 4.944915e+00 3.050845e-01 -1.859624e-15 -1.859624e-15
4.701320e-01 5.249999749632e+00 4.936386e+00 3.136133e-01 -2.303713e-15 -1.193490e-15
4.693087e-01 5.249999747851e+00 4.927741e+00 3.222588e-01 -3.913536e-15 -1.776357e-15
4.684742e-01 5.249999746313e+00 4.918979e+00 3.310208e-01 -3.580469e-15 -6.106227e-16
4.676286e-01 5.249999745029e+00 4.910101e+00 3.398992e-01 -4.773959e-15 -6.383782e-16
4.667720e-01 5.249999744007e+00 4.901106e+00 3.488940e-01 -4.801715e-15 -3.608225e-16
4.659043e-01 5.249999743259e+00 4.891995e+00 3.580051e-01 -3.802514e-15 -1.360023e-15
4.650255e-01 5.249999742793e+00 4.882767e+00 3.672323e-01 -3.691492e-15 -1.831868e-15
4.641357e-01 5.249999742620e+00 4.873424e+00 3.765754e-01 -3.830269e-15 -1.804112e-15
4.632348e-01 5.249999742749e+00 4.863965e+00 3.860344e-01 -3.552714e-15 -1.193490e-15
4.623229e-01 5.249999743191e+00 4.854391e+00 3.956091e-01 -4.385381e-15 -4.996004e-16
4.614000e-01 5.249999743955e+00 4.844700e+00 4.052994e-01 -5.356826e-15 -1.554312e-15
4.604662e-01 5.249999745051e+00 4.834895e+00 4.151051e-01 -5.079270e-15 -1.693090e-15
4.595213e-01 5.249999746489e+00 4.824974e+00 4.250261e-01 -4.857226e-15 -2.775558e-17
4.585655e-01 5.249999748280e+00 4.814938e+00 4.350622e-01 -4.163336e-15 -2.775558e-16
4.575987e-01 5.249999750433e+00 4.804787e+00 4.452132e-01 -5.828671e-15 -7.771561e-16
4.566210e-01 5.249999752958e+00 4.794521e+00 4.554790e-01 -3.719247e-15 -1.082467e-15
4.556324e-01 5.249999755865e+00 4.784140e+00 4.658594e-01 -4.052314e-15 -5.828671e-16
4.546329e-01 5.249999759165e+00 4.773646e+00 4.763541e-01 -3.663736e-15 -5.828671e-16
4.536225e-01 5.249999762866e+00 4.763037e+00 4.869630e-01 -3.386180e-15 -1.998401e-15
4.526013e-01 5.249999766980e+00 4.752314e+00 4.976859e-01 -3.358425e-15 -1.720846e-15
4.515693e-01 5.249999771515e+00 4.741477e+00 5.085226e-01 -3.524958e-15 -6.383782e-16
4.505264e-01 5.249999776482e+00 4.730527e+00 5.194729e-01 -3.663736e-15 -1.221245e-15
4.494727e-01 5.249999781891e+00 4.719463e+00 5.305364e-01 -3.164136e-15 -7.771561e-16
4.484083e-01 5.249999787751e+00 4.708287e+00 5.417131e-01 -3.552714e-15 -1.748601e-15
4.473331e-01 5.249999794072e+00 4.696997e+00 5.530026e-01 -3.386180e-15 -1.498801e-15
4.462472e-01 5.249999800864e+00 4.685595e+00 5.644047e-01 -3.469447e-15 -1.859624e-15
4.451505e-01 5.249999808136e+00 4.674081e+00 5.759191e-01 -3.830269e-15 -2.164935e-15
4.440433e-01 5.249999815898e+00 4.662454e+00 5.875456e-01 -3.719247e-15 -5.551115e-17
4.429253e-01 5.249999824159e+00 4.650716e+00 5.992838e-01 -3.719247e-15 -8.049117e-16
4.417968e-01 5.249999832930e+00 4.638866e+00 6.111336e-01 -5.190293e-15 -1.637579e-15
4.406576e-01 5.249999842218e+00 4.626905e+00 6.230946e-01 -5.884182e-15 -1.804112e-15
4.395079e-01 5.249999852034e+00 4.614833e+00 6.351665e-01 -3.969047e-15 -8.049117e-16
4.383477e-01 5.249999862387e+00 4.602651e+00 6.473489e-01 -4.607426e-15 -2.137179e-15
4.371770e-01 5.249999873285e+00 4.590358e+00 6.596417e-01 -2.498002e-15 -8.604228e-16
4.359958e-01 5.249999884738e+00 4.577956e+00 6.720443e-01 -4.635181e-15 -1.471046e-15
4.348041e-01 5.249999896754e+00 4.565443e+00 6.845566e-01 -3.719247e-15 2.775558e-17
4.336021e-01 5.249999909342e+00 4.552822e+00 6.971781e-01 -2.331468e-15 -1.720846e-15
4.323897e-01 5.249999922511e+00 4.540091e+00 7.099085e-01 -3.386180e-15 -2.164935e-15
4.311669e-01 5.249999936270e+00 4.527253e+00 7.227474e-01 -4.746203e-15 -1.332268e-15
4.299339e-01 5.249999950626e+00 4.514305e+00 7.356945e-01 -3.469447e-15 -5.273559e-16
4.286905e-01 5.249999965588e+00 4.501251e+00 7.487493e-01 -5.800915e-15 -5.273559e-16
4.274370e-01 5.249999981163e+00 4.488089e+00 7.619114e-01 -4.024558e-15 -2.775558e-16
4.261733e-01 5.249999997361e+00 4.474819e+00 7.751805e-01 -4.218847e-15 3.885781e-16
4.248994e-01 5.250000014189e+00 4.461444e+00 7.885561e-01 -3.719247e-15 -1.387779e-15
4.236155e-01 5.250000031654e+00 4.447962e+00 8.020378e-01 -3.663736e-15 -1.498801e-15
4.223214e-01 5.250000049763e+00 4.434375e+00 8.156251e-01 -4.052314e-15 1.110223e-16
4.210174e-01 5.250000068525e+00 4.420682e+00 8.293176e-01 -3.969047e-15 4.440892e-16
4.197034e-01 5.250000087946e+00 4.406885e+00 8.431149e-01 -3.663736e-15 -7.216450e-16
4.183794e-01 5.250000108033e+00 4.392984e+00 8.570164e-01 -5.384582e-15 -2.220446e-16
4.170456e-01 5.250000128793e+00 4.378978e+00 8.710217e-01 -5.773160e-15 1.387779e-15
4.157019e-01 5.250000150232e+00 4.364870e+00 8.851302e-01 -4.690692e-15 -2.442491e-15
4.143484e-01 5.250000172357e+00 4.350659e+00 8.993416e-01 -4.551914e-15 2.442491e-15
4.129852e-01 5.250000195174e+00 4.336345e+00 9.136551e-01 -5.218048e-15 -2.053913e-15
4.116124e-01 5.250000218689e+00 4.321930e+00 9.280704e-01 -5.134781e-15 -2.775558e-16
4.102298e-01 5.250000242908e+00 4.307413e+00 9.425869e-01 -3.663736e-15 -4.440892e-15
4.088377e-01 5.250000267837e+00 4.292796e+00 9.572040e-01 -4.413137e-15 -3.663736e-15
4.074361e-01 5.250000293479e+00 4.278079e+00 9.719212e-01 -4.385381e-15 6.106227e-16
4.060250e-01 5.250000319842e+00 4.263262e+00 9.867379e-01 -4.551914e-15 -1.720846e-15
4.046045e-01 5.250000346929e+00 4.248347e+00 1.001653e+00 -3.969047e-15 2.442491e-15
4.031746e-01 5.250000374745e+00 4.233333e+00 1.016667e+00 -2.886580e-15 3.552714e-15
4.017354e-01 5.250000403295e+00 4.218221e+00 1.031779e+00 -3.691492e-15 4.996004e-16
4.002869e-01 5.250000432583e+00 4.203013e+00 1.046988e+00 -2.747802e-15 1.387779e-15
3.988293e-01 5.250000462612e+00 4.187708e+00 1.062293e+00 -3.747003e-15 -1.165734e-15
3.973626e-01 5.250000493387e+00 4.172307e+00 1.077694e+00 -3.774758e-15 -3.885781e-16
3.958868e-01 5.250000524910e+00 4.156811e+00 1.093190e+00 -3.774758e-15 -1.831868e-15
3.944019e-01 5.250000557185e+00 4.141220e+00 1.108780e+00 -3.219647e-15 -2.664535e-15
3.929082e-01 5.250000590215e+00 4.125536e+00 1.124464e+00 -4.829470e-15 -1.221245e-15
3.914056e-01 5.250000624003e+00 4.109759e+00 1.140242e+00 -3.802514e-15 -3.275158e-15
3.898942e-01 5.250000658550e+00 4.093889e+00 1.156112e+00 -2.969847e-15 -2.220446e-16
3.883741e-01 5.250000693859e+00 4.077928e+00 1.172073e+00 -4.829470e-15 8.326673e-16
3.868453e-01 5.250000729931e+00 4.061875e+00 1.188126e+00 -5.051515e-15 -2.498002e-15
3.853079e-01 5.250000766769e+00 4.045733e+00 1.204268e+00 -3.996803e-15 -2.331468e-15
3.837620e-01 5.250000804373e+00 4.029500e+00 1.220500e+00 -3.747003e-15 -1.054712e-15
3.822076e-01 5.250000842744e+00 4.013180e+00 1.236821e+00 -3.635980e-15 -1.221245e-15
3.806449e-01 5.250000881884e+00 3.996771e+00 1.253230e+00 -5.662137e-15 1.276756e-15
3.790738e-01 5.250000921791e+00 3.980275e+00 1.269726e+00 -3.413936e-15 1.665335e-16
3.774946e-01 5.250000962468e+00 3.963693e+00 1.286308e+00 -4.052314e-15 -7.771561e-16
3.759072e-01 5.250001003913e+00 3.947026e+00 1.302975e+00 -3.136380e-15 1.554312e-15
3.743117e-01 5.250001046125e+00 3.930273e+00 1.319728e+00 -4.413137e-15 -3.330669e-16
3.727083e-01 5.250001089105e+00 3.913437e+00 1.336564e+00 -4.218847e-15 1.720846e-15
3.710969e-01 5.250001132851e+00 3.896518e+00 1.353483e+00 -3.774758e-15 7.771561e-16
3.694778e-01 5.250001177361e+00 3.879517e+00 1.370485e+00 -3.469447e-15 -6.661338e-16
3.678509e-01 5.250001222635e+00 3.862434e+00 1.387567e+00 -4.163336e-15 -1.554312e-15
3.662163e-01 5.250001268669e+00 3.845271e+00 1.404730e+00 -3.885781e-15 -2.442491e-15
3.645742e-01 5.250001315463e+00 3.828029e+00 1.421973e+00 -4.163336e-15 2.775558e-16
3.629245e-01 5.250001363012e+00 3.810708e+00 1.439294e+00 -2.636780e-15 -5.551115e-17
3.612675e-01 5.250001411315e+00 3.793309e+00 1.456692e+00 -4.246603e-15 -2.164935e-15
3.596032e-01 5.250001460369e+00 3.775834e+00 1.474168e+00 -4.246603e-15 -3.996803e-15
3.579317e-01 5.250001510169e+00 3.758282e+00 1.491719e+00 -3.302913e-15 -2.331468e-15
3.562530e-01 5.250001560712e+00 3.740656e+00 1.509345e+00 -3.830269e-15 1.221245e-15
3.545673e-01 5.250001611995e+00 3.722957e+00 1.527045e+00 -2.248202e-15 -1.387779e-15
3.528746e-01 5.250001664012e+00 3.705184e+00 1.544818e+00 -3.663736e-15 -3.552714e-15
3.511752e-01 5.250001716760e+00 3.687339e+00 1.562663e+00 -4.718448e-15 -3.164136e-15
3.494689e-01 5.250001770232e+00 3.669424e+00 1.580578e+00 -3.941292e-15 -1.276756e-15
3.477560e-01 5.250001824425e+00 3.651438e+00 1.598564e+00 -4.524159e-15 6.661338e-16
3.460365e-01 5.250001879332e+00 3.633384e+00 1.616618e+00 -4.746203e-15 -3.774758e-15
3.443106e-01 5.250001934948e+00 3.615262e+00 1.634740e+00 -4.107825e-15 -2.164935e-15
3.425783e-01 5.250001991267e+00 3.597073e+00 1.652929e+00 -4.080070e-15 -3.275158e-15
3.408398e-01 5.250002048283e+00 3.578818e+00 1.671184e+00 -5.273559e-15 -1.332268e-15
3.390951e-01 5.250002105988e+00 3.560498e+00 1.689504e+00 -4.440892e-15 -2.053913e-15
3.373443e-01 5.250002164376e+00 3.542115e+00 1.707887e+00 -4.801715e-15 -4.329870e-15
3.355876e-01 5.250002223440e+00 3.523670e+00 1.726332e+00 -3.774758e-15 -4.884981e-15
3.338250e-01 5.250002283172e+00 3.505163e+00 1.744839e+00 -4.163336e-15 -2.720046e-15
3.320567e-01 5.250002343566e+00 3.486596e+00 1.763407e+00 -4.329870e-15 -2.109424e-15
3.302828e-01 5.250002404612e+00 3.467969e+00 1.782033e+00 -5.606626e-15 -3.885781e-15
3.285033e-01 5.250002466302e+00 3.449285e+00 1.800718e+00 -4.468648e-15 -1.443290e-15
3.267184e-01 5.250002528629e+00 3.430543e+00 1.819459e+00 -5.856426e-15 -1.942890e-15
3.249282e-01 5.250002591583e+00 3.411746e+00 1.838257e+00 -5.495604e-15 -1.443290e-15
3.231328e-01 5.250002655156e+00 3.392894e+00 1.857109e+00 -4.912737e-15 -2.831069e-15
3.213322e-01 5.250002719339e+00 3.373988e+00 1.876014e+00 -4.191092e-15 -3.441691e-15
3.195267e-01 5.250002784121e+00 3.355031e+00 1.894972e+00 -5.495604e-15 -2.553513e-15
3.177164e-01 5.250002849494e+00 3.336022e+00 1.913981e+00 -3.635980e-15 -1.720846e-15
3.159012e-01 5.250002915447e+00 3.316963e+00 1.933040e+00 -4.246603e-15 -3.552714e-15
3.140815e-01 5.250002981971e+00 3.297855e+00 1.952148e+00 -5.051515e-15 -7.271961e-15
3.122572e-01 5.250003049056e+00 3.278700e+00 1.971303e+00 -4.635181e-15 -5.107026e-15
3.104284e-01 5.250003116690e+00 3.259499e+00 1.990504e+00 -4.024558e-15 -3.497203e-15
3.085954e-01 5.250003184863e+00 3.240252e+00 2.009751e+00 -4.496403e-15 -5.828671e-15
3.067583e-01 5.250003253565e+00 3.220962e+00 2.029042e+00 -4.579670e-15 -1.887379e-15
3.049170e-01 5.250003322783e+00 3.201629e+00 2.048375e+00 -5.662137e-15 -4.274359e-15
3.030718e-01 5.250003392508e+00 3.182254e+00 2.067749e+00 -3.552714e-15 -4.496403e-15
3.012228e-01 5.250003462728e+00 3.162839e+00 2.087164e+00 -6.772360e-15 -1.110223e-15
2.993701e-01 5.250003533431e+00 3.143386e+00 2.106618e+00 -4.968248e-15 -2.942091e-15
2.975138e-01 5.250003604605e+00 3.123895e+00 2.126109e+00 -3.719247e-15 -1.332268e-15
2.956540e-01 5.250003676239e+00 3.104367e+00 2.145637e+00 -4.690692e-15 -1.665335e-15
2.937909e-01 5.250003748320e+00 3.084805e+00 2.165199e+00 -5.329071e-15 -3.330669e-15
2.919246e-01 5.250003820837e+00 3.065208e+00 2.184796e+00 -4.163336e-15 -1.054712e-15
2.900552e-01 5.250003893777e+00 3.045579e+00 2.204425e+00 -3.747003e-15 -2.164935e-15
2.881828e-01 5.250003967127e+00 3.025919e+00 2.224085e+00 -4.357625e-15 -4.718448e-15
2.863076e-01 5.250004040876e+00 3.006229e+00 2.243775e+00 -4.996004e-15 -4.052314e-15
2.844296e-01 5.250004115011e+00 2.986511e+00 2.263493e+00 -6.133982e-15 -4.662937e-15
2.825491e-01 5.250004189519e+00 2.966765e+00 2.283239e+00 -5.384582e-15 -3.941292e-15
2.806660e-01 5.250004264386e+00 2.946993e+00 2.303011e+00 -5.440093e-15 -5.440093e-15
2.787807e-01 5.250004339601e+00 2.927197e+00 2.322807e+00 -5.412337e-15 -3.386180e-15
2.768931e-01 5.250004415151e+00 2.907377e+00 2.342627e+00 -4.690692e-15 -6.106227e-16
2.750034e-01 5.250004491021e+00 2.887536e+00 2.362469e+00 -4.357625e-15 -1.776357e-15
2.731118e-01 5.250004567200e+00 2.867674e+00 2.382331e+00 -3.191891e-15 -5.440093e-15
2.712183e-01 5.250004643673e+00 2.847792e+00 2.402212e+00 -3.830269e-15 -4.385381e-15
2.693231e-01 5.250004720429e+00 2.827893e+00 2.422112e+00 -4.496403e-15 -6.050715e-15
2.674264e-01 5.250004797453e+00 2.807977e+00 2.442028e+00 -5.495604e-15 -2.775558e-16
2.655282e-01 5.250004874732e+00 2.788046e+00 2.461959e+00 -5.939693e-15 -2.498002e-15
2.636286e-01 5.250004952254e+00 2.768101e+00 2.481904e+00 -5.329071e-15 -3.885781e-15
2.617279e-01 5.250005030004e+00 2.748143e+00 2.501862e+00 -5.190293e-15 -2.386980e-15
2.598261e-01 5.250005107969e+00 2.728174e+00 2.521831e+00 -5.800915e-15 -3.164136e-15
2.579234e-01 5.250005186136e+00 2.708196e+00 2.541809e+00 -5.107026e-15 -3.996803e-15
2.560199e-01 5.250005264492e+00 2.688209e+00 2.561796e+00 -6.383782e-15 -7.827072e-15
2.541157e-01 5.250005343024e+00 2.668215e+00 2.581790e+00 -4.052314e-15 -4.385381e-15
2.522110e-01 5.250005421718e+00 2.648216e+00 2.601790e+00 -4.773959e-15 -4.274359e-15
2.503059e-01 5.250005500560e+00 2.628212e+00 2.621794e+00 -5.023759e-15 -5.828671e-15
2.484005e-01 5.250005579539e+00 2.608205e+00 2.641801e+00 -3.774758e-15 -5.828671e-15
2.464949e-01 5.250005658639e+00 2.588197e+00 2.661809e+00 -6.022960e-15 -4.052314e-15
2.445893e-01 5.250005737849e+00 2.568188e+00 2.681818e+00 -4.884981e-15 -2.886580e-15
2.426839e-01 5.250005817156e+00 2.548181e+00 2.701825e+00 -4.746203e-15 -1.720846e-15
2.407787e-01 5.250005896546e+00 2.528176e+00 2.721830e+00 -5.301315e-15 -7.771561e-16
2.388738e-01 5.250005976006e+00 2.508175e+00 2.741831e+00 -4.857226e-15 -4.163336e-15
2.369695e-01 5.250006055523e+00 2.488180e+00 2.761826e+00 -4.468648e-15 -5.051515e-15
2.350658e-01 5.250006135086e+00 2.468191e+00 2.781815e+00 -5.717649e-15 -5.162537e-15
2.331629e-01 5.250006214680e+00 2.448211e+00 2.801795e+00 -5.745404e-15 -4.329870e-15
2.312609e-01 5.250006294294e+00 2.428240e+00 2.821766e+00 -4.607426e-15 -6.550316e-15
2.293600e-01 5.250006373914e+00 2.408280e+00 2.841727e+00 -5.551115e-15 -6.439294e-15
2.274602e-01 5.250006453530e+00 2.388332e+00 2.861674e+00 -4.274359e-15 -6.272760e-15
2.255617e-01 5.250006533127e+00 2.368398e+00 2.881609e+00 -5.162537e-15 -5.051515e-15
2.236646e-01 5.250006612695e+00 2.348479e+00 2.901528e+00 -4.524159e-15 -6.772360e-15
2.217691e-01 5.250006692221e+00 2.328576e+00 2.921431e+00 -4.912737e-15 -5.440093e-15
2.198753e-01 5.250006771693e+00 2.308691e+00 2.941316e+00 -5.717649e-15 -6.050715e-15
2.179833e-01 5.250006851100e+00 2.288825e+00 2.961182e+00 -5.023759e-15 -6.050715e-15
2.160933e-01 5.250006930430e+00 2.268979e+00 2.981028e+00 -6.494805e-15 -8.548717e-15
2.142053e-01 5.250007009671e+00 2.249156e+00 3.000851e+00 -6.467049e-15 -5.606626e-15
2.123196e-01 5.250007088812e+00 2.229356e+00 3.020651e+00 -5.967449e-15 -5.995204e-15
2.104362e-01 5.250007167842e+00 2.209580e+00 3.040427e+00 -5.578871e-15 -8.326673e-15
2.085553e-01 5.250007246750e+00 2.189830e+00 3.060177e+00 -7.244205e-15 -6.661338e-15
2.066769e-01 5.250007325525e+00 2.170108e+00 3.079899e+00 -5.745404e-15 -9.547918e-15
2.048014e-01 5.250007404156e+00 2.150414e+00 3.099593e+00 -5.634382e-15 -7.882583e-15
2.029286e-01 5.250007482634e+00 2.130751e+00 3.119257e+00 -5.301315e-15 -9.325873e-15
2.010589e-01 5.250007560947e+00 2.111118e+00 3.138889e+00 -5.606626e-15 -1.010303e-14
1.991923e-01 5.250007639085e+00 2.091519e+00 3.158489e+00 -6.328271e-15 -8.104628e-15
1.973289e-01 5.250007717039e+00 2.071954e+00 3.178054e+00 -6.217249e-15 -7.993606e-15
1.954689e-01 5.250007794798e+00 2.052424e+00 3.197584e+00 -5.356826e-15 -8.770762e-15
1.936124e-01 5.250007872354e+00 2.032930e+00 3.217078e+00 -5.190293e-15 -1.176836e-14
1.917595e-01 5.250007949696e+00 2.013475e+00 3.236533e+00 -6.522560e-15 -1.199041e-14
1.899104e-01 5.250008026816e+00 1.994060e+00 3.255949e+00 -5.440093e-15 -6.994405e-15
1.880652e-01 5.250008103705e+00 1.974685e+00 3.275324e+00 -6.855627e-15 -9.325873e-15
1.862240e-01 5.250008180353e+00 1.955352e+00 3.294656e+00 -5.856426e-15 -1.199041e-14
1.843869e-01 5.250008256752e+00 1.936062e+00 3.313946e+00 -6.133982e-15 -1.043610e-14
1.825540e-01 5.250008332894e+00 1.916817e+00 3.333191e+00 -5.856426e-15 -1.054712e-14
1.807256e-01 5.250008408770e+00 1.897619e+00 3.352390e+00 -6.633583e-15 -8.770762e-15
1.789016e-01 5.250008484373e+00 1.878467e+00 3.371541e+00 -6.439294e-15 -1.509903e-14
1.770823e-01 5.250008559695e+00 1.859364e+00 3.390644e+00 -6.605827e-15 -9.325873e-15
1.752677e-01 5.250008634727e+00 1.840311e+00 3.409698e+00 -5.412337e-15 -9.547918e-15
1.734580e-01 5.250008709464e+00 1.821309e+00 3.428700e+00 -5.329071e-15 -1.598721e-14
1.716533e-01 5.250008783897e+00 1.802360e+00 3.447649e+00 -5.634382e-15 -9.214851e-15
1.698537e-01 5.250008858020e+00 1.783464e+00 3.466545e+00 -5.218048e-15 -1.065814e-14
1.680594e-01 5.250008931826e+00 1.764623e+00 3.485386e+00 -6.328271e-15 -1.243450e-14
1.662704e-01 5.250009005308e+00 1.745839e+00 3.504170e+00 -6.078471e-15 -9.769963e-15
1.644869e-01 5.250009078460e+00 1.727112e+00 3.522897e+00 -6.772360e-15 -1.199041e-14
1.627089e-01 5.250009151277e+00 1.708444e+00 3.541565e+00 -5.273559e-15 -1.254552e-14
1.609367e-01 5.250009223751e+00 1.689836e+00 3.560174e+00 -5.384582e-15 -1.498801e-14
1.591704e-01 5.250009295878e+00 1.671289e+00 3.578721e+00 -5.384582e-15 -1.276756e-14
1.574099e-01 5.250009367652e+00 1.652804e+00 3.597205e+00 -4.468648e-15 -1.321165e-14
1.556556e-01 5.250009439068e+00 1.634384e+00 3.615626e+00 -5.773160e-15 -1.021405e-14
1.539074e-01 5.250009510121e+00 1.616028e+00 3.633982e+00 -5.995204e-15 -1.165734e-14
1.521655e-01 5.250009580805e+00 1.597738e+00 3.652271e+00 -5.329071e-15 -1.265654e-14
1.504301e-01 5.250009651117e+00 1.579516e+00 3.670494e+00 -5.245804e-15 -1.465494e-14
1.487011e-01 5.250009721052e+00 1.561362e+00 3.688648e+00 -5.384582e-15 -1.365574e-14
1.469789e-01 5.250009790605e+00 1.543278e+00 3.706732e+00 -4.746203e-15 -1.076916e-14
1.452633e-01 5.250009859773e+00 1.525265e+00 3.724745e+00 -5.551115e-15 -1.187939e-14
1.435547e-01 5.250009928553e+00 1.507324e+00 3.742686e+00 -5.662137e-15 -8.992806e-15
1.418530e-01 5.250009996939e+00 1.489456e+00 3.760554e+00 -4.968248e-15 -1.310063e-14
1.401584e-01 5.250010064929e+00 1.471663e+00 3.778347e+00 -5.301315e-15 -9.769963e-15
1.384710e-01 5.250010132520e+00 1.453946e+00 3.796064e+00 -5.703771e-15 -1.620926e-14
1.367909e-01 5.250010199709e+00 1.436305e+00 3.813705e+00 -5.384582e-15 -9.436896e-15
1.351183e-01 5.250010266493e+00 1.418742e+00 3.831268e+00 -4.996004e-15 -1.076916e-14
1.334532e-01 5.250010332868e+00 1.401258e+00 3.848752e+00 -5.148659e-15 -7.882583e-15
1.317957e-01 5.250010398834e+00 1.383855e+00 3.866156e+00 -5.190293e-15 -1.343370e-14
1.301459e-01 5.250010464387e+00 1.366532e+00 3.883478e+00 -6.175616e-15 -1.221245e-14
1.285041e-01 5.250010529526e+00 1.349293e+00 3.900718e+00 -5.120904e-15 -1.210143e-14
1.268701e-01 5.250010594249e+00 1.332136e+00 3.917874e+00 -5.245804e-15 -1.365574e-14
1.252443e-01 5.250010658553e+00 1.315065e+00 3.934946e+00 -5.689893e-15 -1.609823e-14
1.236266e-01 5.250010722438e+00 1.298079e+00 3.951932e+00 -4.093947e-15 -8.437695e-15
1.220171e-01 5.250010785901e+00 1.281180e+00 3.968831e+00 -5.356826e-15 -1.287859e-14
1.204161e-01 5.250010848943e+00 1.264369e+00 3.985642e+00 -4.829470e-15 -1.187939e-14
1.188235e-01 5.250010911561e+00 1.247647e+00 4.002364e+00 -5.356826e-15 -9.325873e-15
1.172395e-01 5.250010973755e+00 1.231015e+00 4.018996e+00 -5.648260e-15 -1.609823e-14
1.156642e-01 5.250011035524e+00 1.214474e+00 4.035537e+00 -6.217249e-15 -1.387779e-14
1.140976e-01 5.250011096868e+00 1.198025e+00 4.051986e+00 -5.787038e-15 -1.498801e-14
1.125400e-01 5.250011157786e+00 1.181669e+00 4.068342e+00 -5.426215e-15 -1.310063e-14
1.109913e-01 5.250011218278e+00 1.165408e+00 4.084603e+00 -6.231127e-15 -1.054712e-14
1.094517e-01 5.250011278344e+00 1.149242e+00 4.100769e+00 -5.551115e-15 -1.332268e-14
1.079212e-01 5.250011337983e+00 1.133173e+00 4.116839e+00 -5.773160e-15 -1.432188e-14
1.064001e-01 5.250011397196e+00 1.117201e+00 4.132811e+00 -6.189493e-15 -1.076916e-14
1.048883e-01 5.250011455984e+00 1.101327e+00 4.148685e+00 -4.801715e-15 -1.354472e-14
1.033859e-01 5.250011514346e+00 1.085552e+00 4.164459e+00 -6.189493e-15 -1.265654e-14
1.018932e-01 5.250011572283e+00 1.069878e+00 4.180133e+00 -5.342948e-15 -1.465494e-14
1.004100e-01 5.250011629796e+00 1.054305e+00 4.195706e+00 -5.717649e-15 -1.598721e-14
9.893665e-02 5.250011686885e+00 1.038835e+00 4.211177e+00 -4.898859e-15 -1.565414e-14
9.747311e-02 5.250011743552e+00 1.023468e+00 4.226544e+00 -5.842549e-15 -1.387779e-14
9.601949e-02 5.250011799797e+00 1.008205e+00 4.241807e+00 -5.315193e-15 -1.254552e-14
9.457590e-02 5.250011855621e+00 9.930470e-01 4.256965e+00 -5.134781e-15 -1.643130e-14
9.314243e-02 5.250011911026e+00 9.779955e-01 4.272016e+00 -5.315193e-15 -1.310063e-14
9.171915e-02 5.250011966013e+00 9.630511e-01 4.286961e+00 -5.564993e-15 -8.659740e-15
9.030617e-02 5.250012020584e+00 9.482147e-01 4.301797e+00 -5.176415e-15 -1.132427e-14
8.890356e-02 5.250012074739e+00 9.334874e-01 4.316525e+00 -4.871104e-15 -1.454392e-14
8.751143e-02 5.250012128480e+00 9.188700e-01 4.331142e+00 -5.190293e-15 -1.354472e-14
8.612985e-02 5.250012181809e+00 9.043634e-01 4.345649e+00 -5.287437e-15 -8.104628e-15
8.475891e-02 5.250012234728e+00 8.899685e-01 4.360044e+00 -5.967449e-15 -1.065814e-14
8.339870e-02 5.250012287239e+00 8.756863e-01 4.374326e+00 -5.787038e-15 -1.376677e-14
8.204930e-02 5.250012339342e+00 8.615176e-01 4.388495e+00 -5.481726e-15 -1.143530e-14
8.071080e-02 5.250012391041e+00 8.474634e-01 4.402549e+00 -5.023759e-15 -1.287859e-14
7.938328e-02 5.250012442337e+00 8.335245e-01 4.416488e+00 -5.939693e-15 -1.221245e-14
7.806683e-02 5.250012493233e+00 8.197017e-01 4.430311e+00 -5.634382e-15 -1.676437e-14
7.676153e-02 5.250012543729e+00 8.059961e-01 4.444016e+00 -4.982126e-15 -1.187939e-14
7.546746e-02 5.250012593830e+00 7.924083e-01 4.457604e+00 -5.551115e-15 -9.880985e-15
7.418470e-02 5.250012643536e+00 7.789393e-01 4.471073e+00 -6.286638e-15 -1.643130e-14
7.291333e-02 5.250012692850e+00 7.655899e-01 4.484423e+00 -5.384582e-15 -1.110223e-14
7.165343e-02 5.250012741774e+00 7.523610e-01 4.497652e+00 -5.648260e-15 -1.476597e-14
7.040509e-02 5.250012790311e+00 7.392534e-01 4.510759e+00 -5.662137e-15 -1.409983e-14
6.916838e-02 5.250012838463e+00 7.262679e-01 4.523745e+00 -5.967449e-15 -1.487699e-14
6.794337e-02 5.250012886233e+00 7.134054e-01 4.536607e+00 -6.564194e-15 -1.798561e-14
6.673016e-02 5.250012933623e+00 7.006667e-01 4.549346e+00 -5.134781e-15 -1.210143e-14
6.552881e-02 5.250012980635e+00 6.880525e-01 4.561961e+00 -5.592748e-15 -1.598721e-14
6.433940e-02 5.250013027273e+00 6.755636e-01 4.574449e+00 -5.828671e-15 -1.432188e-14
6.316200e-02 5.250013073538e+00 6.632010e-01 4.586812e+00 -5.939693e-15 -1.110223e-14
6.199670e-02 5.250013119433e+00 6.509653e-01 4.599048e+00 -5.648260e-15 -1.132427e-14
6.084356e-02 5.250013164962e+00 6.388574e-01 4.611156e+00 -5.800915e-15 -1.687539e-14
5.970267e-02 5.250013210126e+00 6.268780e-01 4.623135e+00 -5.384582e-15 -1.487699e-14
5.857408e-02 5.250013254928e+00 6.150279e-01 4.634985e+00 -5.606626e-15 -1.554312e-14
5.745789e-02 5.250013299371e+00 6.033078e-01 4.646705e+00 -5.662137e-15 -2.031708e-14
5.635415e-02 5.250013343458e+00 5.917186e-01 4.658295e+00 -5.648260e-15 -1.165734e-14
5.526295e-02 5.250013387192e+00 5.802609e-01 4.669752e+00 -5.717649e-15 -2.053913e-14
5.418434e-02 5.250013430575e+00 5.689356e-01 4.681078e+00 -5.412337e-15 -2.042810e-14
5.311841e-02 5.250013473610e+00 5.577433e-01 4.692270e+00 -5.884182e-15 -1.820766e-14
5.206522e-02 5.250013516300e+00 5.466848e-01 4.703329e+00 -5.606626e-15 -1.709743e-14
5.102485e-02 5.250013558648e+00 5.357609e-01 4.714253e+00 -5.356826e-15 -2.331468e-14
4.999735e-02 5.250013600656e+00 5.249722e-01 4.725041e+00 -5.287437e-15 -1.976197e-14
4.898280e-02 5.250013642328e+00 5.143194e-01 4.735694e+00 -5.564993e-15 -1.909584e-14
4.798127e-02 5.250013683667e+00 5.038034e-01 4.746210e+00 -5.717649e-15 -1.865175e-14
4.699283e-02 5.250013724675e+00 4.934247e-01 4.756589e+00 -5.606626e-15 -1.443290e-14
4.601753e-02 5.250013765355e+00 4.831841e-01 4.766830e+00 -5.440093e-15 -1.609823e-14
4.505545e-02 5.250013805710e+00 4.730823e-01 4.776932e+00 -5.467848e-15 -2.142730e-14
4.410666e-02 5.250013845743e+00 4.631199e-01 4.786894e+00 -5.231926e-15 -1.754152e-14
4.317121e-02 5.250013885458e+00 4.532977e-01 4.796716e+00 -6.120104e-15 -1.754152e-14
4.224918e-02 5.250013924856e+00 4.436164e-01 4.806398e+00 -5.273559e-15 -1.820766e-14
4.134062e-02 5.250013963942e+00 4.340765e-01 4.815937e+00 -5.648260e-15 -2.042810e-14
4.044560e-02 5.250014002717e+00 4.246788e-01 4.825335e+00 -5.689893e-15 -1.565414e-14
3.956419e-02 5.250014041186e+00 4.154240e-01 4.834590e+00 -5.606626e-15 -2.198242e-14
3.869644e-02 5.250014079350e+00 4.063126e-01 4.843701e+00 -5.342948e-15 -1.965095e-14
3.784242e-02 5.250014117213e+00 3.973454e-01 4.852669e+00 -5.898060e-15 -2.020606e-14
3.700219e-02 5.250014154778e+00 3.885230e-01 4.861491e+00 -5.995204e-15 -1.509903e-14
3.617581e-02 5.250014192047e+00 3.798460e-01 4.870168e+00 -5.273559e-15 -1.787459e-14
3.536334e-02 5.250014229024e+00 3.713151e-01 4.878699e+00 -5.870304e-15 -1.676437e-14
3.456485e-02 5.250014265712e+00 3.629309e-01 4.887083e+00 -5.453971e-15 -1.987299e-14
3.378038e-02 5.250014302113e+00 3.546940e-01 4.895320e+00 -5.842549e-15 -2.109424e-14
3.301001e-02 5.250014338230e+00 3.466051e-01 4.903409e+00 -5.398459e-15 -1.965095e-14
3.225378e-02 5.250014374066e+00 3.386647e-01 4.911350e+00 -5.537237e-15 -1.809664e-14
3.151176e-02 5.250014409623e+00 3.308735e-01 4.919141e+00 -5.523360e-15 -1.509903e-14
3.078401e-02 5.250014444905e+00 3.232321e-01 4.926782e+00 -5.440093e-15 -2.209344e-14
3.007058e-02 5.250014479914e+00 3.157411e-01 4.934273e+00 -5.467848e-15 -2.631229e-14
2.937153e-02 5.250014514652e+00 3.084011e-01 4.941613e+00 -5.148659e-15 -2.509104e-14
2.868692e-02 5.250014549122e+00 3.012127e-01 4.948802e+00 -5.599687e-15 -1.343370e-14
2.801680e-02 5.250014583327e+00 2.941764e-01 4.955838e+00 -5.523360e-15 -1.931788e-14
2.736123e-02 5.250014617268e+00 2.872929e-01 4.962722e+00 -5.419276e-15 -2.520206e-14
2.672026e-02 5.250014650948e+00 2.805627e-01 4.969452e+00 -5.349887e-15 -2.031708e-14
2.609395e-02 5.250014684368e+00 2.739864e-01 4.976028e+00 -5.287437e-15 -1.576517e-14
2.548235e-02 5.250014717531e+00 2.675647e-01 4.982450e+00 -5.030698e-15 -1.920686e-14
2.488552e-02 5.250014750438e+00 2.612979e-01 4.988717e+00 -5.329071e-15 -2.253753e-14
2.430350e-02 5.250014783091e+00 2.551868e-01 4.994828e+00 -5.224987e-15 -2.375877e-14
2.373636e-02 5.250014815491e+00 2.492318e-01 5.000783e+00 -4.940492e-15 -2.264855e-14
2.318415e-02 5.250014847639e+00 2.434335e-01 5.006581e+00 -5.315193e-15 -1.731948e-14
2.264691e-02 5.250014879536e+00 2.377925e-01 5.012222e+00 -5.238865e-15 -1.931788e-14
2.212470e-02 5.250014911183e+00 2.323094e-01 5.017706e+00 -5.287437e-15 -1.931788e-14
2.161757e-02 5.250014942580e+00 2.269845e-01 5.023030e+00 -5.148659e-15 -2.442491e-14
2.112558e-02 5.250014973727e+00 2.218186e-01 5.028196e+00 -5.384582e-15 -1.665335e-14
2.064876e-02 5.250015004624e+00 2.168120e-01 5.033203e+00 -5.176415e-15 -1.931788e-14
2.018718e-02 5.250015035271e+00 2.119654e-01 5.038050e+00 -5.495604e-15 -2.009504e-14
1.974088e-02 5.250015065666e+00 2.072793e-01 5.042736e+00 -5.384582e-15 -2.375877e-14
1.930992e-02 5.250015095808e+00 2.027541e-01 5.047261e+00 -5.453971e-15 -2.520206e-14
1.889433e-02 5.250015125697e+00 1.983905e-01 5.051625e+00 -5.398459e-15 -2.076117e-14
1.849417e-02 5.250015155329e+00 1.941888e-01 5.055826e+00 -5.502543e-15 -2.164935e-14
1.810949e-02 5.250015184702e+00 1.901497e-01 5.059866e+00 -5.398459e-15 -2.498002e-14
1.774033e-02 5.250015213814e+00 1.862735e-01 5.063742e+00 -5.613565e-15 -2.098322e-14
1.738675e-02 5.250015242660e+00 1.825609e-01 5.067454e+00 -5.329071e-15 -2.187139e-14
1.704878e-02 5.250015271238e+00 1.790122e-01 5.071003e+00 -5.252743e-15 -2.420286e-14
1.672648e-02 5.250015299542e+00 1.756280e-01 5.074387e+00 -5.405398e-15 -2.020606e-14
1.641989e-02 5.250015327567e+00 1.724088e-01 5.077607e+00 -5.440093e-15 -1.620926e-14
1.612905e-02 5.250015355308e+00 1.693550e-01 5.080660e+00 -5.426215e-15 -2.575717e-14
1.585401e-02 5.250015382759e+00 1.664671e-01 5.083548e+00 -5.453971e-15 -1.976197e-14
1.559482e-02 5.250015409913e+00 1.637456e-01 5.086270e+00 -5.488665e-15 -2.431388e-14
1.535152e-02 5.250015436762e+00 1.611910e-01 5.088824e+00 -5.634382e-15 -2.053913e-14
1.512415e-02 5.250015463298e+00 1.588036e-01 5.091212e+00 -5.467848e-15 -1.865175e-14
1.491276e-02 5.250015489513e+00 1.565839e-01 5.093432e+00 -5.287437e-15 -1.587619e-14
1.471738e-02 5.250015515397e+00 1.545325e-01 5.095483e+00 -5.426215e-15 -1.842970e-14
1.453806e-02 5.250015540939e+00 1.526497e-01 5.097366e+00 -5.356826e-15 -1.365574e-14
1.437485e-02 5.250015566129e+00 1.509359e-01 5.099080e+00 -5.544176e-15 -1.609823e-14
1.422777e-02 5.250015590955e+00 1.493916e-01 5.100624e+00 -5.447032e-15 -2.453593e-14
1.409688e-02 5.250015615404e+00 1.480172e-01 5.101998e+00 -5.474787e-15 -2.020606e-14
1.398220e-02 5.250015639463e+00 1.468131e-01 5.103203e+00 -5.440093e-15 -2.042810e-14
1.388379e-02 5.250015663119e+00 1.457798e-01 5.104236e+00 -5.561523e-15 -1.798561e-14
1.380167e-02 5.250015686355e+00 1.449176e-01 5.105098e+00 -5.485196e-15 -2.198242e-14
1.373589e-02 5.250015709157e+00 1.442269e-01 5.105789e+00 -5.453971e-15 -2.420286e-14
1.368648e-02 5.250015731507e+00 1.437081e-01 5.106308e+00 -5.512951e-15 -2.109424e-14
1.365348e-02 5.250015753390e+00 1.433616e-01 5.106654e+00 -5.495604e-15 -2.164935e-14
1.363692e-02 5.250015774785e+00 1.431877e-01 5.106828e+00 -5.471318e-15 -1.942890e-14
1.363685e-02 5.250015795675e+00 1.431869e-01 5.106829e+00 -5.471318e-15 -2.464695e-14
1.365328e-02 5.250015816040e+00 1.433594e-01 5.106656e+00 -5.502543e-15 -1.854072e-14
1.368625e-02 5.250015835858e+00 1.437057e-01 5.106310e+00 -5.554585e-15 -2.287059e-14
1.373581e-02 5.250015855110e+00 1.442260e-01 5.105790e+00 -5.485196e-15 -1.820766e-14
1.380197e-02 5.250015873772e+00 1.449207e-01 5.105095e+00 -5.398459e-15 -1.343370e-14
1.388477e-02 5.250015891821e+00 1.457901e-01 5.104226e+00 -5.502543e-15 -2.131628e-14
1.398424e-02 5.250015909235e+00 1.468345e-01 5.103181e+00 -5.603157e-15 -2.031708e-14
1.410040e-02 5.250015925989e+00 1.480542e-01 5.101962e+00 -5.589279e-15 -2.442491e-14
1.423328e-02 5.250015942057e+00 1.494494e-01 5.100566e+00 -5.641321e-15 -2.120526e-14
1.438291e-02 5.250015957415e+00 1.510206e-01 5.098995e+00 -5.433154e-15 -2.364775e-14
1.454932e-02 5.250015972035e+00 1.527678e-01 5.097248e+00 -5.478257e-15 -1.798561e-14
1.473252e-02 5.250015985892e+00 1.546915e-01 5.095325e+00 -5.554585e-15 -2.131628e-14
1.493254e-02 5.250015998957e+00 1.567917e-01 5.093224e+00 -5.634382e-15 -2.287059e-14
1.514941e-02 5.250016011203e+00 1.590688e-01 5.090947e+00 -5.627443e-15 -2.242651e-14
1.538313e-02 5.250016022601e+00 1.615229e-01 5.088493e+00 -5.611830e-15 -2.309264e-14
1.563374e-02 5.250016033122e+00 1.641542e-01 5.085862e+00 -5.533768e-15 -2.109424e-14
1.590124e-02 5.250016042738e+00 1.669630e-01 5.083053e+00 -5.559789e-15 -2.065015e-14
1.618565e-02 5.250016051418e+00 1.699494e-01 5.080067e+00 -5.502543e-15 -1.776357e-14
1.648700e-02 5.250016059134e+00 1.731135e-01 5.076903e+00 -5.623974e-15 -1.443290e-14
1.680528e-02 5.250016065855e+00 1.764554e-01 5.073561e+00 -5.771425e-15 -1.643130e-14
1.714052e-02 5.250016071551e+00 1.799754e-01 5.070041e+00 -5.693362e-15 -2.309264e-14
1.749271e-02 5.250016076192e+00 1.836735e-01 5.066343e+00 -5.556319e-15 -2.320366e-14
1.786188e-02 5.250016079748e+00 1.875498e-01 5.062466e+00 -5.651729e-15 -2.886580e-14
1.824803e-02 5.250016082189e+00 1.916043e-01 5.058412e+00 -5.627443e-15 -2.242651e-14
1.865115e-02 5.250016083486e+00 1.958371e-01 5.054179e+00 -5.512951e-15 -2.298162e-14
1.907127e-02 5.250016083607e+00 2.002483e-01 5.049768e+00 -5.741067e-15 -2.042810e-14
1.950836e-02 5.250016082525e+00 2.048378e-01 5.045178e+00 -5.636984e-15 -1.987299e-14
1.996245e-02 5.250016080209e+00 2.096057e-01 5.040410e+00 -5.432287e-15 -2.242651e-14
2.043351e-02 5.250016076632e+00 2.145519e-01 5.035464e+00 -5.775762e-15 -2.431388e-14
2.092156e-02 5.250016071765e+00 2.196763e-01 5.030340e+00 -5.747139e-15 -2.553513e-14
2.142657e-02 5.250016065580e+00 2.249790e-01 5.025037e+00 -5.660403e-15 -2.375877e-14
2.194855e-02 5.250016058052e+00 2.304598e-01 5.019556e+00 -5.528130e-15 -1.920686e-14
2.248748e-02 5.250016049153e+00 2.361186e-01 5.013897e+00 -5.744537e-15 -2.065015e-14
2.304336e-02 5.250016038858e+00 2.419553e-01 5.008061e+00 -5.569330e-15 -1.865175e-14
2.361616e-02 5.250016027144e+00 2.479696e-01 5.002046e+00 -5.851873e-15 -2.153833e-14
2.420586e-02 5.250016013985e+00 2.541616e-01 4.995854e+00 -5.631671e-15 -2.287059e-14
2.481246e-02 5.250015999361e+00 2.605308e-01 4.989485e+00 -5.785486e-15 -2.431388e-14
2.543593e-02 5.250015983249e+00 2.670772e-01 4.982939e+00 -5.546995e-15 -2.675637e-14
2.607624e-02 5.250015965629e+00 2.738005e-01 4.976215e+00 -5.818046e-15 -1.632028e-14
2.673336e-02 5.250015946482e+00 2.807003e-01 4.969316e+00 -5.697266e-15 -1.798561e-14
2.740728e-02 5.250015925791e+00 2.877765e-01 4.962239e+00 -5.414939e-15 -2.509104e-14
2.809796e-02 5.250015903539e+00 2.950286e-01 4.954987e+00 -5.277462e-15 -2.298162e-14
2.880536e-02 5.250015879712e+00 3.024563e-01 4.947560e+00 -5.564993e-15 -2.686740e-14
2.952946e-02 5.250015854294e+00 3.100593e-01 4.939957e+00 -5.591014e-15 -2.675637e-14
3.027021e-02 5.250015827275e+00 3.178372e-01 4.932179e+00 -5.414939e-15 -2.675637e-14
3.102757e-02 5.250015798645e+00 3.257894e-01 4.924226e+00 -5.475655e-15 -2.120526e-14
3.180150e-02 5.250015768393e+00 3.339157e-01 4.916100e+00 -5.454838e-15 -2.109424e-14
3.259195e-02 5.250015736513e+00 3.422155e-01 4.907800e+00 -5.941428e-15 -2.498002e-14
3.339888e-02 5.250015703000e+00 3.506883e-01 4.899327e+00 -5.313458e-15 -2.198242e-14
3.422224e-02 5.250015667848e+00 3.593335e-01 4.890682e+00 -5.629178e-15 -1.976197e-14
3.506197e-02 5.250015631056e+00 3.681507e-01 4.881865e+00 -5.511216e-15 -2.220446e-14
3.591802e-02 5.250015592624e+00 3.771392e-01 4.872876e+00 -5.696832e-15 -2.453593e-14
3.679033e-02 5.250015552552e+00 3.862985e-01 4.863717e+00 -5.330805e-15 -1.998401e-14
3.767884e-02 5.250015510844e+00 3.956278e-01 4.854388e+00 -5.471318e-15 -1.987299e-14
3.858349e-02 5.250015467503e+00 4.051266e-01 4.844889e+00 -5.563258e-15 -2.808864e-14
3.950420e-02 5.250015422537e+00 4.147941e-01 4.835221e+00 -5.776629e-15 -2.031708e-14
4.044093e-02 5.250015375953e+00 4.246297e-01 4.825386e+00 -5.554585e-15 -2.475797e-14
4.139358e-02 5.250015327761e+00 4.346326e-01 4.815383e+00 -5.353357e-15 -2.309264e-14
4.236210e-02 5.250015277972e+00 4.448020e-01 4.805213e+00 -5.904999e-15 -2.298162e-14
4.334640e-02 5.250015226600e+00 4.551372e-01 4.794878e+00 -5.287437e-15 -2.597922e-14
4.434641e-02 5.250015173659e+00 4.656373e-01 4.784378e+00 -5.131312e-15 -2.609024e-14
4.536205e-02 5.250015119165e+00 4.763016e-01 4.773714e+00 -5.714179e-15 -2.575717e-14
4.639324e-02 5.250015063137e+00 4.871290e-01 4.762886e+00 -5.100087e-15 -2.453593e-14
4.743988e-02 5.250015005592e+00 4.981188e-01 4.751896e+00 -5.512951e-15 -1.731948e-14
4.850190e-02 5.250014946553e+00 5.092700e-01 4.740745e+00 -5.599687e-15 -2.275957e-14
4.957921e-02 5.250014886041e+00 5.205817e-01 4.729433e+00 -6.019490e-15 -2.342571e-14
5.067170e-02 5.250014824080e+00 5.320529e-01 4.717962e+00 -5.120904e-15 -2.564615e-14
5.177930e-02 5.250014760693e+00 5.436826e-01 4.706332e+00 -5.349887e-15 -2.908784e-14
5.290190e-02 5.250014695907e+00 5.554699e-01 4.694545e+00 -5.051515e-15 -2.120526e-14
5.403940e-02 5.250014629749e+00 5.674137e-01 4.682601e+00 -5.322132e-15 -1.842970e-14
5.519171e-02 5.250014562247e+00 5.795129e-01 4.670502e+00 -5.582340e-15 -2.986500e-14
5.635871e-02 5.250014493429e+00 5.917665e-01 4.658248e+00 -5.370704e-15 -2.031708e-14
5.754032e-02 5.250014423325e+00 6.041734e-01 4.645841e+00 -5.773160e-15 -2.409184e-14
5.873641e-02 5.250014351967e+00 6.167324e-01 4.633282e+00 -5.606626e-15 -2.087219e-14
5.994689e-02 5.250014279384e+00 6.294424e-01 4.620572e+00 -5.894590e-15 -1.887379e-14
6.117164e-02 5.250014205609e+00 6.423022e-01 4.607712e+00 -5.443562e-15 -2.242651e-14
6.241055e-02 5.250014130674e+00 6.553108e-01 4.594703e+00 -5.346418e-15 -2.653433e-14
6.366350e-02 5.250014054612e+00 6.684668e-01 4.581547e+00 -4.652528e-15 -1.909584e-14
6.493039e-02 5.250013977457e+00 6.817691e-01 4.568245e+00 -5.641321e-15 -2.864375e-14
6.621108e-02 5.250013899241e+00 6.952164e-01 4.554798e+00 -4.843348e-15 -2.420286e-14
6.750547e-02 5.250013819998e+00 7.088074e-01 4.541206e+00 -5.478257e-15 -2.819966e-14
6.881343e-02 5.250013739763e+00 7.225410e-01 4.527473e+00 -5.471318e-15 -2.409184e-14
7.013484e-02 5.250013658568e+00 7.364158e-01 4.513598e+00 -5.370704e-15 -2.353673e-14
7.146958e-02 5.250013576447e+00 7.504306e-01 4.499583e+00 -5.176415e-15 -2.520206e-14
7.281751e-02 5.250013493435e+00 7.645839e-01 4.485430e+00 -5.460910e-15 -2.797762e-14
7.417852e-02 5.250013409564e+00 7.788745e-01 4.471139e+00 -5.599687e-15 -2.720046e-14
7.555248e-02 5.250013324867e+00 7.933010e-01 4.456712e+00 -4.746203e-15 -2.708944e-14
7.693925e-02 5.250013239376e+00 8.078621e-01 4.442151e+00 -4.628242e-15 -2.486900e-14
7.833870e-02 5.250013153125e+00 8.225564e-01 4.427457e+00 -5.058454e-15 -2.453593e-14
7.975071e-02 5.250013066144e+00 8.373825e-01 4.412631e+00 -5.676015e-15 -2.331468e-14
8.117514e-02 5.250012978465e+00 8.523390e-01 4.397674e+00 -5.412337e-15 -1.598721e-14
8.261185e-02 5.250012890118e+00 8.674245e-01 4.382588e+00 -6.022960e-15 -2.076117e-14
8.406072e-02 5.250012801132e+00 8.826375e-01 4.367375e+00 -5.571932e-15 -2.364775e-14
8.552159e-02 5.250012711538e+00 8.979767e-01 4.352036e+00 -5.113965e-15 -2.220446e-14
8.699434e-02 5.250012621362e+00 9.134406e-01 4.336572e+00 -4.572731e-15 -2.620126e-14
8.847883e-02 5.250012530633e+00 9.290277e-01 4.320985e+00 -5.127843e-15 -2.453593e-14
8.997492e-02 5.250012439378e+00 9.447366e-01 4.305276e+00 -4.315992e-15 -2.198242e-14
9.148246e-02 5.250012347621e+00 9.605658e-01 4.289447e+00 -5.821732e-15 -1.998401e-14
9.300132e-02 5.250012255387e+00 9.765139e-01 4.273498e+00 -5.780099e-15 -2.120526e-14
9.453135e-02 5.250012162702e+00 9.925792e-01 4.257433e+00 -6.154799e-15 -1.942890e-14
9.607242e-02 5.250012069586e+00 1.008760e+00 4.241252e+00 -4.947431e-15 -2.842171e-14
9.762437e-02 5.250011976064e+00 1.025056e+00 4.224956e+00 -5.467848e-15 -1.953993e-14
9.918706e-02 5.250011882155e+00 1.041464e+00 4.208548e+00 -5.648260e-15 -2.686740e-14
1.007604e-01 5.250011787879e+00 1.057984e+00 4.192028e+00 -5.932754e-15 -2.542411e-14
1.023441e-01 5.250011693256e+00 1.074613e+00 4.175399e+00 -5.037637e-15 -2.353673e-14
1.039381e-01 5.250011598305e+00 1.091351e+00 4.158661e+00 -5.523360e-15 -2.498002e-14
1.055424e-01 5.250011503042e+00 1.108195e+00 4.141817e+00 -5.856426e-15 -1.632028e-14
1.071566e-01 5.250011407484e+00 1.125144e+00 4.124867e+00 -6.300516e-15 -1.743050e-14
1.087807e-01 5.250011311646e+00 1.142197e+00 4.107814e+00 -6.078471e-15 -2.597922e-14
1.104145e-01 5.250011215543e+00 1.159352e+00 4.090659e+00 -5.891121e-15 -2.209344e-14
1.120578e-01 5.250011119190e+00 1.176607e+00 4.073404e+00 -5.606626e-15 -2.220446e-14
1.137106e-01 5.250011022598e+00 1.193961e+00 4.056050e+00 -5.620504e-15 -2.309264e-14
1.153726e-01 5.250010925780e+00 1.211413e+00 4.038598e+00 -5.925815e-15 -2.486900e-14
1.170438e-01 5.250010828749e+00 1.228960e+00 4.021051e+00 -6.210310e-15 -1.987299e-14
1.187239e-01 5.250010731514e+00 1.246601e+00 4.003410e+00 -5.800915e-15 -2.509104e-14
1.204128e-01 5.250010634086e+00 1.264335e+00 3.985676e+00 -6.800116e-15 -2.520206e-14
1.221104e-01 5.250010536475e+00 1.282159e+00 3.967851e+00 -5.634382e-15 -2.409184e-14
1.238165e-01 5.250010438690e+00 1.300073e+00 3.949937e+00 -6.418477e-15 -2.209344e-14
1.255310e-01 5.250010340739e+00 1.318075e+00 3.931935e+00 -5.218048e-15 -2.087219e-14
1.272536e-01 5.250010242630e+00 1.336163e+00 3.913847e+00 -5.918877e-15 -2.642331e-14
1.289843e-01 5.250010144372e+00 1.354335e+00 3.895675e+00 -6.654399e-15 -1.809664e-14
1.307229e-01 5.250010045971e+00 1.372590e+00 3.877420e+00 -5.266620e-15 -2.098322e-14
1.324692e-01 5.250009947434e+00 1.390927e+00 3.859083e+00 -4.406198e-15 -2.020606e-14
1.342231e-01 5.250009848768e+00 1.409343e+00 3.840667e+00 -5.384582e-15 -2.564615e-14
1.359845e-01 5.250009749980e+00 1.427837e+00 3.822173e+00 -5.495604e-15 -2.342571e-14
1.377531e-01 5.250009651076e+00 1.446407e+00 3.803602e+00 -6.203371e-15 -1.776357e-14
1.395288e-01 5.250009552061e+00 1.465053e+00 3.784957e+00 -5.953571e-15 -2.153833e-14
1.413115e-01 5.250009452943e+00 1.483771e+00 3.766239e+00 -5.564993e-15 -2.098322e-14
1.431010e-01 5.250009353726e+00 1.502561e+00 3.747449e+00 -5.787038e-15 -1.876277e-14
1.448972e-01 5.250009254417e+00 1.521420e+00 3.728589e+00 -5.426215e-15 -2.298162e-14
1.466998e-01 5.250009155021e+00 1.540348e+00 3.709661e+00 -5.342948e-15 -2.298162e-14
1.485088e-01 5.250009055544e+00 1.559342e+00 3.690667e+00 -5.717649e-15 -2.520206e-14
1.503239e-01 5.250008955994e+00 1.578401e+00 3.671608e+00 -5.065393e-15 -1.709743e-14
1.521451e-01 5.250008856374e+00 1.597523e+00 3.652485e+00 -4.704570e-15 -2.142730e-14
1.539721e-01 5.250008756692e+00 1.616707e+00 3.633301e+00 -5.051515e-15 -2.209344e-14
1.558049e-01 5.250008656954e+00 1.635951e+00 3.614058e+00 -6.050715e-15 -1.898481e-14
1.576431e-01 5.250008557167e+00 1.655253e+00 3.594756e+00 -4.940492e-15 -2.398082e-14
1.594868e-01 5.250008457336e+00 1.674612e+00 3.575397e+00 -4.496403e-15 -2.142730e-14
1.613357e-01 5.250008357470e+00 1.694025e+00 3.555983e+00 -4.857226e-15 -2.431388e-14
1.631897e-01 5.250008257574e+00 1.713492e+00 3.536517e+00 -4.621303e-15 -1.909584e-14
1.650486e-01 5.250008157657e+00 1.733010e+00 3.516998e+00 -4.093947e-15 -2.642331e-14
1.669122e-01 5.250008057726e+00 1.752578e+00 3.497430e+00 -4.454770e-15 -2.542411e-14
1.687804e-01 5.250007957788e+00 1.772194e+00 3.477814e+00 -4.662937e-15 -2.287059e-14
1.706530e-01 5.250007857852e+00 1.791857e+00 3.458151e+00 -5.911938e-15 -2.076117e-14
1.725300e-01 5.250007757926e+00 1.811565e+00 3.438443e+00 -5.093148e-15 -2.198242e-14
1.744110e-01 5.250007658019e+00 1.831315e+00 3.418692e+00 -4.662937e-15 -2.153833e-14
1.762960e-01 5.250007558139e+00 1.851108e+00 3.398900e+00 -4.940492e-15 -2.553513e-14
1.781848e-01 5.250007458295e+00 1.870940e+00 3.379068e+00 -4.871104e-15 -2.264855e-14
1.800772e-01 5.250007358498e+00 1.890810e+00 3.359197e+00 -4.649059e-15 -2.819966e-14
1.819730e-01 5.250007258755e+00 1.910717e+00 3.339290e+00 -3.969047e-15 -2.398082e-14
1.838722e-01 5.250007159078e+00 1.930658e+00 3.319349e+00 -4.385381e-15 -2.364775e-14
1.857746e-01 5.250007059475e+00 1.950633e+00 3.299374e+00 -4.857226e-15 -2.065015e-14
1.876799e-01 5.250006959959e+00 1.970639e+00 3.279368e+00 -5.190293e-15 -2.353673e-14
1.895881e-01 5.250006860538e+00 1.990675e+00 3.259332e+00 -4.954370e-15 -2.231548e-14
1.914989e-01 5.250006761223e+00 2.010738e+00 3.239268e+00 -5.107026e-15 -2.631229e-14
1.934122e-01 5.250006662026e+00 2.030828e+00 3.219178e+00 -5.481726e-15 -2.942091e-14
1.953279e-01 5.250006562958e+00 2.050943e+00 3.199064e+00 -5.606626e-15 -2.486900e-14
1.972458e-01 5.250006464030e+00 2.071081e+00 3.178926e+00 -5.995204e-15 -2.764455e-14
1.991657e-01 5.250006365254e+00 2.091240e+00 3.158767e+00 -5.870304e-15 -2.653433e-14
2.010875e-01 5.250006266640e+00 2.111418e+00 3.138588e+00 -5.676015e-15 -2.498002e-14
2.030110e-01 5.250006168202e+00 2.131615e+00 3.118391e+00 -5.870304e-15 -2.620126e-14
2.049360e-01 5.250006069951e+00 2.151828e+00 3.098178e+00 -4.926615e-15 -2.675637e-14
2.068624e-01 5.250005971900e+00 2.172055e+00 3.077950e+00 -5.689893e-15 -2.586820e-14
2.087901e-01 5.250005874060e+00 2.192296e+00 3.057710e+00 -5.134781e-15 -2.475797e-14
2.107188e-01 5.250005776445e+00 2.212548e+00 3.037458e+00 -5.301315e-15 -2.420286e-14
2.126485e-01 5.250005679067e+00 2.232809e+00 3.017197e+00 -6.133982e-15 -2.420286e-14
2.145789e-01 5.250005581939e+00 2.253078e+00 2.996927e+00 -5.939693e-15 -2.420286e-14
2.165099e-01 5.250005485074e+00 2.273354e+00 2.976652e+00 -5.509482e-15 -2.331468e-14
2.184413e-01 5.250005388485e+00 2.293634e+00 2.956372e+00 -5.648260e-15 -2.409184e-14
2.203730e-01 5.250005292187e+00 2.313917e+00 2.936088e+00 -7.105427e-15 -2.220446e-14
2.223049e-01 5.250005196192e+00 2.334201e+00 2.915804e+00 -5.523360e-15 -2.353673e-14
2.242367e-01 5.250005100514e+00 2.354486e+00 2.895520e+00 -5.634382e-15 -2.298162e-14
2.261684e-01 5.250005005168e+00 2.374768e+00 2.875237e+00 -6.591949e-15 -2.120526e-14
2.280997e-01 5.250004910168e+00 2.395046e+00 2.854959e+00 -5.925815e-15 -2.542411e-14
2.300304e-01 5.250004815527e+00 2.415320e+00 2.834685e+00 -5.620504e-15 -2.675637e-14
2.319606e-01 5.250004721262e+00 2.435586e+00 2.814419e+00 -5.773160e-15 -2.520206e-14
2.338899e-01 5.250004627386e+00 2.455844e+00 2.794160e+00 -6.689094e-15 -2.442491e-14
2.358183e-01 5.250004533916e+00 2.476092e+00 2.773912e+00 -4.538037e-15 -2.664535e-14
2.377456e-01 5.250004440866e+00 2.496328e+00 2.753676e+00 -5.967449e-15 -2.720046e-14
2.396715e-01 5.250004348252e+00 2.516551e+00 2.733453e+00 -6.106227e-15 -2.720046e-14
2.415961e-01 5.250004256091e+00 2.536759e+00 2.713245e+00 -6.439294e-15 -2.664535e-14
2.435191e-01 5.250004164398e+00 2.556951e+00 2.693053e+00 -7.008283e-15 -2.964295e-14
2.454404e-01 5.250004073191e+00 2.577124e+00 2.672880e+00 -5.814793e-15 -2.342571e-14
2.473598e-01 5.250003982487e+00 2.597278e+00 2.652726e+00 -6.189493e-15 -2.320366e-14
2.492772e-01 5.250003892302e+00 2.617411e+00 2.632593e+00 -6.106227e-15 -2.309264e-14
2.511924e-01 5.250003802656e+00 2.637521e+00 2.612483e+00 -5.301315e-15 -2.697842e-14
2.531054e-01 5.250003713565e+00 2.657606e+00 2.592397e+00 -5.551115e-15 -2.453593e-14
2.550158e-01 5.250003625049e+00 2.677666e+00 2.572338e+00 -6.161738e-15 -2.309264e-14
2.569237e-01 5.250003537126e+00 2.697698e+00 2.552305e+00 -5.578871e-15 -2.464695e-14
2.588287e-01 5.250003449816e+00 2.717702e+00 2.532302e+00 -6.911138e-15 -2.287059e-14
2.607309e-01 5.250003363139e+00 2.737675e+00 2.512329e+00 -6.092349e-15 -2.886580e-14
2.626301e-01 5.250003277115e+00 2.757616e+00 2.492387e+00 -5.828671e-15 -2.431388e-14
2.645260e-01 5.250003191764e+00 2.777523e+00 2.472480e+00 -5.523360e-15 -2.187139e-14
2.664187e-01 5.250003107108e+00 2.797396e+00 2.452607e+00 -5.967449e-15 -2.464695e-14
2.683079e-01 5.250003023168e+00 2.817233e+00 2.432770e+00 -5.481726e-15 -2.342571e-14
2.701934e-01 5.250002939965e+00 2.837031e+00 2.412972e+00 -6.772360e-15 -2.475797e-14
2.720753e-01 5.250002857523e+00 2.856790e+00 2.393212e+00 -5.939693e-15 -2.486900e-14
2.739532e-01 5.250002775864e+00 2.876509e+00 2.373494e+00 -6.675216e-15 -2.531308e-14
2.758272e-01 5.250002695012e+00 2.896185e+00 2.353817e+00 -5.453971e-15 -2.686740e-14
2.776970e-01 5.250002614989e+00 2.915818e+00 2.334184e+00 -6.245005e-15 -2.342571e-14
2.795625e-01 5.250002535819e+00 2.935406e+00 2.314596e+00 -5.231926e-15 -2.275957e-14
2.814236e-01 5.250002457527e+00 2.954948e+00 2.295054e+00 -7.618906e-15 -2.564615e-14
2.832802e-01 5.250002380138e+00 2.974442e+00 2.275560e+00 -7.341350e-15 -2.697842e-14
2.851321e-01 5.250002303676e+00 2.993887e+00 2.256115e+00 -6.647460e-15 -2.675637e-14
2.869792e-01 5.250002228166e+00 3.013281e+00 2.236721e+00 -6.564194e-15 -2.475797e-14
2.888214e-01 5.250002153634e+00 3.032624e+00 2.217378e+00 -7.535639e-15 -2.708944e-14
2.906585e-01 5.250002080106e+00 3.051914e+00 2.198088e+00 -7.646661e-15 -2.708944e-14
2.924904e-01 5.250002007606e+00 3.071150e+00 2.178852e+00 -6.536438e-15 -2.731149e-14
2.943171e-01 5.250001936162e+00 3.090330e+00 2.159672e+00 -6.841749e-15 -2.375877e-14
2.961383e-01 5.250001865799e+00 3.109453e+00 2.140549e+00 -5.939693e-15 -2.653433e-14
2.979541e-01 5.250001796543e+00 3.128518e+00 2.121484e+00 -6.106227e-15 -2.908784e-14
2.997641e-01 5.250001728420e+00 3.147524e+00 2.102478e+00 -5.495604e-15 -2.753353e-14
3.015685e-01 5.250001661456e+00 3.166469e+00 2.083533e+00 -7.605028e-15 -2.653433e-14
3.033669e-01 5.250001595678e+00 3.185352e+00 2.064649e+00 -7.077672e-15 -2.886580e-14
3.051594e-01 5.250001531110e+00 3.204173e+00 2.045828e+00 -6.106227e-15 -2.686740e-14
3.069457e-01 5.250001467779e+00 3.222930e+00 2.027071e+00 -7.438494e-15 -2.620126e-14
3.087259e-01 5.250001405709e+00 3.241622e+00 2.008380e+00 -4.746203e-15 -2.953193e-14
3.104997e-01 5.250001344926e+00 3.260247e+00 1.989754e+00 -5.662137e-15 -2.875478e-14
3.122672e-01 5.250001285453e+00 3.278805e+00 1.971196e+00 -6.550316e-15 -2.708944e-14
3.140281e-01 5.250001227316e+00 3.297295e+00 1.952706e+00 -6.300516e-15 -2.686740e-14
3.157824e-01 5.250001170537e+00 3.315716e+00 1.934286e+00 -7.466250e-15 -2.819966e-14
3.175301e-01 5.250001115140e+00 3.334066e+00 1.915935e+00 -4.080070e-15 -2.853273e-14
3.192709e-01 5.250001061147e+00 3.352344e+00 1.897657e+00 -6.356027e-15 -2.919887e-14
3.210048e-01 5.250001008578e+00 3.370550e+00 1.879451e+00 -6.716849e-15 -2.453593e-14
3.227317e-01 5.250000957456e+00 3.388683e+00 1.861318e+00 -6.744605e-15 -2.953193e-14
3.244516e-01 5.250000907799e+00 3.406742e+00 1.843259e+00 -5.662137e-15 -2.786660e-14
3.261643e-01 5.250000859627e+00 3.424725e+00 1.825275e+00 -4.829470e-15 -2.808864e-14
3.278698e-01 5.250000812957e+00 3.442633e+00 1.807368e+00 -5.606626e-15 -2.764455e-14
3.295679e-01 5.250000767807e+00 3.460463e+00 1.789537e+00 -4.718448e-15 -2.442491e-14
3.312587e-01 5.250000724191e+00 3.478216e+00 1.771785e+00 -5.273559e-15 -2.720046e-14
3.329419e-01 5.250000682125e+00 3.495890e+00 1.754110e+00 -5.412337e-15 -2.886580e-14
3.346176e-01 5.250000641621e+00 3.513485e+00 1.736515e+00 -6.439294e-15 -2.831069e-14
3.362857e-01 5.250000602691e+00 3.531000e+00 1.719001e+00 -4.773959e-15 -3.030909e-14
3.379461e-01 5.250000565345e+00 3.548434e+00 1.701567e+00 -3.663736e-15 -2.930989e-14
3.395987e-01 5.250000529593e+00 3.565787e+00 1.684214e+00 -4.912737e-15 -2.586820e-14
3.412435e-01 5.250000495442e+00 3.583057e+00 1.666944e+00 -4.551914e-15 -3.130829e-14
3.428804e-01 5.250000462897e+00 3.600244e+00 1.649756e+00 -4.440892e-15 -2.953193e-14
3.445094e-01 5.250000431963e+00 3.617348e+00 1.632652e+00 -4.857226e-15 -2.842171e-14
3.461303e-01 5.250000402641e+00 3.634368e+00 1.615632e+00 -4.968248e-15 -2.908784e-14
3.477432e-01 5.250000374933e+00 3.651303e+00 1.598697e+00 -5.523360e-15 -2.742251e-14
3.493479e-01 5.250000348838e+00 3.668153e+00 1.581847e+00 -4.940492e-15 -2.753353e-14
3.509445e-01 5.250000324352e+00 3.684917e+00 1.565083e+00 -3.858025e-15 -2.975398e-14
3.525329e-01 5.250000301471e+00 3.701595e+00 1.548405e+00 -5.301315e-15 -2.642331e-14
3.541130e-01 5.250000280187e+00 3.718187e+00 1.531814e+00 -6.689094e-15 -2.953193e-14
3.556848e-01 5.250000260493e+00 3.734691e+00 1.515309e+00 -4.302114e-15 -2.720046e-14
3.572483e-01 5.250000242378e+00 3.751107e+00 1.498893e+00 -5.551115e-15 -3.097522e-14
3.588034e-01 5.250000225828e+00 3.767436e+00 1.482564e+00 -5.301315e-15 -2.980949e-14
3.603501e-01 5.250000210829e+00 3.783676e+00 1.466324e+00 -4.662937e-15 -2.664535e-14
3.618883e-01 5.250000197365e+00 3.799827e+00 1.450173e+00 -5.717649e-15 -2.975398e-14
3.634181e-01 5.250000185416e+00 3.815890e+00 1.434110e+00 -5.051515e-15 -2.720046e-14
3.649393e-01 5.250000174963e+00 3.831863e+00 1.418137e+00 -6.550316e-15 -2.997602e-14
3.664520e-01 5.250000165982e+00 3.847746e+00 1.402254e+00 -5.689893e-15 -2.670086e-14
3.679562e-01 5.250000158448e+00 3.863540e+00 1.386461e+00 -5.551115e-15 -2.930989e-14
3.694517e-01 5.250000152334e+00 3.879243e+00 1.370757e+00 -6.189493e-15 -3.047562e-14
3.709387e-01 5.250000147613e+00 3.894856e+00 1.355144e+00 -5.551115e-15 -2.942091e-14
3.724170e-01 5.250000144251e+00 3.910379e+00 1.339622e+00 -4.385381e-15 -2.614575e-14
3.738867e-01 5.250000142218e+00 3.925810e+00 1.324190e+00 -5.911938e-15 -3.091971e-14
3.753478e-01 5.250000141478e+00 3.941151e+00 1.308849e+00 -6.106227e-15 -2.914335e-14
3.768002e-01 5.250000141993e+00 3.956402e+00 1.293599e+00 -5.689893e-15 -3.147482e-14
3.782439e-01 5.250000143727e+00 3.971561e+00 1.278440e+00 -4.718448e-15 -3.030909e-14
3.796789e-01 5.250000146637e+00 3.986629e+00 1.263372e+00 -4.135581e-15 -3.114176e-14
3.811053e-01 5.250000150682e+00 4.001605e+00 1.248395e+00 -6.022960e-15 -2.764455e-14
3.825229e-01 5.250000155818e+00 4.016491e+00 1.233509e+00 -6.022960e-15 -3.252953e-14
3.839319e-01 5.250000161999e+00 4.031285e+00 1.218715e+00 -4.496403e-15 -3.247402e-14
3.853322e-01 5.250000169178e+00 4.045988e+00 1.204012e+00 -3.996803e-15 -2.847722e-14
3.867237e-01 5.250000177305e+00 4.060599e+00 1.189401e+00 -5.634382e-15 -2.847722e-14
3.881066e-01 5.250000186331e+00 4.075120e+00 1.174881e+00 -4.496403e-15 -3.108624e-14
3.894808e-01 5.250000196203e+00 4.089549e+00 1.160452e+00 -5.329071e-15 -2.992051e-14
3.908463e-01 5.250000206868e+00 4.103886e+00 1.146114e+00 -4.135581e-15 -3.036460e-14
3.922032e-01 5.250000218272e+00 4.118133e+00 1.131867e+00 -5.717649e-15 -2.864375e-14
3.935513e-01 5.250000230358e+00 4.132289e+00 1.117712e+00 -5.245804e-15 -3.047562e-14
3.948908e-01 5.250000243070e+00 4.146353e+00 1.103647e+00 -5.329071e-15 -3.147482e-14
3.962216e-01 5.250000256350e+00 4.160327e+00 1.089673e+00 -5.245804e-15 -3.058664e-14
3.975438e-01 5.250000270139e+00 4.174210e+00 1.075791e+00 -4.829470e-15 -2.897682e-14
3.988573e-01 5.250000284376e+00 4.188002e+00 1.061998e+00 -4.884981e-15 -3.091971e-14
4.001622e-01 5.250000299003e+00 4.201703e+00 1.048297e+00 -5.856426e-15 -3.314016e-14
4.014585e-01 5.250000313956e+00 4.215314e+00 1.034686e+00 -7.133183e-15 -3.425038e-14
4.027462e-01 5.250000329175e+00 4.228835e+00 1.021165e+00 -6.189493e-15 -3.053113e-14
4.040253e-01 5.250000344596e+00 4.242266e+00 1.007735e+00 -5.079270e-15 -3.314016e-14
4.052958e-01 5.250000360159e+00 4.255606e+00 9.943944e-01 -6.827872e-15 -3.164136e-14
4.065577e-01 5.250000375798e+00 4.268856e+00 9.811440e-01 -6.022960e-15 -3.197442e-14
4.078111e-01 5.250000391452e+00 4.282017e+00 9.679835e-01 -6.911138e-15 -3.114176e-14
4.090560e-01 5.250000407056e+00 4.295088e+00 9.549126e-01 -5.662137e-15 -3.314016e-14
4.102923e-01 5.250000422549e+00 4.308069e+00 9.419313e-01 -6.050715e-15 -3.325118e-14
4.115201e-01 5.250000437866e+00 4.320961e+00 9.290393e-01 -8.576473e-15 -3.419487e-14
4.127394e-01 5.250000452945e+00 4.333764e+00 9.162367e-01 -5.773160e-15 -3.391731e-14
4.139502e-01 5.250000467724e+00 4.346477e+00 9.035232e-01 -5.495604e-15 -3.314016e-14
4.151526e-01 5.250000482140e+00 4.359102e+00 8.908987e-01 -6.272760e-15 -3.141931e-14
4.163464e-01 5.250000496133e+00 4.371637e+00 8.783631e-01 -6.189493e-15 -3.319567e-14
4.175318e-01 5.250000509642e+00 4.384084e+00 8.659162e-01 -7.355228e-15 -3.474998e-14
4.187088e-01 5.250000522606e+00 4.396442e+00 8.535581e-01 -6.522560e-15 -3.325118e-14
4.198773e-01 5.250000534968e+00 4.408712e+00 8.412885e-01 -6.217249e-15 -3.103073e-14
4.210374e-01 5.250000546669e+00 4.420893e+00 8.291074e-01 -4.718448e-15 -3.286260e-14
4.221891e-01 5.250000557652e+00 4.432986e+00 8.170147e-01 -6.300516e-15 -3.474998e-14
4.233324e-01 5.250000567862e+00 4.444990e+00 8.050103e-01 -5.301315e-15 -3.175238e-14
4.244673e-01 5.250000577246e+00 4.456906e+00 7.930942e-01 -3.858025e-15 -3.130829e-14
4.255937e-01 5.250000585750e+00 4.468734e+00 7.812662e-01 -5.967449e-15 -3.241851e-14
4.267118e-01 5.250000593323e+00 4.480474e+00 7.695265e-01 -5.662137e-15 -3.463896e-14
4.278215e-01 5.250000599917e+00 4.492126e+00 7.578749e-01 -4.746203e-15 -3.447242e-14
4.289228e-01 5.250000605483e+00 4.503689e+00 7.463114e-01 -4.912737e-15 -3.375078e-14
4.300157e-01 5.250000609976e+00 4.515165e+00 7.348361e-01 -3.691492e-15 -3.341771e-14
4.311002e-01 5.250000613352e+00 4.526552e+00 7.234489e-01 -5.329071e-15 -3.291811e-14
4.321763e-01 5.250000615571e+00 4.537851e+00 7.121500e-01 -3.469447e-15 -3.452794e-14
4.332439e-01 5.250000616592e+00 4.549061e+00 7.009393e-01 -5.301315e-15 -3.058664e-14
4.343032e-01 5.250000616379e+00 4.560184e+00 6.898169e-01 -5.495604e-15 -3.314016e-14
4.353541e-01 5.250000614898e+00 4.571218e+00 6.787830e-01 -5.773160e-15 -3.225198e-14
4.363965e-01 5.250000612116e+00 4.582163e+00 6.678376e-01 -4.857226e-15 -3.452794e-14
4.374305e-01 5.250000608003e+00 4.593020e+00 6.569808e-01 -4.329870e-15 -3.219647e-14
4.384560e-01 5.250000602534e+00 4.603788e+00 6.462128e-01 -5.884182e-15 -3.280709e-14
4.394730e-01 5.250000595684e+00 4.614467e+00 6.355338e-01 -4.440892e-15 -3.541611e-14
4.404816e-01 5.250000587433e+00 4.625057e+00 6.249439e-01 -5.107026e-15 -3.469447e-14
4.414816e-01 5.250000577762e+00 4.635557e+00 6.144434e-01 -5.634382e-15 -3.547163e-14
4.424732e-01 5.250000566656e+00 4.645968e+00 6.040325e-01 -4.496403e-15 -3.586020e-14
4.434561e-01 5.250000554103e+00 4.656289e+00 5.937113e-01 -4.746203e-15 -3.347322e-14
4.444305e-01 5.250000540095e+00 4.666520e+00 5.834803e-01 -3.524958e-15 -3.402834e-14
4.453963e-01 5.250000524626e+00 4.676661e+00 5.733396e-01 -4.968248e-15 -3.319567e-14
4.463534e-01 5.250000507694e+00 4.686711e+00 5.632896e-01 -4.385381e-15 -3.308465e-14
4.473019e-01 5.250000489299e+00 4.696670e+00 5.533306e-01 -6.133982e-15 -3.369527e-14
4.482417e-01 5.250000469448e+00 4.706537e+00 5.434630e-01 -5.356826e-15 -3.247402e-14
4.491727e-01 5.250000448147e+00 4.716313e+00 5.336871e-01 -3.719247e-15 -3.480549e-14
4.500950e-01 5.250000425408e+00 4.725997e+00 5.240033e-01 -5.051515e-15 -3.486100e-14
4.510084e-01 5.250000401246e+00 4.735588e+00 5.144120e-01 -4.940492e-15 -3.375078e-14
4.519130e-01 5.250000375681e+00 4.745087e+00 5.049136e-01 -4.357625e-15 -3.458345e-14
4.528087e-01 5.250000348733e+00 4.754492e+00 4.955087e-01 -4.468648e-15 -3.452794e-14
4.536955e-01 5.250000320430e+00 4.763803e+00 4.861975e-01 -7.244205e-15 -3.580469e-14
4.545733e-01 5.250000290799e+00 4.773020e+00 4.769808e-01 -6.800116e-15 -3.264056e-14
4.554420e-01 5.250000259876e+00 4.782141e+00 4.678588e-01 -4.524159e-15 -3.502754e-14
4.563017e-01 5.250000227695e+00 4.791168e+00 4.588323e-01 -4.357625e-15 -3.547163e-14
4.571522e-01 5.250000194297e+00 4.800099e+00 4.499016e-01 -6.383782e-15 -3.547163e-14
4.579936e-01 5.250000159726e+00 4.808933e+00 4.410674e-01 -5.856426e-15 -3.552714e-14
4.588257e-01 5.250000124029e+00 4.817670e+00 4.323302e-01 -6.356027e-15 -3.524958e-14
4.596485e-01 5.250000087256e+00 4.826310e+00 4.236905e-01 -6.300516e-15 -3.474998e-14
4.604620e-01 5.250000049462e+00 4.834851e+00 4.151491e-01 -6.078471e-15 -3.480549e-14
4.612661e-01 5.250000010702e+00 4.843294e+00 4.067065e-01 -3.747003e-15 -3.536060e-14
4.620606e-01 5.249999971038e+00 4.851637e+00 3.983633e-01 -6.022960e-15 -3.441691e-14
4.628457e-01 5.249999930534e+00 4.859880e+00 3.901201e-01 -4.440892e-15 -3.597123e-14
4.636212e-01 5.249999889254e+00 4.868022e+00 3.819776e-01 -4.440892e-15 -3.613776e-14
4.643870e-01 5.249999847270e+00 4.876063e+00 3.739364e-01 -5.467848e-15 -3.513856e-14
4.651431e-01 5.249999804652e+00 4.884003e+00 3.659973e-01 -6.217249e-15 -3.574918e-14
4.658894e-01 5.249999761475e+00 4.891839e+00 3.581607e-01 -6.689094e-15 -3.719247e-14
4.666259e-01 5.249999717816e+00 4.899572e+00 3.504275e-01 -4.857226e-15 -3.702594e-14
4.673525e-01 5.249999673755e+00 4.907201e+00 3.427983e-01 -4.968248e-15 -3.524958e-14
4.680691e-01 5.249999629371e+00 4.914726e+00 3.352737e-01 -5.107026e-15 -3.508305e-14
4.687757e-01 5.249999584749e+00 4.922145e+00 3.278545e-01 -5.884182e-15 -3.491651e-14
4.694722e-01 5.249999539974e+00 4.929458e+00 3.205413e-01 -4.468648e-15 -3.635980e-14
4.701586e-01 5.249999495130e+00 4.936665e+00 3.133347e-01 -5.634382e-15 -3.397282e-14
4.708347e-01 5.249999450306e+00 4.943764e+00 3.062355e-01 -5.079270e-15 -3.558265e-14
4.715005e-01 5.249999405590e+00 4.950755e+00 2.992443e-01 -5.634382e-15 -3.463896e-14
4.721560e-01 5.249999361070e+00 4.957638e+00 2.923618e-01 -5.134781e-15 -3.597123e-14
4.728010e-01 5.249999316836e+00 4.964411e+00 2.855886e-01 -4.579670e-15 -3.508305e-14
4.734356e-01 5.249999272978e+00 4.971074e+00 2.789254e-01 -4.246603e-15 -3.352874e-14
4.740597e-01 5.249999229584e+00 4.977626e+00 2.723728e-01 -5.329071e-15 -3.547163e-14
4.746731e-01 5.249999186743e+00 4.984068e+00 2.659314e-01 -4.052314e-15 -3.680389e-14
4.752759e-01 5.249999144545e+00 4.990397e+00 2.596019e-01 -3.802514e-15 -3.735900e-14
4.758680e-01 5.249999103075e+00 4.996614e+00 2.533848e-01 -4.829470e-15 -3.552714e-14
4.764494e-01 5.249999062419e+00 5.002718e+00 2.472808e-01 -3.830269e-15 -3.702594e-14
4.770199e-01 5.249999022662e+00 5.008709e+00 2.412903e-01 -5.606626e-15 -3.586020e-14
4.775795e-01 5.249998983885e+00 5.014585e+00 2.354140e-01 -4.163336e-15 -3.658185e-14
4.781282e-01 5.249998946167e+00 5.020347e+00 2.296524e-01 -7.438494e-15 -3.591571e-14
4.786660e-01 5.249998909587e+00 5.025993e+00 2.240059e-01 -3.747003e-15 -3.574918e-14
4.791927e-01 5.249998874217e+00 5.031524e+00 2.184751e-01 -2.914335e-15 -3.660960e-14
4.797084e-01 5.249998840129e+00 5.036938e+00 2.130604e-01 -5.190293e-15 -3.588796e-14
4.802130e-01 5.249998807388e+00 5.042237e+00 2.077622e-01 -4.718448e-15 -3.633205e-14
4.807064e-01 5.249998776058e+00 5.047418e+00 2.025811e-01 -4.385381e-15 -3.666512e-14
4.811887e-01 5.249998746198e+00 5.052481e+00 1.975173e-01 -4.829470e-15 -3.633205e-14
4.816598e-01 5.249998717860e+00 5.057427e+00 1.925713e-01 -5.023759e-15 -3.708145e-14
4.821196e-01 5.249998691094e+00 5.062255e+00 1.877433e-01 -6.383782e-15 -3.605449e-14
4.825681e-01 5.249998665943e+00 5.066965e+00 1.830337e-01 -5.467848e-15 -3.674838e-14
4.830053e-01 5.249998642446e+00 5.071556e+00 1.784427e-01 -5.828671e-15 -3.633205e-14
4.834312e-01 5.249998620633e+00 5.076028e+00 1.739706e-01 -4.107825e-15 -3.674838e-14
4.838458e-01 5.249998600531e+00 5.080381e+00 1.696177e-01 -5.606626e-15 -3.588796e-14
4.842490e-01 5.249998582159e+00 5.084615e+00 1.653840e-01 -4.329870e-15 -3.716472e-14
4.846408e-01 5.249998565529e+00 5.088729e+00 1.612698e-01 -4.302114e-15 -3.730349e-14
4.850213e-01 5.249998550648e+00 5.092723e+00 1.572752e-01 -5.134781e-15 -3.691492e-14
4.853903e-01 5.249998537514e+00 5.096598e+00 1.534003e-01 -3.275158e-15 -3.655409e-14
4.857479e-01 5.249998526117e+00 5.100353e+00 1.496451e-01 -4.884981e-15 -3.733125e-14
4.860942e-01 5.249998516442e+00 5.103989e+00 1.460096e-01 -5.828671e-15 -3.719247e-14
4.864290e-01 5.249998508465e+00 5.107505e+00 1.424940e-01 -5.828671e-15 -3.747003e-14
4.867524e-01 5.249998502152e+00 5.110900e+00 1.390981e-01 -7.993606e-15 -3.785861e-14
4.870644e-01 5.249998497466e+00 5.114177e+00 1.358218e-01 -5.551115e-15 -3.758105e-14
4.873651e-01 5.249998494357e+00 5.117333e+00 1.326652e-01 -6.383782e-15 -3.774758e-14
4.876543e-01 5.249998492770e+00 5.120370e+00 1.296281e-01 -6.217249e-15 -3.824718e-14
4.879322e-01 5.249998492641e+00 5.123288e+00 1.267103e-01 -4.884981e-15 -3.733125e-14
4.881987e-01 5.249998493897e+00 5.126087e+00 1.239117e-01 -7.327472e-15 -3.749778e-14
4.884540e-01 5.249998496457e+00 5.128766e+00 1.212320e-01 -5.828671e-15 -3.758105e-14
4.886978e-01 5.249998500235e+00 5.131327e+00 1.186711e-01 -6.328271e-15 -3.827494e-14
4.889305e-01 5.249998505132e+00 5.133770e+00 1.162288e-01 -4.662937e-15 -3.799738e-14
4.891518e-01 5.249998511044e+00 5.136094e+00 1.139047e-01 -4.829470e-15 -3.785861e-14
4.893619e-01 5.249998517860e+00 5.138300e+00 1.116985e-01 -4.163336e-15 -3.794187e-14
4.895608e-01 5.249998525460e+00 5.140388e+00 1.096100e-01 -4.385381e-15 -3.799738e-14
4.897485e-01 5.249998533717e+00 5.142360e+00 1.076389e-01 -6.883383e-15 -3.830269e-14
4.899251e-01 5.249998542496e+00 5.144214e+00 1.057849e-01 -5.828671e-15 -3.833045e-14
4.900906e-01 5.249998551656e+00 5.145951e+00 1.040475e-01 -5.329071e-15 -3.791412e-14
4.902450e-01 5.249998561051e+00 5.147572e+00 1.024264e-01 -4.163336e-15 -3.796963e-14
4.903883e-01 5.249998570526e+00 5.149077e+00 1.009213e-01 -5.828671e-15 -3.838596e-14
4.905206e-01 5.249998579921e+00 5.150467e+00 9.953181e-02 -5.995204e-15 -3.827494e-14
4.906420e-01 5.249998589071e+00 5.151741e+00 9.825756e-02 -4.829470e-15 -3.830269e-14
4.907524e-01 5.249998597807e+00 5.152900e+00 9.709818e-02 -4.884981e-15 -3.835821e-14
4.908519e-01 5.249998605953e+00 5.153945e+00 9.605331e-02 -5.717649e-15 -3.885781e-14
4.909406e-01 5.249998613330e+00 5.154876e+00 9.512258e-02 -5.051515e-15 -3.869127e-14
4.910184e-01 5.249998619756e+00 5.155693e+00 9.430565e-02 -6.439294e-15 -3.883005e-14
4.910854e-01 5.249998625046e+00 5.156396e+00 9.360216e-02 -6.605827e-15 -3.894107e-14
4.911416e-01 5.249998629010e+00 5.156987e+00 9.301178e-02 -4.829470e-15 -3.880229e-14
4.911871e-01 5.249998631460e+00 5.157464e+00 9.253422e-02 -5.384582e-15 -3.891332e-14
4.912219e-01 5.249998632204e+00 5.157829e+00 9.216916e-02 -4.607426e-15 -3.906597e-14
4.912459e-01 5.249998631051e+00 5.158082e+00 9.191634e-02 -5.939693e-15 -3.913536e-14
4.912593e-01 5.249998627807e+00 5.158223e+00 9.177550e-02 -4.718448e-15 -3.919087e-14
4.912621e-01 5.249998622282e+00 5.158252e+00 9.174644e-02 -5.384582e-15 -3.923251e-14
4.912543e-01 5.249998614286e+00 5.158170e+00 9.182895e-02 -6.661338e-15 -3.932965e-14
4.912358e-01 5.249998603630e+00 5.157976e+00 9.202289e-02 -6.161738e-15 -3.942680e-14
4.912067e-01 5.249998590130e+00 5.157670e+00 9.232813e-02 -6.883383e-15 -3.941292e-14
4.911670e-01 5.249998573603e+00 5.157254e+00 9.274459e-02 -6.050715e-15 -3.949618e-14
4.911168e-01 5.249998553872e+00 5.156726e+00 9.327223e-02 -6.661338e-15 -3.956557e-14
4.910560e-01 5.249998530763e+00 5.156087e+00 9.391105e-02 -6.161738e-15 -3.962108e-14
4.909845e-01 5.249998504109e+00 5.155337e+00 9.466111e-02 -6.772360e-15 -3.980150e-14
4.909025e-01 5.249998473750e+00 5.154476e+00 9.552251e-02 -7.160939e-15 -3.985701e-14
4.908098e-01 5.249998439529e+00 5.153503e+00 9.649540e-02 -6.494805e-15 -3.977374e-14
4.907065e-01 5.249998401302e+00 5.152418e+00 9.757999e-02 -6.716849e-15 -3.985701e-14
4.905926e-01 5.249998358928e+00 5.151222e+00 9.877654e-02 -7.771561e-15 -4.021783e-14
4.904679e-01 5.249998312280e+00 5.149913e+00 1.000854e-01 -7.160939e-15 -4.017620e-14
4.903325e-01 5.249998261236e+00 5.148491e+00 1.015069e-01 -7.938095e-15 -4.034273e-14
4.901864e-01 5.249998205686e+00 5.146957e+00 1.030415e-01 -6.328271e-15 -4.042600e-14
4.900294e-01 5.249998145533e+00 5.145308e+00 1.046897e-01 -7.271961e-15 -4.050232e-14
4.898615e-01 5.249998080686e+00 5.143546e+00 1.064521e-01 -6.550316e-15 -4.055090e-14
4.896827e-01 5.249998011071e+00 5.141669e+00 1.083293e-01 -6.772360e-15 -4.044681e-14
4.894929e-01 5.249997936623e+00 5.139676e+00 1.103221e-01 -7.327472e-15 -4.057171e-14
4.892921e-01 5.249997857290e+00 5.137567e+00 1.124311e-01 -8.215650e-15 -4.037742e-14
4.890800e-01 5.249997773034e+00 5.135340e+00 1.146573e-01 -6.106227e-15 -4.066192e-14
4.888568e-01 5.249997683829e+00 5.132996e+00 1.170016e-01 -8.215650e-15 -4.023865e-14
4.886222e-01 5.249997589663e+00 5.130533e+00 1.194648e-01 -7.160939e-15 -4.100886e-14
4.883761e-01 5.249997490538e+00 5.127949e+00 1.220482e-01 -5.939693e-15 -4.081457e-14
4.881185e-01 5.249997386470e+00 5.125245e+00 1.247528e-01 -5.551115e-15 -4.085968e-14
4.878493e-01 5.249997277487e+00 5.122418e+00 1.275797e-01 -7.327472e-15 -4.094641e-14
4.875683e-01 5.249997163633e+00 5.119467e+00 1.305303e-01 -8.382184e-15 -4.104356e-14
4.872754e-01 5.249997044964e+00 5.116391e+00 1.336059e-01 -6.439294e-15 -4.153101e-14
4.869704e-01 5.249996921551e+00 5.113189e+00 1.368078e-01 -6.661338e-15 -4.141826e-14
4.866533e-01 5.249996793477e+00 5.109859e+00 1.401375e-01 -6.272760e-15 -4.153188e-14
4.863238e-01 5.249996660840e+00 5.106400e+00 1.435965e-01 -8.215650e-15 -4.166025e-14
4.859819e-01 5.249996523749e+00 5.102810e+00 1.471865e-01 -7.993606e-15 -4.167066e-14
4.856274e-01 5.249996382325e+00 5.099087e+00 1.509090e-01 -6.827872e-15 -4.180857e-14
4.852601e-01 5.249996236703e+00 5.095231e+00 1.547657e-01 -6.661338e-15 -4.117887e-14
4.848798e-01 5.249996087026e+00 5.091238e+00 1.587585e-01 -5.995204e-15 -4.159173e-14
4.844864e-01 5.249995933451e+00 5.087107e+00 1.628890e-01 -7.605028e-15 -4.260828e-14
4.840797e-01 5.249995776141e+00 5.082837e+00 1.671592e-01 -6.494805e-15 -4.170622e-14
4.836595e-01 5.249995615271e+00 5.078425e+00 1.715711e-01 -1.015854e-14 -4.157438e-14
4.832256e-01 5.249995451022e+00 5.073869e+00 1.761264e-01 -8.271162e-15 -4.182071e-14
4.827779e-01 5.249995283584e+00 5.069168e+00 1.808273e-01 -7.938095e-15 -4.273665e-14
4.823161e-01 5.249995113152e+00 5.064319e+00 1.856757e-01 -6.827872e-15 -4.214684e-14
4.818401e-01 5.249994939925e+00 5.059321e+00 1.906738e-01 -7.605028e-15 -4.184153e-14
4.813496e-01 5.249994764108e+00 5.054171e+00 1.958237e-01 -6.161738e-15 -4.311829e-14
4.808445e-01 5.249994585909e+00 5.048867e+00 2.011274e-01 -8.659740e-15 -4.270889e-14
4.803245e-01 5.249994405536e+00 5.043407e+00 2.065872e-01 -6.272760e-15 -4.231338e-14
4.797894e-01 5.249994223201e+00 5.037789e+00 2.122052e-01 -8.382184e-15 -4.268114e-14
4.792391e-01 5.249994039111e+00 5.032010e+00 2.179837e-01 -8.271162e-15 -4.184153e-14
4.786732e-01 5.249993853475e+00 5.026069e+00 2.239248e-01 -6.883383e-15 -4.267420e-14
4.780917e-01 5.249993666498e+00 5.019963e+00 2.300309e-01 -7.827072e-15 -4.259093e-14
4.774942e-01 5.249993478382e+00 5.013689e+00 2.363041e-01 -6.550316e-15 -4.291012e-14
4.768806e-01 5.249993289323e+00 5.007247e+00 2.427467e-01 -6.883383e-15 -4.299339e-14
4.762507e-01 5.249993099511e+00 5.000632e+00 2.493610e-01 -6.883383e-15 -4.252154e-14
4.756042e-01 5.249992909130e+00 4.993844e+00 2.561492e-01 -6.938894e-15 -4.313216e-14
4.749409e-01 5.249992718357e+00 4.986879e+00 2.631136e-01 -6.161738e-15 -4.354850e-14
4.742606e-01 5.249992527358e+00 4.979736e+00 2.702564e-01 -6.661338e-15 -4.449219e-14
4.735631e-01 5.249992336292e+00 4.972412e+00 2.775799e-01 -6.550316e-15 -4.345135e-14
4.728482e-01 5.249992145307e+00 4.964906e+00 2.850864e-01 -6.217249e-15 -4.332645e-14
4.721156e-01 5.249991954542e+00 4.957214e+00 2.927779e-01 -6.328271e-15 -4.356238e-14
4.713652e-01 5.249991764125e+00 4.949335e+00 3.006568e-01 -7.049916e-15 -4.404810e-14
4.705968e-01 5.249991574171e+00 4.941266e+00 3.087253e-01 -5.440093e-15 -4.402034e-14
4.698101e-01 5.249991384789e+00 4.933006e+00 3.169854e-01 -8.049117e-15 -4.318768e-14
4.690049e-01 5.249991196075e+00 4.924552e+00 3.254393e-01 -5.995204e-15 -4.371503e-14
4.681811e-01 5.249991008114e+00 4.915902e+00 3.340893e-01 -6.661338e-15 -4.374279e-14
4.673384e-01 5.249990820984e+00 4.907054e+00 3.429373e-01 -7.771561e-15 -4.493628e-14
4.664767e-01 5.249990634753e+00 4.898005e+00 3.519854e-01 -7.660539e-15 -4.307665e-14
4.655957e-01 5.249990449483e+00 4.888755e+00 3.612357e-01 -6.605827e-15 -4.293788e-14
4.646952e-01 5.249990265229e+00 4.879300e+00 3.706903e-01 -5.051515e-15 -4.424239e-14
4.637752e-01 5.249990082043e+00 4.869639e+00 3.803510e-01 -8.548717e-15 -4.363176e-14
4.628352e-01 5.249989899971e+00 4.859770e+00 3.902199e-01 -7.771561e-15 -4.418688e-14
