5.000000e-01 5.250000000000e+00 5.250000e+00 0.000000e+00 -1.137979e-15 0.000000e+00
4.999939e-01 5.249999999901e+00 5.249936e+00 6.449762e-05 -2.636780e-15 -4.770490e-18
4.999754e-01 5.249999999604e+00 5.249742e+00 2.579909e-04 -2.137179e-15 -6.765422e-17
4.999447e-01 5.249999999109e+00 5.249420e+00 5.804810e-04 -1.471046e-15 -7.285839e-17
4.999017e-01 5.249999998418e+00 5.248968e+00 1.031970e-03 -2.331468e-15 -1.266348e-16
4.998464e-01 5.249999997529e+00 5.248388e+00 1.612460e-03 -2.581269e-15 -9.367507e-17
4.997789e-01 5.249999996446e+00 5.247678e+00 2.321956e-03 -2.359224e-15 -2.237793e-16
4.996990e-01 5.249999995168e+00 5.246840e+00 3.160461e-03 -1.970646e-15 -1.804112e-16
4.996069e-01 5.249999993698e+00 5.245872e+00 4.127980e-03 -2.747802e-15 -2.220446e-16
4.995024e-01 5.249999992036e+00 5.244775e+00 5.224519e-03 -1.776357e-15 -3.504141e-16
4.993857e-01 5.249999990186e+00 5.243550e+00 6.450085e-03 -9.436896e-16 -1.942890e-16
4.992567e-01 5.249999988148e+00 5.242195e+00 7.804684e-03 -2.886580e-15 -4.198031e-16
4.991154e-01 5.249999985925e+00 5.240712e+00 9.288325e-03 -2.498002e-15 -4.857226e-17
4.989618e-01 5.249999983519e+00 5.239099e+00 1.090101e-02 -2.525757e-15 -1.873501e-16
4.987959e-01 5.249999980934e+00 5.237357e+00 1.264276e-02 -2.969847e-15 -2.844947e-16
4.986178e-01 5.249999978172e+00 5.235486e+00 1.451358e-02 -4.163336e-15 -5.551115e-16
4.984273e-01 5.249999975236e+00 5.233487e+00 1.651347e-02 -3.136380e-15 -3.469447e-16
4.982245e-01 5.249999972130e+00 5.231358e+00 1.864246e-02 -3.386180e-15 -6.106227e-16
4.980095e-01 5.249999968857e+00 5.229099e+00 2.090054e-02 -2.664535e-15 -3.122502e-16
4.977821e-01 5.249999965421e+00 5.226712e+00 2.328773e-02 -3.191891e-15 -4.857226e-16
4.975425e-01 5.249999961826e+00 5.224196e+00 2.580404e-02 -1.998401e-15 -5.204170e-16
4.972905e-01 5.249999958076e+00 5.221550e+00 2.844949e-02 -2.914335e-15 -7.494005e-16
4.970263e-01 5.249999954175e+00 5.218776e+00 3.122408e-02 -3.774758e-15 -4.718448e-16
4.967497e-01 5.249999950129e+00 5.215872e+00 3.412783e-02 -2.664535e-15 -6.591949e-16
4.964609e-01 5.249999945941e+00 5.212839e+00 3.716074e-02 -2.053913e-15 -1.526557e-16
4.961597e-01 5.249999941618e+00 5.209677e+00 4.032284e-02 -2.720046e-15 -4.996004e-16
4.958463e-01 5.249999937163e+00 5.206386e+00 4.361413e-02 -2.359224e-15 -8.743006e-16
4.955205e-01 5.249999932584e+00 5.202965e+00 4.703462e-02 -2.886580e-15 1.249001e-16
4.951824e-01 5.249999927884e+00 5.199416e+00 5.058433e-02 -1.415534e-15 -8.049117e-16
4.948321e-01 5.249999923070e+00 5.195737e+00 5.426327e-02 -2.248202e-15 -7.910339e-16
4.944694e-01 5.249999918149e+00 5.191928e+00 5.807144e-02 -2.109424e-15 -2.775558e-16
4.940944e-01 5.249999913126e+00 5.187991e+00 6.200886e-02 -2.609024e-15 -1.221245e-15
4.937071e-01 5.249999908007e+00 5.183924e+00 6.607554e-02 -3.164136e-15 -3.747003e-16
4.933075e-01 5.249999902800e+00 5.179728e+00 7.027148e-02 -2.081668e-15 -1.498801e-15
4.928955e-01 5.249999897511e+00 5.175403e+00 7.459670e-02 -3.108624e-15 -6.522560e-16
4.924713e-01 5.249999892148e+00 5.170949e+00 7.905119e-02 -4.496403e-15 -1.346145e-15
4.920348e-01 5.249999886716e+00 5.166365e+00 8.363498e-02 -2.803313e-15 3.747003e-16
4.915859e-01 5.249999881225e+00 5.161652e+00 8.834806e-02 -3.413936e-15 -7.910339e-16
4.911247e-01 5.249999875680e+00 5.156809e+00 9.319044e-02 -1.387779e-15 -2.775558e-16
4.906512e-01 5.249999870091e+00 5.151838e+00 9.816211e-02 -4.940492e-15 -9.159340e-16
4.901654e-01 5.249999864465e+00 5.146737e+00 1.032631e-01 -2.026157e-15 -9.992007e-16
4.896673e-01 5.249999858810e+00 5.141506e+00 1.084934e-01 -4.191092e-15 -4.996004e-16
4.891568e-01 5.249999853134e+00 5.136147e+00 1.138529e-01 -2.386980e-15 1.387779e-16
4.886341e-01 5.249999847447e+00 5.130658e+00 1.193418e-01 -3.969047e-15 -1.429412e-15
4.880990e-01 5.249999841756e+00 5.125040e+00 1.249600e-01 -3.524958e-15 -5.551115e-16
4.875517e-01 5.249999836070e+00 5.119292e+00 1.307074e-01 -4.773959e-15 -1.415534e-15
4.869920e-01 5.249999830399e+00 5.113416e+00 1.365841e-01 -3.302913e-15 -1.026956e-15
4.864200e-01 5.249999824752e+00 5.107410e+00 1.425901e-01 -4.302114e-15 -6.800116e-16
4.858357e-01 5.249999819137e+00 5.101274e+00 1.487254e-01 -5.384582e-15 -6.383782e-16
4.852390e-01 5.249999813565e+00 5.095010e+00 1.549898e-01 -4.607426e-15 -1.304512e-15
4.846301e-01 5.249999808045e+00 5.088616e+00 1.613835e-01 -3.608225e-15 -1.498801e-15
4.840089e-01 5.249999802587e+00 5.082093e+00 1.679064e-01 -3.719247e-15 -1.346145e-15
4.833754e-01 5.249999797201e+00 5.075441e+00 1.745584e-01 -1.776357e-15 -2.442491e-15
4.827295e-01 5.249999791896e+00 5.068660e+00 1.813396e-01 -3.108624e-15 -2.081668e-15
4.820714e-01 5.249999786684e+00 5.061750e+00 1.882498e-01 -3.191891e-15 -8.326673e-16
4.814010e-01 5.249999781575e+00 5.054711e+00 1.952892e-01 -3.719247e-15 -2.137179e-15
4.807183e-01 5.249999776578e+00 5.047542e+00 2.024576e-01 -3.524958e-15 -1.249001e-15
4.800233e-01 5.249999771705e+00 5.040245e+00 2.097549e-01 -2.331468e-15 -2.442491e-15
4.793161e-01 5.249999766967e+00 5.032819e+00 2.171812e-01 -2.470246e-15 -1.332268e-15
4.785965e-01 5.249999762375e+00 5.025263e+00 2.247365e-01 -3.247402e-15 -8.326673e-16
4.778647e-01 5.249999757939e+00 5.017579e+00 2.324205e-01 -2.858824e-15 -1.970646e-15
4.771206e-01 5.249999753671e+00 5.009766e+00 2.402334e-01 -3.053113e-15 -2.664535e-15
4.763643e-01 5.249999749581e+00 5.001825e+00 2.481749e-01 -4.191092e-15 -2.525757e-15
4.755957e-01 5.249999745683e+00 4.993755e+00 2.562451e-01 -2.969847e-15 -4.163336e-16
4.748148e-01 5.249999741986e+00 4.985556e+00 2.644439e-01 -2.442491e-15 -1.443290e-15
4.740218e-01 5.249999738503e+00 4.977228e+00 2.727713e-01 -4.413137e-15 -1.526557e-15
4.732164e-01 5.249999735245e+00 4.968773e+00 2.812270e-01 -4.607426e-15 -1.221245e-15
4.723989e-01 5.249999732224e+00 4.960189e+00 2.898111e-01 -3.747003e-15 -2.498002e-15
4.715692e-01 5.249999729452e+00 4.951476e+00 2.985234e-01 -3.469447e-15 -1.054712e-15
4.707272e-01 5.249999726941e+00 4.942636e+00 3.073639e-01 -2.081668e-15 -1.304512e-15
4.698731e-01 5.249999724703e+00 4.933667e+00 3.163325e-01 -2.636780e-15 -3.885781e-16
4.690067e-01 5.249999722751e+00 4.924571e+00 3.254289e-01 -3.969047e-15 -4.440892e-16
4.681282e-01 5.249999721095e+00 4.915346e+00 3.346532e-01 -3.219647e-15 -7.216450e-16
4.672376e-01 5.249999719749e+00 4.905994e+00 3.440052e-01 -2.831069e-15 -1.804112e-15
4.663348e-01 5.249999718726e+00 4.896515e+00 3.534848e-01 -2.720046e-15 -2.386980e-15
4.654198e-01 5.249999718036e+00 4.886908e+00 3.630918e-01 -2.414735e-15 3.330669e-16
4.644927e-01 5.249999717693e+00 4.877174e+00 3.728261e-01 -2.942091e-15 -1.054712e-15
4.635535e-01 5.249999717710e+00 4.867312e+00 3.826876e-01 -2.914335e-15 -8.881784e-16
4.626023e-01 5.249999718098e+00 4.857324e+00 3.926761e-01 -3.136380e-15 -1.304512e-15
4.616389e-01 5.249999718870e+00 4.847208e+00 4.027913e-01 -1.693090e-15 -9.436896e-16
4.606635e-01 5.249999720040e+00 4.836966e+00 4.130333e-01 -2.581269e-15 -9.436896e-16
4.596760e-01 5.249999721618e+00 4.826598e+00 4.234017e-01 -3.136380e-15 -1.137979e-15
4.586765e-01 5.249999723618e+00 4.816103e+00 4.338964e-01 -3.719247e-15 -1.804112e-15
4.576650e-01 5.249999726053e+00 4.805482e+00 4.445173e-01 -4.718448e-16 -2.775558e-16
4.566415e-01 5.249999728935e+00 4.794736e+00 4.552640e-01 -2.081668e-15 -1.110223e-15
4.556060e-01 5.249999732277e+00 4.783863e+00 4.661365e-01 -2.692291e-15 -3.053113e-16
4.545586e-01 5.249999736091e+00 4.772865e+00 4.771344e-01 -1.998401e-15 -1.360023e-15
4.534993e-01 5.249999740389e+00 4.761742e+00 4.882575e-01 -2.858824e-15 -9.159340e-16
4.524280e-01 5.249999745185e+00 4.750494e+00 4.995057e-01 -2.053913e-15 -2.137179e-15
4.513449e-01 5.249999750490e+00 4.739121e+00 5.108786e-01 -1.942890e-15 -1.443290e-15
4.502499e-01 5.249999756318e+00 4.727624e+00 5.223760e-01 -2.775558e-16 -1.776357e-15
4.491431e-01 5.249999762680e+00 4.716002e+00 5.339977e-01 -1.443290e-15 -1.609823e-15
4.480244e-01 5.249999769589e+00 4.704256e+00 5.457434e-01 -2.664535e-15 -2.692291e-15
4.468940e-01 5.249999777056e+00 4.692387e+00 5.576127e-01 -2.581269e-15 -1.915135e-15
4.457518e-01 5.249999785095e+00 4.680394e+00 5.696055e-01 -2.775558e-16 -8.049117e-16
4.445980e-01 5.249999793718e+00 4.668278e+00 5.817213e-01 -2.747802e-15 -2.775558e-16
4.434324e-01 5.249999802935e+00 4.656040e+00 5.939599e-01 -3.830269e-15 -1.998401e-15
4.422551e-01 5.249999812760e+00 4.643679e+00 6.063210e-01 -2.775558e-15 -2.636780e-15
4.410662e-01 5.249999823204e+00 4.631196e+00 6.188042e-01 -3.219647e-15 -1.748601e-15
4.398658e-01 5.249999834278e+00 4.618591e+00 6.314092e-01 -3.608225e-15 -1.998401e-15
4.386537e-01 5.249999845995e+00 4.605864e+00 6.441356e-01 -3.469447e-15 -9.714451e-16
4.374302e-01 5.249999858366e+00 4.593017e+00 6.569831e-01 -2.886580e-15 -2.858824e-15
4.361951e-01 5.249999871401e+00 4.580049e+00 6.699512e-01 -2.747802e-15 -1.276756e-15
4.349486e-01 5.249999885113e+00 4.566960e+00 6.830396e-01 -3.358425e-15 -3.330669e-15
4.336907e-01 5.249999899512e+00 4.553752e+00 6.962479e-01 -2.192690e-15 -2.248202e-15
4.324214e-01 5.249999914610e+00 4.540424e+00 7.095757e-01 -4.218847e-15 -3.330669e-15
4.311407e-01 5.249999930416e+00 4.526977e+00 7.230226e-01 -1.082467e-15 -3.164136e-15
4.298488e-01 5.249999946941e+00 4.513412e+00 7.365880e-01 -3.885781e-15 -1.776357e-15
4.285456e-01 5.249999964197e+00 4.499728e+00 7.502717e-01 -2.137179e-15 -2.275957e-15
4.272311e-01 5.249999982192e+00 4.485927e+00 7.640730e-01 -4.551914e-15 -1.221245e-15
4.259056e-01 5.250000000937e+00 4.472008e+00 7.779915e-01 -3.164136e-15 -1.221245e-15
4.245689e-01 5.250000020442e+00 4.457973e+00 7.920269e-01 -4.718448e-15 -1.776357e-15
4.232211e-01 5.250000040716e+00 4.443822e+00 8.061784e-01 -1.970646e-15 -2.109424e-15
4.218623e-01 5.250000061769e+00 4.429554e+00 8.204457e-01 -2.303713e-15 -3.830269e-15
4.204926e-01 5.250000083610e+00 4.415172e+00 8.348282e-01 -3.386180e-15 -1.332268e-15
4.191119e-01 5.250000106247e+00 4.400675e+00 8.493254e-01 -2.248202e-15 -2.831069e-15
4.177203e-01 5.250000129689e+00 4.386063e+00 8.639368e-01 -2.498002e-15 -3.219647e-15
4.163179e-01 5.250000153945e+00 4.371338e+00 8.786617e-01 -3.358425e-15 -2.109424e-15
4.149048e-01 5.250000179023e+00 4.356501e+00 8.934996e-01 -3.719247e-15 -2.664535e-15
4.134810e-01 5.250000204931e+00 4.341550e+00 9.084499e-01 -1.276756e-15 -2.442491e-15
4.120465e-01 5.250000231676e+00 4.326488e+00 9.235120e-01 -2.470246e-15 -4.773959e-15
4.106014e-01 5.250000259266e+00 4.311315e+00 9.386852e-01 -2.775558e-15 -3.497203e-15
4.091458e-01 5.250000287708e+00 4.296031e+00 9.539691e-01 -3.302913e-15 4.440892e-16
4.076798e-01 5.250000317008e+00 4.280638e+00 9.693628e-01 -2.581269e-15 -3.663736e-15
4.062033e-01 5.250000347173e+00 4.265135e+00 9.848658e-01 -3.413936e-15 4.996004e-16
4.047165e-01 5.250000378209e+00 4.249523e+00 1.000477e+00 -3.691492e-15 -1.332268e-15
4.032194e-01 5.250000410123e+00 4.233804e+00 1.016197e+00 -3.025358e-15 -4.052314e-15
4.017121e-01 5.250000442919e+00 4.217977e+00 1.032024e+00 -3.386180e-15 -2.775558e-15
4.001946e-01 5.250000476603e+00 4.202044e+00 1.047957e+00 -2.414735e-15 1.221245e-15
3.986671e-01 5.250000511179e+00 4.186005e+00 1.063996e+00 -3.108624e-15 -2.275957e-15
3.971296e-01 5.250000546653e+00 4.169861e+00 1.080139e+00 -2.692291e-15 -1.498801e-15
3.955822e-01 5.250000583029e+00 4.153613e+00 1.096388e+00 -4.024558e-15 -2.553513e-15
3.940249e-01 5.250000620310e+00 4.137261e+00 1.112739e+00 -2.636780e-15 -2.775558e-15
3.924578e-01 5.250000658501e+00 4.120807e+00 1.129194e+00 -3.441691e-15 -3.330669e-16
3.908810e-01 5.250000697603e+00 4.104251e+00 1.145750e+00 -2.470246e-15 -4.163336e-15
3.892946e-01 5.250000737621e+00 4.087594e+00 1.162407e+00 -3.164136e-15 -3.552714e-15
3.876987e-01 5.250000778556e+00 4.070836e+00 1.179165e+00 -3.885781e-15 -1.443290e-15
3.860932e-01 5.250000820411e+00 4.053979e+00 1.196022e+00 -4.107825e-15 -5.107026e-15
3.844784e-01 5.250000863188e+00 4.037024e+00 1.212977e+00 -3.497203e-15 -3.830269e-15
3.828543e-01 5.250000906888e+00 4.019970e+00 1.230031e+00 -4.635181e-15 -7.216450e-15
3.812210e-01 5.250000951511e+00 4.002820e+00 1.247181e+00 -3.996803e-15 -6.106227e-15
3.795785e-01 5.250000997059e+00 3.985575e+00 1.264426e+00 -4.024558e-15 -4.496403e-15
3.779270e-01 5.250001043532e+00 3.968234e+00 1.281767e+00 -2.775558e-15 -4.940492e-15
3.762666e-01 5.250001090930e+00 3.950799e+00 1.299202e+00 -3.635980e-15 -3.164136e-15
3.745972e-01 5.250001139252e+00 3.933271e+00 1.316730e+00 -3.330669e-15 -1.665335e-15
3.729191e-01 5.250001188497e+00 3.915651e+00 1.334351e+00 -3.219647e-15 -3.996803e-15
3.712323e-01 5.250001238664e+00 3.897939e+00 1.352062e+00 -2.886580e-15 -3.885781e-15
3.695369e-01 5.250001289752e+00 3.880138e+00 1.369864e+00 -2.303713e-15 -1.221245e-15
3.678331e-01 5.250001341758e+00 3.862247e+00 1.387754e+00 -3.580469e-15 -5.717649e-15
3.661208e-01 5.250001394679e+00 3.844268e+00 1.405733e+00 -3.025358e-15 -3.552714e-15
3.644002e-01 5.250001448514e+00 3.826202e+00 1.423799e+00 -3.275158e-15 -4.385381e-15
3.626714e-01 5.250001503258e+00 3.808050e+00 1.441951e+00 -5.162537e-15 -3.719247e-15
3.609346e-01 5.250001558909e+00 3.789813e+00 1.460189e+00 -2.220446e-15 -8.881784e-16
3.591897e-01 5.250001615462e+00 3.771492e+00 1.478510e+00 -3.275158e-15 -2.386980e-15
3.574369e-01 5.250001672912e+00 3.753088e+00 1.496914e+00 -2.636780e-15 -3.219647e-15
3.556764e-01 5.250001731255e+00 3.734602e+00 1.515400e+00 -2.858824e-15 -3.164136e-15
3.539082e-01 5.250001790486e+00 3.716036e+00 1.533966e+00 -4.413137e-15 -1.054712e-15
3.521324e-01 5.250001850599e+00 3.697390e+00 1.552612e+00 -3.358425e-15 -5.773160e-15
3.503491e-01 5.250001911588e+00 3.678665e+00 1.571336e+00 -3.469447e-15 -4.551914e-15
3.485585e-01 5.250001973446e+00 3.659864e+00 1.590138e+00 -3.441691e-15 -1.165734e-15
3.467606e-01 5.250002036168e+00 3.640986e+00 1.609016e+00 -3.136380e-15 -2.164935e-15
3.449556e-01 5.250002099746e+00 3.622034e+00 1.627968e+00 -4.191092e-15 -4.274359e-15
3.431436e-01 5.250002164172e+00 3.603007e+00 1.646995e+00 -1.249001e-15 -4.163336e-15
3.413246e-01 5.250002229439e+00 3.583909e+00 1.666094e+00 -2.609024e-15 -1.609823e-15
3.394989e-01 5.250002295538e+00 3.564739e+00 1.685264e+00 -2.581269e-15 -4.551914e-15
3.376665e-01 5.250002362461e+00 3.545498e+00 1.704504e+00 -2.359224e-15 -3.275158e-15
3.358276e-01 5.250002430199e+00 3.526190e+00 1.723813e+00 -3.080869e-15 -5.162537e-15
3.339822e-01 5.250002498743e+00 3.506813e+00 1.743189e+00 -3.719247e-15 -5.773160e-15
3.321305e-01 5.250002568082e+00 3.487370e+00 1.762632e+00 -5.440093e-15 -2.664535e-15
3.302726e-01 5.250002638208e+00 3.467863e+00 1.782140e+00 -4.024558e-15 -5.606626e-15
3.284087e-01 5.250002709109e+00 3.448291e+00 1.801711e+00 -2.525757e-15 -5.495604e-15
3.265388e-01 5.250002780775e+00 3.428657e+00 1.821345e+00 -3.358425e-15 -4.163336e-15
3.246631e-01 5.250002853195e+00 3.408963e+00 1.841040e+00 -2.525757e-15 -5.162537e-15
3.227817e-01 5.250002926358e+00 3.389208e+00 1.860795e+00 -3.053113e-15 -6.883383e-15
3.208947e-01 5.250003000252e+00 3.369395e+00 1.880608e+00 -2.248202e-15 -4.052314e-15
3.190023e-01 5.250003074866e+00 3.349525e+00 1.900479e+00 -3.080869e-15 -2.609024e-15
3.171046e-01 5.250003150187e+00 3.329599e+00 1.920405e+00 -2.081668e-15 -3.053113e-15
3.152017e-01 5.250003226202e+00 3.309618e+00 1.940385e+00 -7.216450e-16 -3.996803e-15
3.132938e-01 5.250003302899e+00 3.289585e+00 1.960418e+00 -8.049117e-16 -5.939693e-15
3.113810e-01 5.250003380265e+00 3.269500e+00 1.980503e+00 -1.137979e-15 -1.609823e-15
3.094634e-01 5.250003458286e+00 3.249365e+00 2.000638e+00 -2.914335e-15 -4.940492e-15
3.075411e-01 5.250003536950e+00 3.229182e+00 2.020822e+00 -3.025358e-15 -2.442491e-15
3.056143e-01 5.250003616241e+00 3.208950e+00 2.041053e+00 -3.191891e-15 -8.049117e-15
3.036832e-01 5.250003696147e+00 3.188673e+00 2.061330e+00 -2.747802e-15 -5.606626e-15
3.017478e-01 5.250003776653e+00 3.168352e+00 2.081652e+00 -2.803313e-15 -3.996803e-15
2.998083e-01 5.250003857744e+00 3.147987e+00 2.102017e+00 -3.358425e-15 -1.443290e-15
2.978649e-01 5.250003939405e+00 3.127581e+00 2.122423e+00 -2.886580e-15 -3.441691e-15
2.959176e-01 5.250004021623e+00 3.107135e+00 2.142869e+00 -2.442491e-15 -6.827872e-15
2.939666e-01 5.250004104381e+00 3.086650e+00 2.163355e+00 -1.804112e-15 -6.439294e-15
2.920121e-01 5.250004187664e+00 3.066127e+00 2.183877e+00 -2.636780e-15 -6.827872e-15
2.900542e-01 5.250004271457e+00 3.045569e+00 2.204435e+00 -2.581269e-15 -5.551115e-15
2.880931e-01 5.250004355745e+00 3.024977e+00 2.225027e+00 -2.331468e-15 -3.497203e-15
2.861288e-01 5.250004440511e+00 3.004352e+00 2.245652e+00 -3.747003e-15 -8.160139e-15
2.841616e-01 5.250004525740e+00 2.983696e+00 2.266308e+00 -2.609024e-15 -3.774758e-15
2.821915e-01 5.250004611415e+00 2.963011e+00 2.286994e+00 -2.914335e-15 -2.220446e-15
2.802187e-01 5.250004697521e+00 2.942297e+00 2.307708e+00 -3.164136e-15 -2.109424e-15
2.782434e-01 5.250004784041e+00 2.921556e+00 2.328449e+00 -2.053913e-15 -5.273559e-15
2.762658e-01 5.250004870959e+00 2.900790e+00 2.349214e+00 -2.803313e-15 -7.216450e-16
2.742858e-01 5.250004958258e+00 2.880001e+00 2.370004e+00 -3.330669e-15 -3.608225e-15
2.723038e-01 5.250005045922e+00 2.859190e+00 2.390815e+00 -1.526557e-15 -3.774758e-15
2.703198e-01 5.250005133934e+00 2.838358e+00 2.411647e+00 -3.136380e-15 -1.554312e-15
2.683340e-01 5.250005222278e+00 2.817507e+00 2.432498e+00 -3.719247e-15 -2.275957e-15
2.663465e-01 5.250005310937e+00 2.796639e+00 2.453367e+00 -2.692291e-15 -6.106227e-16
2.643576e-01 5.250005399893e+00 2.775755e+00 2.474251e+00 -3.025358e-15 -3.275158e-15
2.623673e-01 5.250005489132e+00 2.754856e+00 2.495149e+00 -2.081668e-15 -7.771561e-16
2.603757e-01 5.250005578634e+00 2.733945e+00 2.516061e+00 -4.635181e-15 -6.605827e-15
2.583831e-01 5.250005668385e+00 2.713023e+00 2.536983e+00 -4.357625e-15 -3.774758e-15
2.563896e-01 5.250005758366e+00 2.692091e+00 2.557915e+00 -2.525757e-15 -5.773160e-15
2.543953e-01 5.250005848562e+00 2.671151e+00 2.578855e+00 -4.218847e-15 -1.221245e-15
2.524004e-01 5.250005938955e+00 2.650205e+00 2.599801e+00 -3.524958e-15 -3.053113e-15
2.504051e-01 5.250006029528e+00 2.629254e+00 2.620753e+00 -3.747003e-15 -2.942091e-15
2.484094e-01 5.250006120266e+00 2.608299e+00 2.641707e+00 -4.107825e-15 -4.496403e-15
2.464136e-01 5.250006211152e+00 2.587343e+00 2.662663e+00 -2.997602e-15 -1.720846e-15
2.444178e-01 5.250006302168e+00 2.566387e+00 2.683620e+00 -3.136380e-15 -3.330669e-15
2.424221e-01 5.250006393299e+00 2.545432e+00 2.704575e+00 -4.773959e-15 -4.884981e-15
2.404267e-01 5.250006484528e+00 2.524480e+00 2.725526e+00 -3.164136e-15 -8.326673e-16
2.384317e-01 5.250006575839e+00 2.503533e+00 2.746474e+00 -3.302913e-15 -4.385381e-15
2.364373e-01 5.250006667215e+00 2.482592e+00 2.767415e+00 -5.495604e-15 -4.607426e-15
2.344437e-01 5.250006758641e+00 2.461659e+00 2.788348e+00 -4.329870e-15 -4.996004e-16
2.324510e-01 5.250006850100e+00 2.440735e+00 2.809271e+00 -5.023759e-15 -1.443290e-15
2.304593e-01 5.250006941577e+00 2.419823e+00 2.830184e+00 -4.246603e-15 -4.052314e-15
2.284688e-01 5.250007033057e+00 2.398923e+00 2.851084e+00 -3.580469e-15 -2.442491e-15
2.264797e-01 5.250007124523e+00 2.378037e+00 2.871970e+00 -4.968248e-15 -2.720046e-15
2.244920e-01 5.250007215960e+00 2.357167e+00 2.892841e+00 -3.858025e-15 -4.551914e-15
2.225061e-01 5.250007307353e+00 2.336314e+00 2.913694e+00 -3.691492e-15 -3.164136e-15
2.205219e-01 5.250007398686e+00 2.315480e+00 2.934528e+00 -5.523360e-15 -4.718448e-15
2.185396e-01 5.250007489946e+00 2.294666e+00 2.955341e+00 -3.635980e-15 -2.442491e-15
2.165595e-01 5.250007581117e+00 2.273875e+00 2.976133e+00 -3.830269e-15 -2.886580e-15
2.145816e-01 5.250007672185e+00 2.253107e+00 2.996901e+00 -4.524159e-15 -3.885781e-15
2.126061e-01 5.250007763135e+00 2.232364e+00 3.017643e+00 -3.691492e-15 -1.776357e-15
2.106332e-01 5.250007853954e+00 2.211648e+00 3.038359e+00 -4.163336e-15 -6.106227e-15
2.086630e-01 5.250007944627e+00 2.190961e+00 3.059047e+00 -4.440892e-15 -6.272760e-15
2.066956e-01 5.250008035141e+00 2.170303e+00 3.079705e+00 -4.440892e-15 -2.386980e-15
2.047312e-01 5.250008125482e+00 2.149677e+00 3.100331e+00 -3.830269e-15 -6.661338e-15
2.027699e-01 5.250008215638e+00 2.129084e+00 3.120924e+00 -2.858824e-15 -6.994405e-15
2.008120e-01 5.250008305594e+00 2.108526e+00 3.141483e+00 -3.996803e-15 -4.996004e-15
1.988574e-01 5.250008395339e+00 2.088003e+00 3.162005e+00 -3.330669e-15 -2.775558e-15
1.969065e-01 5.250008484860e+00 2.067518e+00 3.182490e+00 -4.440892e-15 -5.995204e-15
1.949593e-01 5.250008574144e+00 2.047073e+00 3.202936e+00 -2.858824e-15 -5.107026e-15
1.930160e-01 5.250008663180e+00 2.026668e+00 3.223341e+00 -3.247402e-15 -8.548717e-15
1.910767e-01 5.250008751955e+00 2.006305e+00 3.243704e+00 -3.885781e-15 -4.996004e-15
1.891416e-01 5.250008840459e+00 1.985986e+00 3.264022e+00 -4.135581e-15 -1.887379e-15
1.872107e-01 5.250008928680e+00 1.965713e+00 3.284296e+00 -3.497203e-15 -8.881784e-16
1.852844e-01 5.250009016606e+00 1.945486e+00 3.304523e+00 -3.497203e-15 -5.995204e-15
1.833626e-01 5.250009104228e+00 1.925308e+00 3.324701e+00 -3.552714e-15 -5.662137e-15
1.814456e-01 5.250009191535e+00 1.905179e+00 3.344830e+00 -3.719247e-15 -9.325873e-15
1.795335e-01 5.250009278517e+00 1.885102e+00 3.364907e+00 -2.942091e-15 -6.661338e-15
1.776264e-01 5.250009365163e+00 1.865077e+00 3.384932e+00 -3.858025e-15 -2.997602e-15
1.757245e-01 5.250009451464e+00 1.845107e+00 3.404902e+00 -2.581269e-15 -6.883383e-15
1.738279e-01 5.250009537411e+00 1.825193e+00 3.424817e+00 -3.858025e-15 -4.218847e-15
1.719367e-01 5.250009622995e+00 1.805336e+00 3.444674e+00 -3.524958e-15 -5.218048e-15
1.700512e-01 5.250009708206e+00 1.785537e+00 3.464472e+00 -3.885781e-15 -7.216450e-15
1.681714e-01 5.250009793037e+00 1.765799e+00 3.484211e+00 -2.831069e-15 -1.998401e-15
1.662974e-01 5.250009877479e+00 1.746123e+00 3.503887e+00 -3.469447e-15 -6.883383e-15
1.644294e-01 5.250009961524e+00 1.726509e+00 3.523501e+00 -3.969047e-15 -3.441691e-15
1.625676e-01 5.250010045165e+00 1.706960e+00 3.543050e+00 -3.358425e-15 -5.662137e-15
1.607121e-01 5.250010128394e+00 1.687477e+00 3.562533e+00 -2.997602e-15 -4.996004e-15
1.588630e-01 5.250010211204e+00 1.668061e+00 3.581949e+00 -3.747003e-15 -5.329071e-15
1.570204e-01 5.250010293587e+00 1.648714e+00 3.601296e+00 -4.107825e-15 -1.665335e-15
1.551845e-01 5.250010375539e+00 1.629438e+00 3.620573e+00 -2.498002e-15 -6.439294e-15
1.533555e-01 5.250010457052e+00 1.610232e+00 3.639778e+00 -2.997602e-15 -3.441691e-15
1.515334e-01 5.250010538120e+00 1.591100e+00 3.658910e+00 -3.108624e-15 -8.881784e-16
1.497183e-01 5.250010618737e+00 1.572042e+00 3.677968e+00 -3.913536e-15 -2.886580e-15
1.479105e-01 5.250010698899e+00 1.553060e+00 3.696950e+00 -3.719247e-15 -2.775558e-15
1.461100e-01 5.250010778599e+00 1.534155e+00 3.715855e+00 -3.358425e-15 -1.110223e-15
1.443170e-01 5.250010857834e+00 1.515329e+00 3.734682e+00 -3.386180e-15 -2.553513e-15
1.425316e-01 5.250010936598e+00 1.496582e+00 3.753429e+00 -3.913536e-15 -1.443290e-15
1.407540e-01 5.250011014887e+00 1.477917e+00 3.772094e+00 -4.052314e-15 1.221245e-15
1.389842e-01 5.250011092697e+00 1.459334e+00 3.790677e+00 -3.441691e-15 -1.776357e-15
1.372223e-01 5.250011170023e+00 1.440835e+00 3.809177e+00 -3.830269e-15 -1.221245e-15
1.354686e-01 5.250011246863e+00 1.422421e+00 3.827591e+00 -4.232725e-15 2.553513e-15
1.337232e-01 5.250011323213e+00 1.404093e+00 3.845918e+00 -4.302114e-15 -2.997602e-15
1.319860e-01 5.250011399070e+00 1.385853e+00 3.864158e+00 -4.010681e-15 -2.220446e-15
1.302574e-01 5.250011474431e+00 1.367703e+00 3.882309e+00 -4.690692e-15 -1.665335e-15
1.285374e-01 5.250011549294e+00 1.349642e+00 3.900369e+00 -4.246603e-15 0.000000e+00
1.268261e-01 5.250011623655e+00 1.331674e+00 3.918338e+00 -2.942091e-15 -4.218847e-15
1.251236e-01 5.250011697513e+00 1.313798e+00 3.936214e+00 -3.913536e-15 3.996803e-15
1.234301e-01 5.250011770866e+00 1.296016e+00 3.953996e+00 -3.996803e-15 1.776357e-15
1.217457e-01 5.250011843712e+00 1.278330e+00 3.971682e+00 -4.343748e-15 -2.220446e-16
1.200705e-01 5.250011916050e+00 1.260740e+00 3.989271e+00 -3.289036e-15 -3.552714e-15
1.184046e-01 5.250011987878e+00 1.243249e+00 4.006763e+00 -4.427014e-15 3.108624e-15
1.167482e-01 5.250012059196e+00 1.225856e+00 4.024156e+00 -3.747003e-15 -1.332268e-15
1.151013e-01 5.250012130002e+00 1.208564e+00 4.041448e+00 -3.150258e-15 1.332268e-15
1.134641e-01 5.250012200296e+00 1.191373e+00 4.058639e+00 -3.969047e-15 5.773160e-15
1.118367e-01 5.250012270078e+00 1.174285e+00 4.075727e+00 -3.913536e-15 -4.218847e-15
1.102192e-01 5.250012339346e+00 1.157301e+00 4.092711e+00 -4.260481e-15 6.328271e-15
1.086117e-01 5.250012408102e+00 1.140422e+00 4.109590e+00 -4.288236e-15 -3.219647e-15
1.070143e-01 5.250012476345e+00 1.123650e+00 4.126363e+00 -4.427014e-15 -4.440892e-15
1.054271e-01 5.250012544075e+00 1.106985e+00 4.143028e+00 -3.538836e-15 -1.443290e-15
1.038503e-01 5.250012611293e+00 1.090428e+00 4.159585e+00 -4.288236e-15 -8.881784e-16
1.022839e-01 5.250012677999e+00 1.073981e+00 4.176031e+00 -4.066192e-15 1.776357e-15
1.007281e-01 5.250012744195e+00 1.057645e+00 4.192367e+00 -4.954370e-15 6.661338e-16
9.918299e-02 5.250012809881e+00 1.041421e+00 4.208591e+00 -3.635980e-15 -8.881784e-16
9.764863e-02 5.250012875058e+00 1.025311e+00 4.224702e+00 -4.135581e-15 -1.110223e-15
9.612515e-02 5.250012939728e+00 1.009314e+00 4.240699e+00 -3.830269e-15 -5.218048e-15
9.461266e-02 5.250013003891e+00 9.934329e-01 4.256580e+00 -4.260481e-15 -3.219647e-15
9.311126e-02 5.250013067550e+00 9.776682e-01 4.272345e+00 -4.107825e-15 -4.996004e-15
9.162105e-02 5.250013130705e+00 9.620210e-01 4.287992e+00 -3.941292e-15 -4.996004e-15
9.014213e-02 5.250013193360e+00 9.464924e-01 4.303521e+00 -3.233525e-15 -9.769963e-15
8.867462e-02 5.250013255515e+00 9.310835e-01 4.318930e+00 -4.024558e-15 -8.548717e-15
8.721860e-02 5.250013317172e+00 9.157953e-01 4.334218e+00 -3.955170e-15 -3.108624e-15
8.577419e-02 5.250013378334e+00 9.006290e-01 4.349384e+00 -4.302114e-15 -5.329071e-15
8.434147e-02 5.250013439002e+00 8.855854e-01 4.364428e+00 -3.219647e-15 -4.440892e-15
8.292055e-02 5.250013499180e+00 8.706658e-01 4.379348e+00 -3.302913e-15 -1.776357e-15
8.151152e-02 5.250013558869e+00 8.558710e-01 4.394143e+00 -3.566591e-15 -8.770762e-15
8.011449e-02 5.250013618072e+00 8.412022e-01 4.408811e+00 -3.164136e-15 -7.771561e-16
7.872955e-02 5.250013676791e+00 8.266602e-01 4.423353e+00 -3.233525e-15 -2.442491e-15
7.735679e-02 5.250013735029e+00 8.122463e-01 4.437767e+00 -3.733125e-15 -5.884182e-15
7.599630e-02 5.250013792789e+00 7.979612e-01 4.452053e+00 -3.441691e-15 -6.661338e-15
7.464819e-02 5.250013850073e+00 7.838060e-01 4.466208e+00 -3.344547e-15 -5.107026e-15
7.331255e-02 5.250013906885e+00 7.697818e-01 4.480232e+00 -3.871903e-15 -5.551115e-15
7.198946e-02 5.250013963227e+00 7.558894e-01 4.494125e+00 -3.247402e-15 7.771561e-16
7.067902e-02 5.250014019102e+00 7.421298e-01 4.507884e+00 -3.511080e-15 -7.327472e-15
6.938133e-02 5.250014074513e+00 7.285039e-01 4.521510e+00 -2.872702e-15 -3.108624e-15
6.809646e-02 5.250014129464e+00 7.150128e-01 4.535001e+00 -3.289036e-15 -5.440093e-15
6.682451e-02 5.250014183956e+00 7.016574e-01 4.548357e+00 -3.094747e-15 -7.438494e-15
6.556557e-02 5.250014237995e+00 6.884385e-01 4.561576e+00 -3.635980e-15 -5.218048e-15
6.431973e-02 5.250014291582e+00 6.753572e-01 4.574657e+00 -3.649858e-15 -1.032507e-14
6.308707e-02 5.250014344721e+00 6.624142e-01 4.587600e+00 -4.218847e-15 -8.326673e-15
6.186768e-02 5.250014397416e+00 6.496106e-01 4.600404e+00 -3.635980e-15 -7.549517e-15
6.066165e-02 5.250014449669e+00 6.369473e-01 4.613067e+00 -3.788636e-15 -9.214851e-15
5.946905e-02 5.250014501484e+00 6.244250e-01 4.625589e+00 -3.150258e-15 -2.997602e-15
5.828998e-02 5.250014552865e+00 6.120448e-01 4.637970e+00 -3.608225e-15 -1.043610e-14
5.712452e-02 5.250014603814e+00 5.998075e-01 4.650207e+00 -3.580469e-15 -3.996803e-15
5.597275e-02 5.250014654336e+00 5.877139e-01 4.662301e+00 -3.691492e-15 -3.996803e-15
5.483475e-02 5.250014704434e+00 5.757649e-01 4.674250e+00 -3.594347e-15 -1.010303e-14
5.371061e-02 5.250014754111e+00 5.639614e-01 4.686053e+00 -3.511080e-15 -2.886580e-15
5.260040e-02 5.250014803371e+00 5.523042e-01 4.697711e+00 -3.871903e-15 -7.660539e-15
5.150421e-02 5.250014852217e+00 5.407942e-01 4.709221e+00 -3.649858e-15 -7.438494e-15
5.042212e-02 5.250014900653e+00 5.294322e-01 4.720583e+00 -4.038436e-15 -4.884981e-15
4.935420e-02 5.250014948683e+00 5.182191e-01 4.731796e+00 -3.219647e-15 -1.010303e-14
4.830053e-02 5.250014996311e+00 5.071555e-01 4.742859e+00 -3.899658e-15 -6.994405e-15
4.726119e-02 5.250015043539e+00 4.962425e-01 4.753773e+00 -3.885781e-15 -8.548717e-15
4.623625e-02 5.250015090372e+00 4.854806e-01 4.764534e+00 -3.608225e-15 -8.770762e-15
4.522580e-02 5.250015136813e+00 4.748709e-01 4.775144e+00 -3.150258e-15 -1.054712e-14
4.422991e-02 5.250015182867e+00 4.644140e-01 4.785601e+00 -3.844147e-15 -7.438494e-15
4.324865e-02 5.250015228536e+00 4.541108e-01 4.795904e+00 -4.093947e-15 -9.547918e-15
4.228210e-02 5.250015273824e+00 4.439620e-01 4.806053e+00 -3.622103e-15 -1.165734e-14
4.133033e-02 5.250015318736e+00 4.339684e-01 4.816047e+00 -3.455569e-15 -1.032507e-14
4.039341e-02 5.250015363275e+00 4.241308e-01 4.825885e+00 -3.760880e-15 -6.106227e-15
3.947142e-02 5.250015407444e+00 4.144499e-01 4.835565e+00 -3.760880e-15 -1.021405e-14
3.856443e-02 5.250015451248e+00 4.049265e-01 4.845089e+00 -3.622103e-15 -1.310063e-14
3.767251e-02 5.250015494690e+00 3.955613e-01 4.854454e+00 -3.816392e-15 -3.885781e-15
3.679573e-02 5.250015537773e+00 3.863551e-01 4.863660e+00 -3.830269e-15 -7.438494e-15
3.593416e-02 5.250015580503e+00 3.773087e-01 4.872707e+00 -3.830269e-15 -1.121325e-14
3.508787e-02 5.250015622881e+00 3.684226e-01 4.881593e+00 -4.343748e-15 -1.076916e-14
3.425693e-02 5.250015664912e+00 3.596977e-01 4.890318e+00 -4.066192e-15 -1.099121e-14
3.344141e-02 5.250015706599e+00 3.511348e-01 4.898881e+00 -3.816392e-15 -1.054712e-14
3.264137e-02 5.250015747947e+00 3.427344e-01 4.907281e+00 -3.483325e-15 -1.032507e-14
3.185688e-02 5.250015788958e+00 3.344973e-01 4.915519e+00 -3.615164e-15 -1.121325e-14
3.108802e-02 5.250015829635e+00 3.264242e-01 4.923592e+00 -3.663736e-15 -1.010303e-14
3.033484e-02 5.250015869983e+00 3.185158e-01 4.931500e+00 -3.913536e-15 -8.770762e-15
2.959741e-02 5.250015910003e+00 3.107728e-01 4.939243e+00 -3.427814e-15 -1.043610e-14
2.887580e-02 5.250015949701e+00 3.031959e-01 4.946820e+00 -3.622103e-15 -1.321165e-14
2.817007e-02 5.250015989078e+00 2.957857e-01 4.954230e+00 -3.705369e-15 -7.327472e-15
2.748028e-02 5.250016028137e+00 2.885430e-01 4.961473e+00 -3.733125e-15 -1.232348e-14
2.680650e-02 5.250016066881e+00 2.814683e-01 4.968548e+00 -3.552714e-15 -6.328271e-15
2.614880e-02 5.250016105313e+00 2.745624e-01 4.975454e+00 -3.545775e-15 -8.992806e-15
2.550723e-02 5.250016143434e+00 2.678259e-01 4.982190e+00 -3.302913e-15 -1.398881e-14
2.488185e-02 5.250016181248e+00 2.612594e-01 4.988757e+00 -3.615164e-15 -1.287859e-14
2.427273e-02 5.250016218756e+00 2.548637e-01 4.995153e+00 -3.913536e-15 -1.065814e-14
2.367993e-02 5.250016255960e+00 2.486393e-01 5.001377e+00 -3.698430e-15 -9.547918e-15
2.310351e-02 5.250016292860e+00 2.425868e-01 5.007429e+00 -3.531897e-15 -1.221245e-15
2.254352e-02 5.250016329459e+00 2.367070e-01 5.013309e+00 -3.518019e-15 -6.439294e-15
2.200004e-02 5.250016365757e+00 2.310004e-01 5.019016e+00 -3.747003e-15 -7.993606e-15
2.147311e-02 5.250016401754e+00 2.254676e-01 5.024549e+00 -3.552714e-15 -8.437695e-15
2.096280e-02 5.250016437450e+00 2.201094e-01 5.029907e+00 -3.677614e-15 -4.329870e-15
2.046916e-02 5.250016472846e+00 2.149261e-01 5.035090e+00 -3.649858e-15 -1.065814e-14
1.999225e-02 5.250016507939e+00 2.099186e-01 5.040098e+00 -3.462508e-15 -8.770762e-15
1.953213e-02 5.250016542730e+00 2.050873e-01 5.044929e+00 -3.809453e-15 -7.549517e-15
1.908885e-02 5.250016577216e+00 2.004329e-01 5.049584e+00 -3.552714e-15 -7.993606e-15
1.866247e-02 5.250016611394e+00 1.959560e-01 5.054061e+00 -3.635980e-15 -9.880985e-15
1.825305e-02 5.250016645263e+00 1.916570e-01 5.058360e+00 -3.705369e-15 -5.773160e-15
1.786064e-02 5.250016678817e+00 1.875367e-01 5.062480e+00 -3.809453e-15 -8.548717e-15
1.748530e-02 5.250016712055e+00 1.835956e-01 5.066421e+00 -3.629042e-15 -9.769963e-15
1.712707e-02 5.250016744970e+00 1.798342e-01 5.070183e+00 -3.649858e-15 -6.550316e-15
1.678601e-02 5.250016777557e+00 1.762531e-01 5.073764e+00 -3.726186e-15 -6.106227e-15
1.646218e-02 5.250016809810e+00 1.728529e-01 5.077164e+00 -3.733125e-15 -9.658940e-15
1.615563e-02 5.250016841722e+00 1.696341e-01 5.080383e+00 -3.635980e-15 -4.329870e-15
1.586640e-02 5.250016873285e+00 1.665972e-01 5.083420e+00 -3.615164e-15 -1.065814e-14
1.559455e-02 5.250016904492e+00 1.637428e-01 5.086274e+00 -3.524958e-15 -1.043610e-14
1.534014e-02 5.250016935331e+00 1.610714e-01 5.088945e+00 -3.753942e-15 -7.327472e-15
1.510320e-02 5.250016965794e+00 1.585836e-01 5.091433e+00 -3.698430e-15 -9.880985e-15
1.488379e-02 5.250016995869e+00 1.562798e-01 5.093737e+00 -3.642919e-15 -8.770762e-15
1.468196e-02 5.250017025544e+00 1.541606e-01 5.095856e+00 -3.601286e-15 -3.108624e-15
1.449776e-02 5.250017054805e+00 1.522265e-01 5.097791e+00 -3.455569e-15 -3.330669e-15
1.433123e-02 5.250017083639e+00 1.504779e-01 5.099539e+00 -3.601286e-15 -9.547918e-15
1.418242e-02 5.250017112031e+00 1.489154e-01 5.101102e+00 -3.649858e-15 -8.659740e-15
1.405137e-02 5.250017139964e+00 1.475394e-01 5.102478e+00 -3.531897e-15 -8.104628e-15
1.393813e-02 5.250017167422e+00 1.463504e-01 5.103667e+00 -3.597816e-15 -5.662137e-15
1.384275e-02 5.250017194386e+00 1.453489e-01 5.104668e+00 -3.583939e-15 -1.176836e-14
1.376527e-02 5.250017220837e+00 1.445353e-01 5.105482e+00 -3.615164e-15 -6.439294e-15
1.370572e-02 5.250017246754e+00 1.439101e-01 5.106107e+00 -3.570061e-15 -7.438494e-15
1.366416e-02 5.250017272117e+00 1.434737e-01 5.106544e+00 -3.448630e-15 -1.032507e-14
1.364062e-02 5.250017296903e+00 1.432266e-01 5.106791e+00 -3.472916e-15 -7.327472e-15
1.363515e-02 5.250017321089e+00 1.431691e-01 5.106848e+00 -3.573530e-15 -1.088019e-14
1.364778e-02 5.250017344649e+00 1.433017e-01 5.106716e+00 -3.552714e-15 -9.214851e-15
1.367855e-02 5.250017367558e+00 1.436248e-01 5.106393e+00 -3.535366e-15 -1.221245e-14
1.372750e-02 5.250017389789e+00 1.441387e-01 5.105879e+00 -3.490264e-15 -1.110223e-14
1.379466e-02 5.250017411316e+00 1.448439e-01 5.105174e+00 -3.452100e-15 -6.883383e-15
1.388006e-02 5.250017432108e+00 1.457407e-01 5.104277e+00 -3.611694e-15 -9.325873e-15
1.398375e-02 5.250017452137e+00 1.468294e-01 5.103188e+00 -3.604755e-15 -9.547918e-15
1.410576e-02 5.250017471371e+00 1.481105e-01 5.101907e+00 -3.497203e-15 -7.660539e-15
1.424611e-02 5.250017489779e+00 1.495842e-01 5.100433e+00 -3.531897e-15 -5.995204e-15
1.440484e-02 5.250017507329e+00 1.512508e-01 5.098767e+00 -3.479855e-15 -6.994405e-15
1.458196e-02 5.250017523988e+00 1.531106e-01 5.096907e+00 -3.691492e-15 -8.548717e-15
1.477752e-02 5.250017539721e+00 1.551640e-01 5.094854e+00 -3.566591e-15 1.110223e-16
1.499154e-02 5.250017554494e+00 1.574112e-01 5.092606e+00 -3.514550e-15 -3.774758e-15
1.522404e-02 5.250017568271e+00 1.598524e-01 5.090165e+00 -3.479855e-15 -6.217249e-15
1.547504e-02 5.250017581017e+00 1.624879e-01 5.087530e+00 -3.708839e-15 -1.554312e-15
1.574457e-02 5.250017592695e+00 1.653179e-01 5.084700e+00 -3.662001e-15 -1.021405e-14
1.603263e-02 5.250017603268e+00 1.683427e-01 5.081675e+00 -3.526693e-15 -1.099121e-14
1.633926e-02 5.250017612699e+00 1.715623e-01 5.078455e+00 -3.571796e-15 -8.326673e-15
1.666447e-02 5.250017620951e+00 1.749769e-01 5.075041e+00 -3.596082e-15 -7.660539e-15
1.700827e-02 5.250017627985e+00 1.785868e-01 5.071431e+00 -3.611694e-15 -5.773160e-15
1.737067e-02 5.250017633763e+00 1.823920e-01 5.067626e+00 -3.408732e-15 -9.436896e-15
1.775169e-02 5.250017638249e+00 1.863927e-01 5.063625e+00 -3.608225e-15 -4.996004e-15
1.815132e-02 5.250017641403e+00 1.905889e-01 5.059429e+00 -3.566591e-15 8.881784e-16
1.856958e-02 5.250017643188e+00 1.949806e-01 5.055037e+00 -3.504141e-15 -4.551914e-15
1.900648e-02 5.250017643566e+00 1.995680e-01 5.050450e+00 -3.694961e-15 -9.880985e-15
1.946201e-02 5.250017642501e+00 2.043511e-01 5.045667e+00 -3.722717e-15 -8.104628e-15
1.993617e-02 5.250017639956e+00 2.093298e-01 5.040688e+00 -3.674144e-15 3.552714e-15
2.042896e-02 5.250017635894e+00 2.145041e-01 5.035514e+00 -3.565724e-15 -4.662937e-15
2.094038e-02 5.250017630281e+00 2.198740e-01 5.030144e+00 -3.610827e-15 -2.109424e-15
2.147041e-02 5.250017623081e+00 2.254393e-01 5.024578e+00 -3.577000e-15 -5.995204e-15
2.201905e-02 5.250017614261e+00 2.312001e-01 5.018818e+00 -3.652894e-15 -5.662137e-15
2.258629e-02 5.250017603787e+00 2.371561e-01 5.012862e+00 -3.723584e-15 -2.442491e-15
2.317211e-02 5.250017591629e+00 2.433072e-01 5.006710e+00 -3.539920e-15 -7.438494e-15
2.377649e-02 5.250017577755e+00 2.496532e-01 5.000364e+00 -3.508695e-15 -4.662937e-15
2.439942e-02 5.250017562137e+00 2.561939e-01 4.993824e+00 -3.548485e-15 -7.105427e-15
2.504086e-02 5.250017544745e+00 2.629290e-01 4.987089e+00 -3.523278e-15 -8.881784e-15
2.570080e-02 5.250017525555e+00 2.698584e-01 4.980159e+00 -3.304648e-15 -6.661338e-15
2.637921e-02 5.250017504540e+00 2.769817e-01 4.973036e+00 -3.332837e-15 -8.992806e-15
2.707605e-02 5.250017481678e+00 2.842985e-01 4.965719e+00 -3.256510e-15 -7.438494e-15
2.779129e-02 5.250017456947e+00 2.918086e-01 4.958209e+00 -3.283398e-15 -7.771561e-15
2.852490e-02 5.250017430327e+00 2.995115e-01 4.950506e+00 -3.296842e-15 -5.107026e-15
2.927683e-02 5.250017401801e+00 3.074068e-01 4.942611e+00 -3.607357e-15 -4.218847e-15
3.004705e-02 5.250017371353e+00 3.154940e-01 4.934523e+00 -3.357557e-15 -5.551115e-15
3.083550e-02 5.250017338968e+00 3.237728e-01 4.926245e+00 -3.226586e-15 -1.043610e-14
3.164215e-02 5.250017304635e+00 3.322425e-01 4.917775e+00 -3.322863e-15 -5.773160e-15
3.246693e-02 5.250017268345e+00 3.409027e-01 4.909115e+00 -3.172809e-15 -3.885781e-15
3.330979e-02 5.250017230089e+00 3.497528e-01 4.900264e+00 -3.268219e-15 -5.440093e-15
3.417068e-02 5.250017189863e+00 3.587921e-01 4.891225e+00 -3.561387e-15 3.330669e-16
3.504953e-02 5.250017147663e+00 3.680201e-01 4.881997e+00 -3.354955e-15 -7.216450e-15
3.594629e-02 5.250017103489e+00 3.774360e-01 4.872581e+00 -3.226586e-15 -6.550316e-15
3.686088e-02 5.250017057342e+00 3.870392e-01 4.862978e+00 -3.207504e-15 -3.441691e-15
3.779323e-02 5.250017009226e+00 3.968289e-01 4.853188e+00 -3.623837e-15 -6.883383e-15
3.874328e-02 5.250016959146e+00 4.068044e-01 4.843213e+00 -3.467712e-15 -4.773959e-15
3.971095e-02 5.250016907112e+00 4.169650e-01 4.833052e+00 -3.537101e-15 -7.660539e-15
4.069615e-02 5.250016853134e+00 4.273096e-01 4.822707e+00 -3.599551e-15 -7.549517e-15
4.169882e-02 5.250016797224e+00 4.378376e-01 4.812179e+00 -3.568326e-15 -5.107026e-15
4.271886e-02 5.250016739398e+00 4.485480e-01 4.801469e+00 -3.431283e-15 -5.773160e-15
4.375618e-02 5.250016679672e+00 4.594399e-01 4.790577e+00 -3.087808e-15 -7.993606e-15
4.481070e-02 5.250016618066e+00 4.705123e-01 4.779504e+00 -3.524958e-15 -5.107026e-15
4.588232e-02 5.250016554601e+00 4.817644e-01 4.768252e+00 -3.393119e-15 -1.565414e-14
4.697095e-02 5.250016489301e+00 4.931950e-01 4.756822e+00 -3.490264e-15 -3.774758e-15
4.807649e-02 5.250016422191e+00 5.048031e-01 4.745213e+00 -3.292505e-15 -2.220446e-15
4.919883e-02 5.250016353297e+00 5.165877e-01 4.733429e+00 -3.042705e-15 -9.769963e-15
5.033787e-02 5.250016282649e+00 5.285477e-01 4.721469e+00 -3.209238e-15 -7.882583e-15
5.149351e-02 5.250016210277e+00 5.406819e-01 4.709334e+00 -3.046174e-15 -1.143530e-14
5.266563e-02 5.250016136213e+00 5.529892e-01 4.697027e+00 -3.490264e-15 -6.106227e-15
5.385413e-02 5.250016060491e+00 5.654684e-01 4.684548e+00 -3.694961e-15 -8.326673e-15
5.505889e-02 5.250015983145e+00 5.781183e-01 4.671898e+00 -3.122502e-15 -6.772360e-15
5.627978e-02 5.250015904213e+00 5.909377e-01 4.659078e+00 -3.792106e-15 -7.771561e-15
5.751669e-02 5.250015823731e+00 6.039253e-01 4.646091e+00 -3.563122e-15 -7.882583e-15
5.876951e-02 5.250015741737e+00 6.170798e-01 4.632936e+00 -3.476386e-15 -1.043610e-14
6.003809e-02 5.250015658272e+00 6.304000e-01 4.619616e+00 -3.101686e-15 -6.661338e-15
6.132233e-02 5.250015573375e+00 6.438844e-01 4.606131e+00 -2.886580e-15 -4.996004e-15
6.262208e-02 5.250015487087e+00 6.575318e-01 4.592484e+00 -3.254341e-15 -1.021405e-14
6.393722e-02 5.250015399450e+00 6.713408e-01 4.578675e+00 -3.413936e-15 -9.547918e-15
6.526761e-02 5.250015310505e+00 6.853099e-01 4.564705e+00 -3.167605e-15 -2.553513e-15
6.661311e-02 5.250015220295e+00 6.994377e-01 4.550578e+00 -3.632511e-15 -1.132427e-14
6.797360e-02 5.250015128862e+00 7.137228e-01 4.536292e+00 -3.566591e-15 -1.132427e-14
6.934893e-02 5.250015036249e+00 7.281637e-01 4.521851e+00 -3.622103e-15 -4.662937e-15
7.073895e-02 5.250014942498e+00 7.427590e-01 4.507256e+00 -3.143319e-15 -7.105427e-15
7.214353e-02 5.250014847652e+00 7.575071e-01 4.492508e+00 -3.323730e-15 -6.772360e-15
7.356253e-02 5.250014751752e+00 7.724065e-01 4.477608e+00 -3.982925e-15 -6.772360e-15
7.499578e-02 5.250014654840e+00 7.874557e-01 4.462559e+00 -3.434752e-15 -1.454392e-14
7.644316e-02 5.250014556958e+00 8.026531e-01 4.447361e+00 -3.212708e-15 -8.770762e-15
7.790450e-02 5.250014458147e+00 8.179972e-01 4.432017e+00 -3.393119e-15 -8.326673e-15
7.937965e-02 5.250014358446e+00 8.334863e-01 4.416528e+00 -3.996803e-15 -1.076916e-14
8.086847e-02 5.250014257894e+00 8.491189e-01 4.400895e+00 -3.184952e-15 -4.440892e-15
8.237080e-02 5.250014156532e+00 8.648933e-01 4.385121e+00 -3.122502e-15 -8.437695e-15
8.388647e-02 5.250014054395e+00 8.808080e-01 4.369206e+00 -4.003742e-15 -1.110223e-14
8.541535e-02 5.250013951521e+00 8.968612e-01 4.353153e+00 -2.449430e-15 -6.661338e-15
8.695726e-02 5.250013847946e+00 9.130513e-01 4.336963e+00 -2.949030e-15 -7.549517e-15
8.851206e-02 5.250013743704e+00 9.293766e-01 4.320637e+00 -3.795575e-15 -1.432188e-14
9.007957e-02 5.250013638829e+00 9.458355e-01 4.304178e+00 -3.344547e-15 -7.438494e-15
9.165964e-02 5.250013533352e+00 9.624262e-01 4.287587e+00 -3.871903e-15 -6.328271e-15
9.325210e-02 5.250013427306e+00 9.791471e-01 4.270866e+00 -3.906597e-15 -1.210143e-14
9.485680e-02 5.250013320720e+00 9.959964e-01 4.254017e+00 -2.900458e-15 -1.132427e-14
9.647356e-02 5.250013213623e+00 1.012972e+00 4.237041e+00 -3.351486e-15 -9.769963e-15
9.810223e-02 5.250013106042e+00 1.030073e+00 4.219940e+00 -3.191891e-15 -1.043610e-14
9.974263e-02 5.250012998003e+00 1.047298e+00 4.202715e+00 -2.858824e-15 -1.110223e-14
1.013946e-01 5.250012889532e+00 1.064643e+00 4.185370e+00 -2.879641e-15 -1.088019e-14
1.030580e-01 5.250012780653e+00 1.082109e+00 4.167904e+00 -2.921274e-15 -1.243450e-14
1.047326e-01 5.250012671387e+00 1.099692e+00 4.150321e+00 -4.066192e-15 -1.365574e-14
1.064182e-01 5.250012561756e+00 1.117392e+00 4.132621e+00 -3.497203e-15 -1.154632e-14
1.081148e-01 5.250012451780e+00 1.135206e+00 4.114807e+00 -3.247402e-15 -1.265654e-14
1.098221e-01 5.250012341478e+00 1.153132e+00 4.096880e+00 -2.983724e-15 -1.132427e-14
1.115399e-01 5.250012230868e+00 1.171169e+00 4.078843e+00 -3.642919e-15 -7.660539e-15
1.132682e-01 5.250012119967e+00 1.189316e+00 4.060697e+00 -2.838008e-15 -4.773959e-15
1.150066e-01 5.250012008790e+00 1.207569e+00 4.042443e+00 -3.219647e-15 -1.176836e-14
1.167550e-01 5.250011897353e+00 1.225928e+00 4.024084e+00 -3.247402e-15 -1.365574e-14
1.185134e-01 5.250011785669e+00 1.244390e+00 4.005622e+00 -3.455569e-15 -1.154632e-14
1.202814e-01 5.250011673752e+00 1.262954e+00 3.987057e+00 -2.602085e-15 -7.771561e-15
1.220589e-01 5.250011561612e+00 1.281618e+00 3.968393e+00 -2.414735e-15 -1.143530e-14
1.238457e-01 5.250011449263e+00 1.300380e+00 3.949631e+00 -2.664535e-15 -1.476597e-14
1.256418e-01 5.250011336715e+00 1.319238e+00 3.930773e+00 -2.685352e-15 -1.332268e-14
1.274468e-01 5.250011223977e+00 1.338191e+00 3.911820e+00 -3.608225e-15 -1.432188e-14
1.292606e-01 5.250011111060e+00 1.357236e+00 3.892775e+00 -3.920475e-15 -9.769963e-15
1.310830e-01 5.250010997973e+00 1.376372e+00 3.873639e+00 -3.164136e-15 -1.187939e-14
1.329139e-01 5.250010884724e+00 1.395596e+00 3.854415e+00 -3.573530e-15 -9.214851e-15
1.347531e-01 5.250010771322e+00 1.414907e+00 3.835104e+00 -3.760880e-15 -9.103829e-15
1.366003e-01 5.250010657775e+00 1.434304e+00 3.815707e+00 -3.344547e-15 -1.287859e-14
1.384555e-01 5.250010544091e+00 1.453783e+00 3.796227e+00 -3.518019e-15 -1.032507e-14
1.403185e-01 5.250010430277e+00 1.473344e+00 3.776667e+00 -2.761680e-15 -1.332268e-14
1.421889e-01 5.250010316341e+00 1.492984e+00 3.757026e+00 -3.622103e-15 -8.104628e-15
1.440668e-01 5.250010202290e+00 1.512702e+00 3.737309e+00 -3.538836e-15 -6.439294e-15
1.459519e-01 5.250010088132e+00 1.532495e+00 3.717515e+00 -3.205769e-15 -4.773959e-15
1.478440e-01 5.250009973874e+00 1.552362e+00 3.697648e+00 -3.094747e-15 -1.143530e-14
1.497429e-01 5.250009859523e+00 1.572301e+00 3.677709e+00 -3.816392e-15 -8.215650e-15
1.516485e-01 5.250009745088e+00 1.592309e+00 3.657700e+00 -3.733125e-15 -1.021405e-14
1.535606e-01 5.250009630575e+00 1.612386e+00 3.637624e+00 -3.705369e-15 -1.487699e-14
1.554789e-01 5.250009515994e+00 1.632529e+00 3.617481e+00 -4.010681e-15 -7.216450e-15
1.574034e-01 5.250009401351e+00 1.652736e+00 3.597273e+00 -3.191891e-15 -1.409983e-14
1.593338e-01 5.250009286655e+00 1.673005e+00 3.577004e+00 -3.913536e-15 -7.993606e-15
1.612700e-01 5.250009171915e+00 1.693335e+00 3.556674e+00 -3.733125e-15 -1.021405e-14
1.632117e-01 5.250009057140e+00 1.713723e+00 3.536286e+00 -3.635980e-15 -1.232348e-14
1.651588e-01 5.250008942340e+00 1.734168e+00 3.515841e+00 -3.802514e-15 -1.132427e-14
1.671112e-01 5.250008827522e+00 1.754667e+00 3.495342e+00 -4.204970e-15 -8.992806e-15
1.690685e-01 5.250008712698e+00 1.775219e+00 3.474790e+00 -3.705369e-15 -9.325873e-15
1.710306e-01 5.250008597878e+00 1.795822e+00 3.454187e+00 -3.566591e-15 -1.265654e-14
1.729975e-01 5.250008483072e+00 1.816473e+00 3.433535e+00 -3.677614e-15 -1.176836e-14
1.749687e-01 5.250008368291e+00 1.837172e+00 3.412837e+00 -3.899658e-15 -9.880985e-15
1.769443e-01 5.250008253546e+00 1.857915e+00 3.392093e+00 -4.246603e-15 -7.438494e-15
1.789240e-01 5.250008138848e+00 1.878702e+00 3.371306e+00 -3.039236e-15 -1.121325e-14
1.809075e-01 5.250008024210e+00 1.899529e+00 3.350479e+00 -3.760880e-15 -1.243450e-14
1.828949e-01 5.250007909644e+00 1.920396e+00 3.329612e+00 -3.511080e-15 -1.221245e-14
1.848857e-01 5.250007795162e+00 1.941300e+00 3.308708e+00 -2.747802e-15 -1.132427e-14
1.868799e-01 5.250007680776e+00 1.962239e+00 3.287768e+00 -3.483325e-15 -1.032507e-14
1.888773e-01 5.250007566501e+00 1.983212e+00 3.266796e+00 -2.983724e-15 -9.325873e-15
1.908777e-01 5.250007452350e+00 2.004216e+00 3.245791e+00 -3.677614e-15 -1.132427e-14
1.928809e-01 5.250007338335e+00 2.025250e+00 3.224758e+00 -3.080869e-15 -1.143530e-14
1.948867e-01 5.250007224472e+00 2.046311e+00 3.203696e+00 -3.649858e-15 -1.121325e-14
1.968950e-01 5.250007110774e+00 2.067398e+00 3.182609e+00 -3.830269e-15 -1.443290e-14
1.989055e-01 5.250006997256e+00 2.088508e+00 3.161499e+00 -3.316791e-15 -1.076916e-14
2.009181e-01 5.250006883932e+00 2.109641e+00 3.140366e+00 -4.066192e-15 -1.088019e-14
2.029326e-01 5.250006770818e+00 2.130793e+00 3.119214e+00 -3.511080e-15 -1.387779e-14
2.049488e-01 5.250006657928e+00 2.151963e+00 3.098044e+00 -3.469447e-15 -1.354472e-14
2.069666e-01 5.250006545279e+00 2.173149e+00 3.076858e+00 -2.678413e-15 -1.010303e-14
2.089856e-01 5.250006432885e+00 2.194349e+00 3.055657e+00 -3.219647e-15 -1.154632e-14
2.110059e-01 5.250006320763e+00 2.215562e+00 3.034445e+00 -4.107825e-15 -1.043610e-14
2.130271e-01 5.250006208929e+00 2.236784e+00 3.013222e+00 -3.427814e-15 -1.398881e-14
2.150491e-01 5.250006097398e+00 2.258015e+00 2.991991e+00 -3.191891e-15 -1.454392e-14
2.170717e-01 5.250005986189e+00 2.279253e+00 2.970753e+00 -3.053113e-15 -1.354472e-14
2.190947e-01 5.250005875316e+00 2.300495e+00 2.949511e+00 -2.386980e-15 -1.232348e-14
2.211180e-01 5.250005764798e+00 2.321739e+00 2.928266e+00 -2.983724e-15 -1.088019e-14
2.231414e-01 5.250005654652e+00 2.342985e+00 2.907021e+00 -1.956768e-15 -1.432188e-14
2.251647e-01 5.250005544895e+00 2.364229e+00 2.885776e+00 -3.705369e-15 -1.443290e-14
2.271876e-01 5.250005435545e+00 2.385470e+00 2.864535e+00 -3.608225e-15 -1.243450e-14
2.292102e-01 5.250005326620e+00 2.406707e+00 2.843299e+00 -3.219647e-15 -1.099121e-14
2.312320e-01 5.250005218139e+00 2.427936e+00 2.822069e+00 -3.663736e-15 -1.421085e-14
2.332531e-01 5.250005110120e+00 2.449157e+00 2.800848e+00 -2.275957e-15 -1.088019e-14
2.352731e-01 5.250005002582e+00 2.470368e+00 2.779637e+00 -3.788636e-15 -1.143530e-14
2.372920e-01 5.250004895545e+00 2.491566e+00 2.758439e+00 -4.288236e-15 -1.665335e-14
2.393095e-01 5.250004789029e+00 2.512750e+00 2.737255e+00 -4.954370e-15 -1.187939e-14
2.413255e-01 5.250004683053e+00 2.533918e+00 2.716087e+00 -3.594347e-15 -1.287859e-14
2.433398e-01 5.250004577639e+00 2.555068e+00 2.694937e+00 -3.733125e-15 -1.421085e-14
2.453522e-01 5.250004472807e+00 2.576199e+00 2.673806e+00 -4.829470e-15 -1.443290e-14
2.473626e-01 5.250004368579e+00 2.597308e+00 2.652697e+00 -4.052314e-15 -1.088019e-14
2.493708e-01 5.250004264977e+00 2.618393e+00 2.631611e+00 -3.566591e-15 -1.521006e-14
2.513766e-01 5.250004162023e+00 2.639454e+00 2.610550e+00 -4.315992e-15 -1.709743e-14
2.533798e-01 5.250004059740e+00 2.660488e+00 2.589516e+00 -4.718448e-15 -1.620926e-14
2.553803e-01 5.250003958152e+00 2.681493e+00 2.568511e+00 -3.427814e-15 -1.820766e-14
2.573779e-01 5.250003857282e+00 2.702468e+00 2.547536e+00 -3.705369e-15 -1.187939e-14
2.593725e-01 5.250003757156e+00 2.723411e+00 2.526593e+00 -3.871903e-15 -1.265654e-14
2.613638e-01 5.250003657798e+00 2.744320e+00 2.505684e+00 -3.747003e-15 -1.088019e-14
2.633517e-01 5.250003559233e+00 2.765193e+00 2.484810e+00 -2.942091e-15 -1.476597e-14
2.653361e-01 5.250003461489e+00 2.786029e+00 2.463974e+00 -4.135581e-15 -1.387779e-14
2.673168e-01 5.250003364592e+00 2.806826e+00 2.443177e+00 -3.858025e-15 -1.276756e-14
2.692936e-01 5.250003268568e+00 2.827583e+00 2.422420e+00 -4.288236e-15 -9.769963e-15
2.712664e-01 5.250003173447e+00 2.848297e+00 2.401706e+00 -5.079270e-15 -1.343370e-14
2.732350e-01 5.250003079256e+00 2.868967e+00 2.381036e+00 -4.357625e-15 -1.421085e-14
2.751992e-01 5.250002986025e+00 2.889592e+00 2.360411e+00 -5.079270e-15 -1.587619e-14
2.771590e-01 5.250002893783e+00 2.910169e+00 2.339834e+00 -4.454770e-15 -1.054712e-14
2.791140e-01 5.250002802559e+00 2.930697e+00 2.319305e+00 -3.552714e-15 -1.698641e-14
2.810643e-01 5.250002712385e+00 2.951175e+00 2.298827e+00 -4.579670e-15 -1.687539e-14
2.830097e-01 5.250002623290e+00 2.971601e+00 2.278401e+00 -4.052314e-15 -1.543210e-14
2.849499e-01 5.250002535308e+00 2.991974e+00 2.258029e+00 -4.704570e-15 -1.865175e-14
2.868849e-01 5.250002448468e+00 3.012291e+00 2.237711e+00 -4.371503e-15 -1.620926e-14
2.888144e-01 5.250002362804e+00 3.032552e+00 2.217451e+00 -2.844947e-15 -1.298961e-14
2.907385e-01 5.250002278347e+00 3.052754e+00 2.197248e+00 -3.358425e-15 -1.754152e-14
2.926569e-01 5.250002195129e+00 3.072897e+00 2.177105e+00 -3.941292e-15 -1.287859e-14
2.945694e-01 5.250002113185e+00 3.092979e+00 2.157023e+00 -3.705369e-15 -1.498801e-14
2.964760e-01 5.250002032545e+00 3.112998e+00 2.137004e+00 -2.428613e-15 -1.532108e-14
2.983765e-01 5.250001953244e+00 3.132953e+00 2.117049e+00 -2.997602e-15 -1.398881e-14
3.002708e-01 5.250001875313e+00 3.152843e+00 2.097159e+00 -3.969047e-15 -1.421085e-14
3.021587e-01 5.250001798787e+00 3.172666e+00 2.077335e+00 -4.052314e-15 -1.365574e-14
3.040402e-01 5.250001723696e+00 3.192422e+00 2.057580e+00 -2.525757e-15 -1.398881e-14
3.059150e-01 5.250001650075e+00 3.212107e+00 2.037894e+00 -2.803313e-15 -1.310063e-14
3.077831e-01 5.250001577954e+00 3.231722e+00 2.018279e+00 -3.885781e-16 -1.221245e-14
3.096443e-01 5.250001507365e+00 3.251265e+00 1.998736e+00 -3.885781e-16 -1.409983e-14
3.114986e-01 5.250001438340e+00 3.270735e+00 1.979266e+00 -3.413936e-15 -1.143530e-14
3.133458e-01 5.250001370909e+00 3.290131e+00 1.959871e+00 -2.803313e-15 -1.332268e-14
3.151857e-01 5.250001305102e+00 3.309450e+00 1.940551e+00 -3.802514e-15 -1.310063e-14
3.170184e-01 5.250001240947e+00 3.328693e+00 1.921308e+00 -3.053113e-15 -1.387779e-14
3.188436e-01 5.250001178475e+00 3.347858e+00 1.902144e+00 -2.386980e-15 -1.521006e-14
3.206613e-01 5.250001117711e+00 3.366943e+00 1.883058e+00 -4.607426e-15 -1.587619e-14
3.224713e-01 5.250001058682e+00 3.385949e+00 1.864052e+00 -3.025358e-15 -1.432188e-14
3.242736e-01 5.250001001414e+00 3.404873e+00 1.845128e+00 -3.108624e-15 -1.476597e-14
3.260680e-01 5.250000945929e+00 3.423714e+00 1.826287e+00 -2.192690e-15 -1.554312e-14
3.278545e-01 5.250000892252e+00 3.442473e+00 1.807528e+00 -3.108624e-15 -1.598721e-14
3.296330e-01 5.250000840403e+00 3.461147e+00 1.788854e+00 -2.164935e-15 -1.398881e-14
3.314034e-01 5.250000790401e+00 3.479735e+00 1.770266e+00 -2.581269e-15 -1.576517e-14
3.331655e-01 5.250000742265e+00 3.498238e+00 1.751763e+00 -2.803313e-15 -1.365574e-14
3.349193e-01 5.250000696011e+00 3.516653e+00 1.733348e+00 -2.525757e-15 -1.609823e-14
3.366648e-01 5.250000651654e+00 3.534980e+00 1.715021e+00 -1.360023e-15 -1.698641e-14
3.384018e-01 5.250000609206e+00 3.553219e+00 1.696782e+00 -9.714451e-16 -1.609823e-14
3.401302e-01 5.250000568678e+00 3.571367e+00 1.678633e+00 -1.998401e-15 -1.654232e-14
3.418501e-01 5.250000530079e+00 3.589426e+00 1.660575e+00 -2.275957e-15 -1.521006e-14
3.435612e-01 5.250000493415e+00 3.607393e+00 1.642607e+00 -1.942890e-15 -1.287859e-14
3.452637e-01 5.250000458690e+00 3.625269e+00 1.624732e+00 -1.748601e-15 -1.321165e-14
3.469573e-01 5.250000425908e+00 3.643051e+00 1.606949e+00 -3.080869e-15 -1.443290e-14
3.486420e-01 5.250000395066e+00 3.660741e+00 1.589259e+00 -2.331468e-15 -1.454392e-14
3.503178e-01 5.250000366163e+00 3.678337e+00 1.571663e+00 -3.191891e-15 -1.099121e-14
3.519846e-01 5.250000339194e+00 3.695838e+00 1.554162e+00 -2.831069e-15 -1.398881e-14
3.536424e-01 5.250000314150e+00 3.713245e+00 1.536755e+00 -2.942091e-15 -1.354472e-14
3.552910e-01 5.250000291023e+00 3.730556e+00 1.519444e+00 -2.664535e-15 -1.509903e-14
3.569306e-01 5.250000269798e+00 3.747771e+00 1.502229e+00 -2.997602e-15 -1.665335e-14
3.585609e-01 5.250000250461e+00 3.764890e+00 1.485111e+00 -1.332268e-15 -1.759703e-14
3.601820e-01 5.250000232993e+00 3.781911e+00 1.468089e+00 -2.414735e-15 -1.715295e-14
3.617939e-01 5.250000217374e+00 3.798836e+00 1.451164e+00 -1.804112e-15 -1.842970e-14
3.633964e-01 5.250000203581e+00 3.815663e+00 1.434338e+00 -1.554312e-15 -1.554312e-14
3.649896e-01 5.250000191587e+00 3.832391e+00 1.417609e+00 -9.714451e-16 -1.731948e-14
3.665735e-01 5.250000181364e+00 3.849022e+00 1.400978e+00 -3.053113e-15 -1.737499e-14
3.681480e-01 5.250000172880e+00 3.865554e+00 1.384447e+00 -3.080869e-15 -1.487699e-14
3.697130e-01 5.250000166101e+00 3.881987e+00 1.368014e+00 -6.938894e-16 -1.887379e-14
3.712686e-01 5.250000160990e+00 3.898320e+00 1.351680e+00 -4.718448e-16 -1.659783e-14
3.728147e-01 5.250000157507e+00 3.914555e+00 1.335445e+00 -2.942091e-15 -1.637579e-14
3.743514e-01 5.250000155612e+00 3.930690e+00 1.319310e+00 -2.414735e-15 -1.909584e-14
3.758786e-01 5.250000155259e+00 3.946725e+00 1.303275e+00 -2.914335e-15 -1.831868e-14
3.773962e-01 5.250000156400e+00 3.962661e+00 1.287340e+00 -1.526557e-15 -1.787459e-14
3.789044e-01 5.250000158987e+00 3.978496e+00 1.271504e+00 -2.498002e-15 -1.626477e-14
3.804030e-01 5.250000162967e+00 3.994232e+00 1.255769e+00 -2.248202e-15 -1.504352e-14
3.818921e-01 5.250000168287e+00 4.009867e+00 1.240133e+00 -3.053113e-16 -1.876277e-14
3.833717e-01 5.250000174888e+00 4.025402e+00 1.224598e+00 -3.802514e-15 -1.804112e-14
3.848417e-01 5.250000182713e+00 4.040838e+00 1.209163e+00 -2.053913e-15 -1.998401e-14
3.863022e-01 5.250000191701e+00 4.056173e+00 1.193828e+00 -2.109424e-15 -1.881828e-14
3.877531e-01 5.250000201788e+00 4.071408e+00 1.178593e+00 -3.497203e-15 -1.676437e-14
3.891945e-01 5.250000212910e+00 4.086542e+00 1.163458e+00 -1.165734e-15 -1.865175e-14
3.906264e-01 5.250000224999e+00 4.101577e+00 1.148423e+00 -1.498801e-15 -1.804112e-14
3.920487e-01 5.250000237988e+00 4.116512e+00 1.133489e+00 -9.714451e-16 -1.937339e-14
3.934616e-01 5.250000251806e+00 4.131346e+00 1.118654e+00 -3.330669e-15 -1.904032e-14
3.948649e-01 5.250000266382e+00 4.146081e+00 1.103919e+00 -1.859624e-15 -1.415534e-14
3.962587e-01 5.250000281643e+00 4.160717e+00 1.089284e+00 -1.804112e-15 -1.931788e-14
3.976431e-01 5.250000297513e+00 4.175252e+00 1.074748e+00 -1.526557e-15 -1.837419e-14
3.990179e-01 5.250000313919e+00 4.189688e+00 1.060312e+00 -2.664535e-15 -1.865175e-14
4.003833e-01 5.250000330783e+00 4.204025e+00 1.045975e+00 -3.885781e-15 -1.865175e-14
4.017393e-01 5.250000348028e+00 4.218262e+00 1.031738e+00 -3.330669e-15 -1.915135e-14
4.030858e-01 5.250000365576e+00 4.232401e+00 1.017600e+00 -1.887379e-15 -1.632028e-14
4.044229e-01 5.250000383348e+00 4.246440e+00 1.003560e+00 -1.831868e-15 -1.720846e-14
4.057506e-01 5.250000401266e+00 4.260381e+00 9.896195e-01 -3.830269e-15 -1.770806e-14
4.070688e-01 5.250000419249e+00 4.274223e+00 9.757775e-01 -3.469447e-15 -1.731948e-14
4.083778e-01 5.250000437219e+00 4.287966e+00 9.620340e-01 -9.714451e-16 -1.715295e-14
4.096773e-01 5.250000455095e+00 4.301612e+00 9.483888e-01 -6.661338e-16 -1.815215e-14
4.109675e-01 5.250000472797e+00 4.315159e+00 9.348417e-01 -1.665335e-15 -1.720846e-14
4.122484e-01 5.250000490248e+00 4.328608e+00 9.213927e-01 -2.553513e-15 -2.148282e-14
4.135199e-01 5.250000507367e+00 4.341959e+00 9.080414e-01 -1.026956e-15 -1.854072e-14
4.147822e-01 5.250000524076e+00 4.355213e+00 8.947879e-01 -8.326673e-17 -1.981748e-14
4.160351e-01 5.250000540299e+00 4.368369e+00 8.816320e-01 -4.718448e-16 -2.087219e-14
4.172788e-01 5.250000555958e+00 4.381427e+00 8.685734e-01 -4.440892e-16 -1.720846e-14
4.185132e-01 5.250000570977e+00 4.394388e+00 8.556122e-01 -2.220446e-15 -1.598721e-14
4.197383e-01 5.250000585282e+00 4.407252e+00 8.427481e-01 -2.831069e-15 -1.920686e-14
4.209542e-01 5.250000598801e+00 4.420020e+00 8.299811e-01 -1.304512e-15 -1.709743e-14
4.221609e-01 5.250000611461e+00 4.432690e+00 8.173111e-01 -1.804112e-15 -1.942890e-14
4.233584e-01 5.250000623192e+00 4.445263e+00 8.047379e-01 -9.992007e-16 -1.743050e-14
4.245466e-01 5.250000633927e+00 4.457739e+00 7.922616e-01 -2.498002e-16 -1.765255e-14
4.257256e-01 5.250000643599e+00 4.470119e+00 7.798820e-01 1.665335e-16 -1.598721e-14
4.268954e-01 5.250000652144e+00 4.482401e+00 7.675992e-01 2.498002e-16 -1.965095e-14
4.280560e-01 5.250000659500e+00 4.494588e+00 7.554130e-01 -1.970646e-15 -1.876277e-14
4.292073e-01 5.250000665608e+00 4.506677e+00 7.433236e-01 -1.082467e-15 -1.731948e-14
4.303495e-01 5.250000670412e+00 4.518670e+00 7.313308e-01 -1.498801e-15 -1.748601e-14
4.314825e-01 5.250000673856e+00 4.530566e+00 7.194348e-01 -1.304512e-15 -1.693090e-14
4.326062e-01 5.250000675889e+00 4.542365e+00 7.076355e-01 1.387779e-16 -1.831868e-14
4.337207e-01 5.250000676463e+00 4.554068e+00 6.959331e-01 -1.221245e-15 -1.754152e-14
4.348260e-01 5.250000675533e+00 4.565673e+00 6.843276e-01 -4.996004e-16 -1.632028e-14
4.359220e-01 5.250000673058e+00 4.577181e+00 6.728192e-01 -3.053113e-16 -1.765255e-14
4.370088e-01 5.250000668997e+00 4.588593e+00 6.614079e-01 8.881784e-16 -1.543210e-14
4.380863e-01 5.250000663316e+00 4.599907e+00 6.500940e-01 -1.193490e-15 -1.798561e-14
4.391546e-01 5.250000655984e+00 4.611123e+00 6.388777e-01 6.106227e-16 -1.909584e-14
4.402135e-01 5.250000646972e+00 4.622242e+00 6.277590e-01 2.775558e-16 -1.776357e-14
4.412631e-01 5.250000636258e+00 4.633262e+00 6.167383e-01 -5.828671e-16 -1.720846e-14
4.423033e-01 5.250000623821e+00 4.644185e+00 6.058158e-01 -8.326673e-16 -1.765255e-14
4.433342e-01 5.250000609645e+00 4.655009e+00 5.949918e-01 -2.498002e-16 -1.765255e-14
4.443556e-01 5.250000593718e+00 4.665734e+00 5.842666e-01 -5.828671e-16 -1.643130e-14
4.453676e-01 5.250000576034e+00 4.676360e+00 5.736404e-01 -1.970646e-15 -1.837419e-14
4.463702e-01 5.250000556590e+00 4.686887e+00 5.631138e-01 -1.110223e-16 -1.820766e-14
4.473632e-01 5.250000535386e+00 4.697314e+00 5.526870e-01 1.360023e-15 -1.748601e-14
4.483467e-01 5.250000512428e+00 4.707640e+00 5.423604e-01 -1.026956e-15 -1.648681e-14
4.493206e-01 5.250000487728e+00 4.717866e+00 5.321344e-01 -2.164935e-15 -1.820766e-14
4.502848e-01 5.250000461301e+00 4.727991e+00 5.220096e-01 2.775558e-16 -1.820766e-14
4.512394e-01 5.250000433166e+00 4.738014e+00 5.119864e-01 -1.471046e-15 -1.659783e-14
4.521843e-01 5.250000403347e+00 4.747935e+00 5.020653e-01 -9.992007e-16 -1.820766e-14
4.531194e-01 5.250000371875e+00 4.757754e+00 4.922467e-01 -1.193490e-15 -1.876277e-14
4.540447e-01 5.250000338783e+00 4.767469e+00 4.825313e-01 -3.885781e-16 -1.815215e-14
4.549601e-01 5.250000304109e+00 4.777081e+00 4.729196e-01 -5.273559e-16 -1.670886e-14
4.558655e-01 5.250000267898e+00 4.786588e+00 4.634122e-01 -1.471046e-15 -1.859624e-14
4.567610e-01 5.250000230198e+00 4.795991e+00 4.540097e-01 -6.106227e-16 -1.648681e-14
4.576464e-01 5.250000191061e+00 4.805288e+00 4.447127e-01 -3.136380e-15 -1.781908e-14
4.585217e-01 5.250000150544e+00 4.814478e+00 4.355218e-01 -2.553513e-15 -1.831868e-14
4.593869e-01 5.250000108711e+00 4.823562e+00 4.264378e-01 -8.326673e-17 -1.892930e-14
4.602418e-01 5.250000065627e+00 4.832539e+00 4.174613e-01 -8.049117e-16 -1.804112e-14
4.610864e-01 5.250000021363e+00 4.841407e+00 4.085930e-01 -2.109424e-15 -1.748601e-14
4.619206e-01 5.249999975994e+00 4.850166e+00 3.998336e-01 -2.053913e-15 -1.959544e-14
4.627444e-01 5.249999929600e+00 4.858816e+00 3.911838e-01 -2.581269e-15 -1.915135e-14
4.635577e-01 5.249999882263e+00 4.867355e+00 3.826444e-01 -7.771561e-16 -1.765255e-14
4.643604e-01 5.249999834070e+00 4.875784e+00 3.742161e-01 -1.887379e-15 -1.970646e-14
4.651524e-01 5.249999785112e+00 4.884100e+00 3.658996e-01 -1.387779e-15 -1.632028e-14
4.659337e-01 5.249999735482e+00 4.892304e+00 3.576957e-01 9.159340e-16 -1.659783e-14
4.667042e-01 5.249999685279e+00 4.900394e+00 3.496052e-01 -1.137979e-15 -1.704192e-14
4.674639e-01 5.249999634600e+00 4.908371e+00 3.416289e-01 -1.471046e-15 -1.931788e-14
4.682126e-01 5.249999583551e+00 4.916232e+00 3.337675e-01 -5.273559e-16 -1.837419e-14
4.689503e-01 5.249999532234e+00 4.923978e+00 3.260218e-01 -4.718448e-16 -1.715295e-14
4.696769e-01 5.249999480759e+00 4.931607e+00 3.183926e-01 -1.942890e-16 -1.787459e-14
4.703923e-01 5.249999429232e+00 4.939119e+00 3.108806e-01 8.326673e-17 -1.793010e-14
4.710965e-01 5.249999377766e+00 4.946513e+00 3.034866e-01 1.665335e-16 -1.765255e-14
4.717893e-01 5.249999326471e+00 4.953788e+00 2.962114e-01 1.665335e-16 -1.676437e-14
4.724708e-01 5.249999275460e+00 4.960944e+00 2.890557e-01 4.718448e-16 -1.831868e-14
4.731409e-01 5.249999224845e+00 4.967979e+00 2.820203e-01 -8.326673e-16 -1.737499e-14
4.737994e-01 5.249999174739e+00 4.974893e+00 2.751059e-01 3.608225e-16 -1.715295e-14
4.744463e-01 5.249999125255e+00 4.981686e+00 2.683133e-01 -5.828671e-16 -1.731948e-14
4.750815e-01 5.249999076503e+00 4.988356e+00 2.616431e-01 -1.554312e-15 -1.715295e-14
4.757051e-01 5.249999028595e+00 4.994903e+00 2.550960e-01 -1.665335e-16 -1.670886e-14
4.763168e-01 5.249998981638e+00 5.001326e+00 2.486727e-01 -1.942890e-16 -1.687539e-14
4.769167e-01 5.249998935740e+00 5.007625e+00 2.423740e-01 6.938894e-16 -1.670886e-14
4.775046e-01 5.249998891003e+00 5.013799e+00 2.362003e-01 -3.608225e-16 -1.615375e-14
4.780806e-01 5.249998847529e+00 5.019847e+00 2.301523e-01 -6.106227e-16 -1.665335e-14
4.786446e-01 5.249998805415e+00 5.025768e+00 2.242306e-01 9.714451e-16 -1.659783e-14
4.791965e-01 5.249998764754e+00 5.031563e+00 2.184358e-01 -1.970646e-15 -1.665335e-14
4.797362e-01 5.249998725635e+00 5.037230e+00 2.127684e-01 -1.415534e-15 -1.726397e-14
4.802638e-01 5.249998688144e+00 5.042770e+00 2.072288e-01 7.771561e-16 -1.668110e-14
4.807791e-01 5.249998652357e+00 5.048181e+00 2.018177e-01 6.661338e-16 -1.723621e-14
4.812822e-01 5.249998618348e+00 5.053463e+00 1.965353e-01 -5.828671e-16 -1.676437e-14
4.817730e-01 5.249998586184e+00 5.058616e+00 1.913822e-01 1.360023e-15 -1.754152e-14
4.822514e-01 5.249998555924e+00 5.063640e+00 1.863587e-01 -2.775558e-16 -1.734723e-14
4.827175e-01 5.249998527623e+00 5.068533e+00 1.814651e-01 -8.881784e-16 -1.662559e-14
4.831711e-01 5.249998501324e+00 5.073297e+00 1.767018e-01 5.551115e-17 -1.645906e-14
4.836123e-01 5.249998477066e+00 5.077930e+00 1.720690e-01 3.608225e-16 -1.784684e-14
4.840411e-01 5.249998454877e+00 5.082432e+00 1.675669e-01 -1.165734e-15 -1.754152e-14
4.844574e-01 5.249998434779e+00 5.086803e+00 1.631958e-01 -1.387779e-15 -1.687539e-14
4.848612e-01 5.249998416782e+00 5.091043e+00 1.589558e-01 -1.165734e-15 -1.754152e-14
4.852525e-01 5.249998400889e+00 5.095151e+00 1.548471e-01 1.221245e-15 -1.740275e-14
4.856313e-01 5.249998387092e+00 5.099129e+00 1.508697e-01 -1.720846e-15 -1.737499e-14
4.859976e-01 5.249998375374e+00 5.102975e+00 1.470237e-01 -1.776357e-15 -1.734723e-14
4.863514e-01 5.249998365708e+00 5.106689e+00 1.433091e-01 1.221245e-15 -1.751377e-14
4.866926e-01 5.249998358056e+00 5.110273e+00 1.397258e-01 -2.109424e-15 -1.765255e-14
4.870214e-01 5.249998352370e+00 5.113724e+00 1.362739e-01 -5.551115e-16 -1.759703e-14
4.873376e-01 5.249998348592e+00 5.117045e+00 1.329531e-01 4.996004e-16 -1.787459e-14
4.876414e-01 5.249998346651e+00 5.120235e+00 1.297635e-01 7.771561e-16 -1.706968e-14
4.879327e-01 5.249998346467e+00 5.123294e+00 1.267048e-01 -4.996004e-16 -1.726397e-14
4.882116e-01 5.249998347951e+00 5.126222e+00 1.237768e-01 -8.881784e-16 -1.745826e-14
4.884780e-01 5.249998350999e+00 5.129019e+00 1.209793e-01 -4.440892e-16 -1.762479e-14
4.887320e-01 5.249998355501e+00 5.131686e+00 1.183120e-01 1.665335e-16 -1.748601e-14
4.889737e-01 5.249998361332e+00 5.134224e+00 1.157748e-01 1.110223e-16 -1.729172e-14
4.892030e-01 5.249998368360e+00 5.136631e+00 1.133672e-01 -4.440892e-16 -1.756928e-14
4.894199e-01 5.249998376442e+00 5.138909e+00 1.110889e-01 -7.771561e-16 -1.734723e-14
4.896246e-01 5.249998385424e+00 5.141059e+00 1.089397e-01 -1.221245e-15 -1.765255e-14
4.898171e-01 5.249998395144e+00 5.143079e+00 1.069190e-01 3.885781e-16 -1.770806e-14
4.899973e-01 5.249998405428e+00 5.144972e+00 1.050266e-01 3.330669e-16 -1.765255e-14
4.901654e-01 5.249998416096e+00 5.146736e+00 1.032620e-01 -9.436896e-16 -1.759703e-14
4.903213e-01 5.249998426959e+00 5.148374e+00 1.016249e-01 8.881784e-16 -1.729172e-14
4.904651e-01 5.249998437818e+00 5.149884e+00 1.001147e-01 -2.775558e-16 -1.779132e-14
4.905969e-01 5.249998448469e+00 5.151267e+00 9.873116e-02 -9.436896e-16 -1.770806e-14
4.907166e-01 5.249998458699e+00 5.152525e+00 9.747377e-02 7.771561e-16 -1.751377e-14
4.908244e-01 5.249998468291e+00 5.153656e+00 9.634212e-02 -5.551115e-17 -1.740275e-14
4.909203e-01 5.249998477019e+00 5.154663e+00 9.533581e-02 -4.440892e-16 -1.743050e-14
4.910042e-01 5.249998484657e+00 5.155544e+00 9.445441e-02 6.106227e-16 -1.754152e-14
4.910763e-01 5.249998490969e+00 5.156301e+00 9.369753e-02 -9.436896e-16 -1.754152e-14
4.911365e-01 5.249998495721e+00 5.156934e+00 9.306480e-02 -4.996004e-16 -1.740275e-14
4.911850e-01 5.249998498672e+00 5.157443e+00 9.255584e-02 -1.110223e-15 -1.737499e-14
4.912217e-01 5.249998499582e+00 5.157828e+00 9.217031e-02 -8.881784e-16 -1.743050e-14
4.912467e-01 5.249998498208e+00 5.158091e+00 9.190792e-02 5.551115e-17 -1.741662e-14
4.912600e-01 5.249998494310e+00 5.158230e+00 9.176835e-02 -1.110223e-15 -1.749989e-14
4.912616e-01 5.249998487645e+00 5.158247e+00 9.175138e-02 -1.776357e-15 -1.756928e-14
4.912516e-01 5.249998477974e+00 5.158142e+00 9.185678e-02 -1.665335e-16 -1.744438e-14
4.912299e-01 5.249998465062e+00 5.157914e+00 9.208439e-02 -2.775558e-16 -1.744438e-14
4.911966e-01 5.249998448674e+00 5.157564e+00 9.243406e-02 -1.332268e-15 -1.745826e-14
4.911517e-01 5.249998428584e+00 5.157093e+00 9.290572e-02 -1.942890e-15 -1.745826e-14
4.910951e-01 5.249998404569e+00 5.156499e+00 9.349935e-02 5.551115e-17 -1.748601e-14
4.910270e-01 5.249998376413e+00 5.155783e+00 9.421495e-02 -9.992007e-16 -1.745826e-14
4.909472e-01 5.249998343907e+00 5.154946e+00 9.505263e-02 -6.106227e-16 -1.749989e-14
4.908558e-01 5.249998306853e+00 5.153986e+00 9.601251e-02 -1.720846e-15 -1.754152e-14
4.907527e-01 5.249998265061e+00 5.152903e+00 9.709481e-02 -6.106227e-16 -1.761091e-14
4.906379e-01 5.249998218352e+00 5.151698e+00 9.829979e-02 -9.992007e-16 -1.744438e-14
4.905115e-01 5.249998166556e+00 5.150370e+00 9.962780e-02 1.665335e-16 -1.754152e-14
4.903732e-01 5.249998109519e+00 5.148919e+00 1.010793e-01 -1.554312e-15 -1.737499e-14
4.902232e-01 5.249998047098e+00 5.147343e+00 1.026546e-01 -1.498801e-15 -1.777745e-14
4.900613e-01 5.249997979164e+00 5.145643e+00 1.043545e-01 -2.775558e-15 -1.765948e-14
4.898875e-01 5.249997905603e+00 5.143818e+00 1.061795e-01 -1.554312e-15 -1.726397e-14
4.897017e-01 5.249997826316e+00 5.141867e+00 1.081304e-01 1.110223e-16 -1.729172e-14
4.895038e-01 5.249997741221e+00 5.139790e+00 1.102079e-01 -8.326673e-16 -1.783296e-14
4.892938e-01 5.249997650250e+00 5.137585e+00 1.124129e-01 -2.775558e-16 -1.763867e-14
4.890715e-01 5.249997553356e+00 5.135251e+00 1.147464e-01 -1.498801e-15 -1.756928e-14
4.888369e-01 5.249997450506e+00 5.132788e+00 1.172095e-01 -1.665335e-16 -1.750683e-14
4.885899e-01 5.249997341685e+00 5.130194e+00 1.198032e-01 -1.609823e-15 -1.736111e-14
4.883303e-01 5.249997226898e+00 5.127468e+00 1.225289e-01 7.771561e-16 -1.740968e-14
4.880580e-01 5.249997106168e+00 5.124609e+00 1.253877e-01 1.831868e-15 -1.712866e-14
4.877729e-01 5.249996979534e+00 5.121616e+00 1.283810e-01 -2.109424e-15 -1.761438e-14
4.874749e-01 5.249996847055e+00 5.118486e+00 1.315104e-01 1.110223e-16 -1.756581e-14
4.871637e-01 5.249996708808e+00 5.115219e+00 1.347774e-01 -8.326673e-16 -1.770806e-14
4.868393e-01 5.249996564888e+00 5.111813e+00 1.381836e-01 -2.775558e-15 -1.749295e-14
4.865015e-01 5.249996415406e+00 5.108266e+00 1.417306e-01 -8.881784e-16 -1.734810e-14
4.861501e-01 5.249996260492e+00 5.104576e+00 1.454204e-01 1.110223e-16 -1.737239e-14
4.857849e-01 5.249996100292e+00 5.100741e+00 1.492546e-01 -1.665335e-16 -1.770199e-14
4.854058e-01 5.249995934967e+00 5.096761e+00 1.532353e-01 -1.665335e-15 -1.757709e-14
4.850125e-01 5.249995764693e+00 5.092631e+00 1.573644e-01 -9.436896e-16 -1.726570e-14
4.846049e-01 5.249995589662e+00 5.088352e+00 1.616440e-01 4.996004e-16 -1.786765e-14
4.841828e-01 5.249995410077e+00 5.083919e+00 1.660762e-01 8.881784e-16 -1.799949e-14
4.837459e-01 5.249995226154e+00 5.079332e+00 1.706632e-01 -6.661338e-16 -1.850256e-14
4.832941e-01 5.249995038121e+00 5.074588e+00 1.754073e-01 -1.110223e-16 -1.892236e-14
4.828271e-01 5.249994846213e+00 5.069684e+00 1.803106e-01 -1.165734e-15 -1.826317e-14
4.823447e-01 5.249994650677e+00 5.064619e+00 1.853755e-01 0.000000e+00 -1.789541e-14
4.818467e-01 5.249994451763e+00 5.059390e+00 1.906045e-01 -4.996004e-16 -1.700723e-14
4.813328e-01 5.249994249729e+00 5.053994e+00 1.959999e-01 -1.720846e-15 -1.745132e-14
4.808028e-01 5.249994044837e+00 5.048430e+00 2.015642e-01 1.110223e-16 -1.752765e-14
4.802566e-01 5.249993837350e+00 5.042694e+00 2.072999e-01 -4.996004e-16 -1.818684e-14
4.796937e-01 5.249993627533e+00 5.036784e+00 2.132095e-01 3.885781e-16 -1.719458e-14
4.791141e-01 5.249993415650e+00 5.030698e+00 2.192955e-01 -9.992007e-16 -1.726397e-14
4.785174e-01 5.249993201962e+00 5.024433e+00 2.255605e-01 3.885781e-16 -1.816602e-14
4.779034e-01 5.249992986726e+00 5.017986e+00 2.320071e-01 4.996004e-16 -1.830480e-14
4.772719e-01 5.249992770195e+00 5.011355e+00 2.386378e-01 -2.220446e-16 -1.786071e-14
4.766226e-01 5.249992552614e+00 5.004537e+00 2.454553e-01 -1.110223e-16 -1.786071e-14
4.759553e-01 5.249992334219e+00 4.997530e+00 2.524621e-01 -4.440892e-16 -1.845746e-14
4.752696e-01 5.249992115239e+00 4.990331e+00 2.596609e-01 -1.221245e-15 -1.731948e-14
4.745655e-01 5.249991895890e+00 4.982938e+00 2.670542e-01 -1.554312e-15 -1.758316e-14
4.738426e-01 5.249991676376e+00 4.975347e+00 2.746446e-01 -8.326673e-16 -1.883216e-14
4.731006e-01 5.249991456891e+00 4.967557e+00 2.824347e-01 5.551115e-16 -1.770806e-14
4.723395e-01 5.249991237613e+00 4.959564e+00 2.904270e-01 8.881784e-16 -1.876277e-14
4.715588e-01 5.249991018708e+00 4.951367e+00 2.986241e-01 -1.831868e-15 -1.870726e-14
4.707583e-01 5.249990800327e+00 4.942962e+00 3.070285e-01 -1.498801e-15 -1.840195e-14
4.699379e-01 5.249990582608e+00 4.934348e+00 3.156427e-01 8.881784e-16 -1.867950e-14
4.690973e-01 5.249990365673e+00 4.925521e+00 3.244691e-01 -1.665335e-16 -1.856848e-14
4.682362e-01 5.249990149635e+00 4.916480e+00 3.335103e-01 -7.771561e-16 -1.817990e-14
4.673544e-01 5.249989934591e+00 4.907221e+00 3.427686e-01 -6.661338e-16 -1.823541e-14
4.664517e-01 5.249989720627e+00 4.897743e+00 3.522464e-01 -4.996004e-16 -1.898481e-14
4.655280e-01 5.249989507822e+00 4.888043e+00 3.619460e-01 -7.216450e-16 -1.929013e-14
4.645828e-01 5.249989296244e+00 4.878119e+00 3.718699e-01 -9.436896e-16 -1.917910e-14
4.636161e-01 5.249989085957e+00 4.867969e+00 3.820202e-01 8.881784e-16 -1.990075e-14
4.626276e-01 5.249988877022e+00 4.857590e+00 3.923992e-01 -1.110223e-15 -1.870726e-14
