5.000000e-01 5.250000000000e+00 5.250000e+00 0.000000e+00 -1.137979e-15 0.000000e+00
4.999933e-01 5.249999999881e+00 5.249929e+00 7.075301e-05 -1.415534e-15 8.673617e-19
4.999730e-01 5.249999999523e+00 5.249717e+00 2.830125e-04 -5.551115e-16 -6.245005e-17
4.999394e-01 5.249999998928e+00 5.249363e+00 6.367799e-04 -2.386980e-15 -4.336809e-17
4.998922e-01 5.249999998096e+00 5.248868e+00 1.132058e-03 -2.192690e-15 -6.245005e-17
4.998315e-01 5.249999997028e+00 5.248231e+00 1.768849e-03 -1.165734e-15 -1.301043e-16
4.997574e-01 5.249999995725e+00 5.247453e+00 2.547158e-03 -2.664535e-15 -2.064321e-16
4.996698e-01 5.249999994188e+00 5.246533e+00 3.466990e-03 -2.164935e-15 -7.285839e-17
4.995687e-01 5.249999992421e+00 5.245472e+00 4.528351e-03 -2.220446e-15 -2.775558e-16
4.994542e-01 5.249999990424e+00 5.244269e+00 5.731248e-03 -2.914335e-15 -5.551115e-17
4.993261e-01 5.249999988200e+00 5.242924e+00 7.075688e-03 -2.775558e-15 -2.463307e-16
4.991846e-01 5.249999985752e+00 5.241438e+00 8.561681e-03 -1.609823e-15 -5.100087e-16
4.990296e-01 5.249999983084e+00 5.239811e+00 1.018923e-02 -2.220446e-15 -2.949030e-16
4.988611e-01 5.249999980197e+00 5.238042e+00 1.195836e-02 -6.383782e-16 -9.714451e-17
4.986791e-01 5.249999977097e+00 5.236131e+00 1.386907e-02 -2.609024e-15 -8.326673e-17
4.984837e-01 5.249999973786e+00 5.234079e+00 1.592136e-02 -2.192690e-15 -4.440892e-16
4.982747e-01 5.249999970269e+00 5.231885e+00 1.811527e-02 -2.081668e-15 -2.775558e-16
4.980523e-01 5.249999966550e+00 5.229549e+00 2.045079e-02 -2.359224e-15 -3.122502e-16
4.978164e-01 5.249999962633e+00 5.227072e+00 2.292794e-02 -8.881784e-16 -6.522560e-16
4.975670e-01 5.249999958525e+00 5.224453e+00 2.554673e-02 -3.275158e-15 -4.579670e-16
4.973041e-01 5.249999954230e+00 5.221693e+00 2.830718e-02 -1.637579e-15 -9.506285e-16
4.970277e-01 5.249999949753e+00 5.218791e+00 3.120930e-02 -2.636780e-15 -1.942890e-16
4.967378e-01 5.249999945101e+00 5.215747e+00 3.425310e-02 -2.220446e-15 -3.122502e-16
4.964344e-01 5.249999940280e+00 5.212561e+00 3.743860e-02 -3.080869e-15 -2.914335e-16
4.961175e-01 5.249999935295e+00 5.209234e+00 4.076581e-02 -2.692291e-15 -6.383782e-16
4.957872e-01 5.249999930153e+00 5.205765e+00 4.423474e-02 -4.163336e-16 -5.689893e-16
4.954433e-01 5.249999924862e+00 5.202155e+00 4.784541e-02 -1.332268e-15 -1.137979e-15
4.950859e-01 5.249999919429e+00 5.198402e+00 5.159783e-02 -1.582068e-15 -8.049117e-16
4.947150e-01 5.249999913860e+00 5.194508e+00 5.549201e-02 -6.383782e-16 -6.245005e-16
4.943307e-01 5.249999908163e+00 5.190472e+00 5.952797e-02 -2.192690e-15 -5.273559e-16
4.939328e-01 5.249999902348e+00 5.186294e+00 6.370572e-02 -1.026956e-15 -1.318390e-15
4.935214e-01 5.249999896421e+00 5.181975e+00 6.802526e-02 8.326673e-17 -4.440892e-16
4.930965e-01 5.249999890391e+00 5.177513e+00 7.248661e-02 -3.080869e-15 -7.494005e-16
4.926581e-01 5.249999884267e+00 5.172910e+00 7.708977e-02 1.110223e-15 -6.661338e-16
4.922062e-01 5.249999878057e+00 5.168165e+00 8.183476e-02 -2.997602e-15 -3.191891e-16
4.917408e-01 5.249999871772e+00 5.163278e+00 8.672159e-02 -1.748601e-15 -1.193490e-15
4.912619e-01 5.249999865420e+00 5.158250e+00 9.175024e-02 -2.525757e-15 -1.665335e-15
4.907694e-01 5.249999859012e+00 5.153079e+00 9.692074e-02 -8.049117e-16 -4.024558e-16
4.902635e-01 5.249999852556e+00 5.147767e+00 1.022331e-01 -2.831069e-15 -4.579670e-16
4.897441e-01 5.249999846064e+00 5.142313e+00 1.076873e-01 -9.436896e-16 -8.881784e-16
4.892111e-01 5.249999839546e+00 5.136717e+00 1.132833e-01 -8.881784e-16 -5.828671e-16
4.886646e-01 5.249999833012e+00 5.130979e+00 1.190211e-01 -1.526557e-15 -8.187895e-16
4.881047e-01 5.249999826473e+00 5.125099e+00 1.249008e-01 -2.248202e-15 -2.498002e-16
4.875312e-01 5.249999819941e+00 5.119078e+00 1.309223e-01 -1.471046e-15 -1.471046e-15
4.869442e-01 5.249999813426e+00 5.112914e+00 1.370856e-01 -1.776357e-15 -6.938894e-16
4.863437e-01 5.249999806941e+00 5.106609e+00 1.433908e-01 -1.443290e-15 -1.776357e-15
4.857297e-01 5.249999800497e+00 5.100162e+00 1.498376e-01 -2.720046e-15 -9.159340e-16
4.851022e-01 5.249999794107e+00 5.093573e+00 1.564263e-01 -9.436896e-16 -7.077672e-16
4.844612e-01 5.249999787781e+00 5.086843e+00 1.631567e-01 -9.436896e-16 -1.887379e-15
4.838068e-01 5.249999781533e+00 5.079971e+00 1.700288e-01 -1.720846e-15 -1.762479e-15
4.831388e-01 5.249999775376e+00 5.072957e+00 1.770426e-01 -7.494005e-16 -8.881784e-16
4.824573e-01 5.249999769321e+00 5.065802e+00 1.841980e-01 -1.387779e-15 3.191891e-16
4.817623e-01 5.249999763383e+00 5.058505e+00 1.914951e-01 -1.360023e-15 -1.443290e-15
4.810539e-01 5.249999757574e+00 5.051066e+00 1.989337e-01 -1.859624e-15 -1.942890e-16
4.803320e-01 5.249999751908e+00 5.043486e+00 2.065139e-01 -1.165734e-15 -8.604228e-16
4.795966e-01 5.249999746398e+00 5.035764e+00 2.142355e-01 -8.326673e-16 -1.970646e-15
4.788477e-01 5.249999741058e+00 5.027901e+00 2.220985e-01 -1.360023e-15 -1.609823e-15
4.780854e-01 5.249999735902e+00 5.019897e+00 2.301029e-01 -9.992007e-16 -1.942890e-16
4.773096e-01 5.249999730943e+00 5.011751e+00 2.382487e-01 -1.970646e-15 -1.859624e-15
4.765204e-01 5.249999726197e+00 5.003464e+00 2.465356e-01 -2.220446e-15 -3.053113e-16
4.757177e-01 5.249999721677e+00 4.995036e+00 2.549637e-01 -4.440892e-16 -1.998401e-15
4.749016e-01 5.249999717397e+00 4.986467e+00 2.635328e-01 -9.714451e-16 -2.664535e-15
4.740721e-01 5.249999713374e+00 4.977757e+00 2.722429e-01 -7.771561e-16 -1.887379e-15
4.732291e-01 5.249999709620e+00 4.968906e+00 2.810940e-01 -2.275957e-15 -1.776357e-15
4.723728e-01 5.249999706151e+00 4.959914e+00 2.900858e-01 -1.137979e-15 -1.415534e-15
4.715030e-01 5.249999702983e+00 4.950781e+00 2.992183e-01 -1.026956e-15 -2.359224e-15
4.706198e-01 5.249999700130e+00 4.941508e+00 3.084913e-01 -3.053113e-16 -1.193490e-15
4.697233e-01 5.249999697607e+00 4.932095e+00 3.179048e-01 -1.609823e-15 -8.604228e-16
4.688134e-01 5.249999695430e+00 4.922541e+00 3.274587e-01 -3.608225e-16 -7.494005e-16
4.678902e-01 5.249999693614e+00 4.912847e+00 3.371527e-01 -1.026956e-15 -1.720846e-15
4.669536e-01 5.249999692174e+00 4.903013e+00 3.469868e-01 -2.664535e-15 -1.249001e-15
4.660037e-01 5.249999691127e+00 4.893039e+00 3.569608e-01 -1.360023e-15 -9.992007e-16
4.650405e-01 5.249999690487e+00 4.882925e+00 3.670745e-01 -2.498002e-16 -2.220446e-16
4.640640e-01 5.249999690271e+00 4.872672e+00 3.773278e-01 -1.637579e-15 -1.720846e-15
4.630742e-01 5.249999690494e+00 4.862279e+00 3.877205e-01 -5.273559e-16 -9.436896e-16
4.620712e-01 5.249999691171e+00 4.851747e+00 3.982525e-01 -1.915135e-15 -1.471046e-15
4.610549e-01 5.249999692320e+00 4.841076e+00 4.089234e-01 -2.414735e-15 -2.248202e-15
4.600254e-01 5.249999693955e+00 4.830266e+00 4.197332e-01 -2.636780e-15 -1.276756e-15
4.589827e-01 5.249999696092e+00 4.819318e+00 4.306816e-01 -1.776357e-15 -5.551115e-17
4.579268e-01 5.249999698748e+00 4.808231e+00 4.417684e-01 -2.137179e-15 -3.136380e-15
4.568577e-01 5.249999701938e+00 4.797006e+00 4.529934e-01 -1.498801e-15 -2.914335e-15
4.557756e-01 5.249999705678e+00 4.785643e+00 4.643563e-01 2.775558e-17 -3.025358e-15
4.546803e-01 5.249999709983e+00 4.774143e+00 4.758569e-01 -1.748601e-15 -1.609823e-15
4.535719e-01 5.249999714870e+00 4.762505e+00 4.874950e-01 -7.216450e-16 -3.136380e-15
4.524504e-01 5.249999720354e+00 4.750730e+00 4.992701e-01 -1.249001e-15 -1.276756e-15
4.513160e-01 5.249999726452e+00 4.738818e+00 5.111822e-01 -2.692291e-15 -2.581269e-15
4.501685e-01 5.249999733178e+00 4.726769e+00 5.232308e-01 -4.718448e-16 -1.970646e-15
4.490080e-01 5.249999740548e+00 4.714584e+00 5.354157e-01 -1.387779e-16 -3.663736e-15
4.478346e-01 5.249999748578e+00 4.702263e+00 5.477366e-01 -3.275158e-15 -1.554312e-15
4.466483e-01 5.249999757284e+00 4.689807e+00 5.601931e-01 -2.692291e-15 -2.442491e-15
4.454490e-01 5.249999766680e+00 4.677215e+00 5.727849e-01 -1.137979e-15 -2.997602e-15
4.442370e-01 5.249999776781e+00 4.664488e+00 5.855116e-01 -3.747003e-15 -2.081668e-15
4.430121e-01 5.249999787603e+00 4.651627e+00 5.983729e-01 -1.776357e-15 -1.665335e-15
4.417744e-01 5.249999799162e+00 4.638631e+00 6.113684e-01 -1.804112e-15 -1.582068e-15
4.405240e-01 5.249999811470e+00 4.625502e+00 6.244978e-01 -1.082467e-15 -2.081668e-15
4.392609e-01 5.249999824545e+00 4.612239e+00 6.377605e-01 -2.164935e-15 -2.275957e-15
4.379851e-01 5.249999838399e+00 4.598844e+00 6.511563e-01 -2.581269e-15 -1.665335e-15
4.366967e-01 5.249999853047e+00 4.585315e+00 6.646846e-01 -1.165734e-15 -2.220446e-15
4.353957e-01 5.249999868503e+00 4.571655e+00 6.783450e-01 -1.859624e-15 -2.720046e-15
4.340822e-01 5.249999884782e+00 4.557863e+00 6.921372e-01 -2.081668e-15 -9.436896e-16
4.327561e-01 5.249999901897e+00 4.543939e+00 7.060605e-01 -3.136380e-15 -3.302913e-15
4.314177e-01 5.249999919862e+00 4.529885e+00 7.201145e-01 -1.998401e-15 -2.747802e-15
4.300668e-01 5.249999938689e+00 4.515701e+00 7.342988e-01 -1.637579e-15 -3.691492e-15
4.287035e-01 5.249999958393e+00 4.501387e+00 7.486128e-01 -3.053113e-16 -2.664535e-15
4.273280e-01 5.249999978986e+00 4.486944e+00 7.630560e-01 -1.360023e-15 -8.326673e-16
4.259402e-01 5.250000000480e+00 4.472372e+00 7.776278e-01 -8.049117e-16 -4.607426e-15
4.245402e-01 5.250000022888e+00 4.457672e+00 7.923277e-01 -2.442491e-15 -1.054712e-15
4.231281e-01 5.250000046222e+00 4.442845e+00 8.071551e-01 -1.498801e-15 -2.775558e-15
4.217039e-01 5.250000070494e+00 4.427891e+00 8.221094e-01 -9.159340e-16 -2.720046e-15
4.202676e-01 5.250000095715e+00 4.412810e+00 8.371901e-01 -2.831069e-15 -1.332268e-15
4.188194e-01 5.250000121896e+00 4.397604e+00 8.523964e-01 -2.359224e-15 -1.887379e-15
4.173593e-01 5.250000149049e+00 4.382272e+00 8.677278e-01 -1.804112e-15 -1.998401e-15
4.158873e-01 5.250000177183e+00 4.366816e+00 8.831837e-01 -1.998401e-15 -2.942091e-15
4.144035e-01 5.250000206310e+00 4.351237e+00 8.987633e-01 -2.386980e-15 -1.942890e-15
4.129080e-01 5.250000236438e+00 4.335534e+00 9.144660e-01 -8.604228e-16 -2.775558e-15
4.114009e-01 5.250000267577e+00 4.319709e+00 9.302911e-01 -1.054712e-15 -4.440892e-15
4.098821e-01 5.250000299737e+00 4.303763e+00 9.462378e-01 -3.358425e-15 -4.496403e-15
4.083519e-01 5.250000332925e+00 4.287695e+00 9.623054e-01 -1.693090e-15 -5.884182e-15
4.068102e-01 5.250000367152e+00 4.271507e+00 9.784932e-01 -1.804112e-15 -5.828671e-15
4.052571e-01 5.250000402423e+00 4.255200e+00 9.948005e-01 -1.693090e-15 -6.217249e-15
4.036928e-01 5.250000438748e+00 4.238774e+00 1.011226e+00 -1.693090e-15 -3.552714e-15
4.021172e-01 5.250000476132e+00 4.222230e+00 1.027770e+00 -6.383782e-16 -6.716849e-15
4.005305e-01 5.250000514583e+00 4.205570e+00 1.044431e+00 -1.637579e-15 -8.326673e-15
3.989327e-01 5.250000554108e+00 4.188793e+00 1.061208e+00 -2.414735e-15 -4.940492e-15
3.973239e-01 5.250000594711e+00 4.171901e+00 1.078100e+00 -2.026157e-15 -6.494805e-15
3.957042e-01 5.250000636399e+00 4.154894e+00 1.095107e+00 -6.938894e-16 -5.107026e-15
3.940737e-01 5.250000679176e+00 4.137774e+00 1.112227e+00 -1.471046e-15 -7.271961e-15
3.924325e-01 5.250000723047e+00 4.120541e+00 1.129460e+00 -2.081668e-15 -5.218048e-15
3.907806e-01 5.250000768016e+00 4.103196e+00 1.146805e+00 -2.886580e-15 -6.383782e-15
3.891181e-01 5.250000814086e+00 4.085741e+00 1.164260e+00 -2.164935e-15 -2.164935e-15
3.874452e-01 5.250000861261e+00 4.068175e+00 1.181826e+00 -6.383782e-16 -6.106227e-15
3.857620e-01 5.250000909543e+00 4.050501e+00 1.199500e+00 2.220446e-16 -5.717649e-15
3.840684e-01 5.250000958934e+00 4.032719e+00 1.217282e+00 8.326673e-17 -5.440093e-15
3.823647e-01 5.250001009437e+00 4.014829e+00 1.235172e+00 -6.383782e-16 -5.051515e-15
3.806509e-01 5.250001061051e+00 3.996834e+00 1.253167e+00 -2.609024e-15 -7.216450e-15
3.789271e-01 5.250001113778e+00 3.978734e+00 1.271267e+00 -3.330669e-16 -5.329071e-15
3.771934e-01 5.250001167618e+00 3.960531e+00 1.289470e+00 -1.665335e-16 -4.662937e-15
3.754499e-01 5.250001222571e+00 3.942224e+00 1.307777e+00 4.718448e-16 -4.829470e-15
3.736968e-01 5.250001278636e+00 3.923816e+00 1.326185e+00 -5.273559e-16 -5.717649e-15
3.719341e-01 5.250001335810e+00 3.905308e+00 1.344693e+00 -2.775558e-16 -6.827872e-15
3.701619e-01 5.250001394093e+00 3.886700e+00 1.363301e+00 -8.881784e-16 -2.997602e-15
3.683804e-01 5.250001453483e+00 3.867994e+00 1.382008e+00 1.665335e-16 -6.938894e-15
3.665896e-01 5.250001513975e+00 3.849191e+00 1.400811e+00 -6.938894e-16 -4.274359e-15
3.647897e-01 5.250001575567e+00 3.830291e+00 1.419710e+00 -2.581269e-15 -7.049916e-15
3.629807e-01 5.250001638254e+00 3.811298e+00 1.438704e+00 -7.771561e-16 -6.605827e-15
3.611629e-01 5.250001702033e+00 3.792210e+00 1.457791e+00 -2.192690e-15 -7.105427e-15
3.593363e-01 5.250001766898e+00 3.773031e+00 1.476971e+00 -1.110223e-15 -6.161738e-15
3.575010e-01 5.250001832844e+00 3.753760e+00 1.496242e+00 -8.049117e-16 -3.441691e-15
3.556571e-01 5.250001899864e+00 3.734400e+00 1.515602e+00 -2.220446e-16 -5.551115e-15
3.538049e-01 5.250001967953e+00 3.714951e+00 1.535051e+00 -8.326673e-16 -5.384582e-15
3.519443e-01 5.250002037102e+00 3.695415e+00 1.554587e+00 -2.775558e-17 -5.606626e-15
3.500755e-01 5.250002107305e+00 3.675793e+00 1.574209e+00 -6.938894e-16 -4.385381e-15
3.481987e-01 5.250002178554e+00 3.656087e+00 1.593915e+00 -3.885781e-16 -4.107825e-15
3.463140e-01 5.250002250839e+00 3.636297e+00 1.613705e+00 -2.498002e-16 -5.273559e-15
3.444215e-01 5.250002324152e+00 3.616426e+00 1.633577e+00 -7.216450e-16 -5.329071e-15
3.425213e-01 5.250002398484e+00 3.596474e+00 1.653529e+00 2.775558e-16 -8.992806e-15
3.406136e-01 5.250002473823e+00 3.576443e+00 1.673560e+00 -2.192690e-15 -3.885781e-15
3.386985e-01 5.250002550161e+00 3.556334e+00 1.693668e+00 -1.360023e-15 -9.159340e-15
3.367761e-01 5.250002627485e+00 3.536149e+00 1.713853e+00 -4.718448e-16 -4.496403e-15
3.348466e-01 5.250002705784e+00 3.515890e+00 1.734113e+00 8.604228e-16 -5.828671e-15
3.329101e-01 5.250002785047e+00 3.495556e+00 1.754446e+00 -1.804112e-15 -7.105427e-15
3.309668e-01 5.250002865261e+00 3.475152e+00 1.774851e+00 1.609823e-15 -3.941292e-15
3.290168e-01 5.250002946413e+00 3.454676e+00 1.795327e+00 5.551115e-17 -3.663736e-15
3.270602e-01 5.250003028489e+00 3.434132e+00 1.815871e+00 3.608225e-16 -8.104628e-15
3.250972e-01 5.250003111477e+00 3.413520e+00 1.836483e+00 -4.163336e-16 -6.772360e-15
3.231279e-01 5.250003195362e+00 3.392843e+00 1.857161e+00 2.164935e-15 -4.996004e-15
3.211524e-01 5.250003280129e+00 3.372101e+00 1.877903e+00 -2.775558e-16 -4.996004e-15
3.191710e-01 5.250003365764e+00 3.351296e+00 1.898708e+00 7.216450e-16 -5.495604e-15
3.171838e-01 5.250003452251e+00 3.330430e+00 1.919574e+00 4.718448e-16 -1.942890e-15
3.151909e-01 5.250003539575e+00 3.309504e+00 1.940500e+00 8.326673e-17 -6.217249e-15
3.131924e-01 5.250003627719e+00 3.288520e+00 1.961483e+00 1.054712e-15 -7.271961e-15
3.111886e-01 5.250003716667e+00 3.267480e+00 1.982524e+00 6.106227e-16 -7.105427e-15
3.091795e-01 5.250003806402e+00 3.246385e+00 2.003619e+00 1.221245e-15 -7.549517e-15
3.071653e-01 5.250003896907e+00 3.225236e+00 2.024768e+00 6.106227e-16 -7.049916e-15
3.051463e-01 5.250003988165e+00 3.204036e+00 2.045968e+00 2.359224e-15 -5.606626e-15
3.031225e-01 5.250004080158e+00 3.182786e+00 2.067218e+00 1.304512e-15 -1.082467e-14
3.010940e-01 5.250004172868e+00 3.161487e+00 2.088517e+00 4.163336e-16 -8.271162e-15
2.990612e-01 5.250004266276e+00 3.140142e+00 2.109862e+00 5.273559e-16 -8.881784e-15
2.970240e-01 5.250004360364e+00 3.118752e+00 2.131252e+00 9.714451e-16 -4.829470e-15
2.949827e-01 5.250004455113e+00 3.097318e+00 2.152686e+00 1.942890e-16 -8.493206e-15
2.929374e-01 5.250004550504e+00 3.075843e+00 2.174161e+00 8.326673e-16 -4.329870e-15
2.908884e-01 5.250004646517e+00 3.054328e+00 2.195677e+00 1.221245e-15 -7.827072e-15
2.888357e-01 5.250004743133e+00 3.032775e+00 2.217230e+00 6.661338e-16 -5.440093e-15
2.867795e-01 5.250004840332e+00 3.011185e+00 2.238820e+00 -2.775558e-16 -3.497203e-15
2.847200e-01 5.250004938094e+00 2.989560e+00 2.260445e+00 6.938894e-16 -3.552714e-15
2.826574e-01 5.250005036399e+00 2.967902e+00 2.282103e+00 1.082467e-15 -6.605827e-15
2.805917e-01 5.250005135227e+00 2.946213e+00 2.303792e+00 -1.387779e-16 -5.384582e-15
2.785233e-01 5.250005234557e+00 2.924495e+00 2.325510e+00 1.637579e-15 -5.440093e-15
2.764522e-01 5.250005334368e+00 2.902748e+00 2.347257e+00 4.718448e-16 -5.551115e-15
2.743787e-01 5.250005434641e+00 2.880976e+00 2.369029e+00 5.551115e-16 -5.329071e-15
2.723028e-01 5.250005535353e+00 2.859179e+00 2.390826e+00 1.498801e-15 -8.992806e-15
2.702248e-01 5.250005636484e+00 2.837360e+00 2.412646e+00 6.106227e-16 -9.492407e-15
2.681448e-01 5.250005738013e+00 2.815520e+00 2.434486e+00 -9.992007e-16 -4.662937e-15
2.660630e-01 5.250005839919e+00 2.793661e+00 2.456345e+00 1.443290e-15 -8.770762e-15
2.639795e-01 5.250005942181e+00 2.771785e+00 2.478221e+00 5.273559e-16 -5.995204e-15
2.618947e-01 5.250006044778e+00 2.749894e+00 2.500112e+00 -3.053113e-16 -7.882583e-15
2.598085e-01 5.250006147688e+00 2.727989e+00 2.522017e+00 -5.551115e-16 -8.659740e-15
2.577212e-01 5.250006250891e+00 2.706072e+00 2.543934e+00 -1.554312e-15 -8.215650e-15
2.556329e-01 5.250006354365e+00 2.684146e+00 2.565861e+00 -1.415534e-15 -3.663736e-15
2.535439e-01 5.250006458089e+00 2.662211e+00 2.587796e+00 2.775558e-16 -8.049117e-15
2.514543e-01 5.250006562042e+00 2.640270e+00 2.609737e+00 1.665335e-16 -4.829470e-15
2.493642e-01 5.250006666203e+00 2.618324e+00 2.631682e+00 -3.330669e-16 -6.383782e-15
2.472739e-01 5.250006770552e+00 2.596376e+00 2.653631e+00 -5.551115e-17 -5.273559e-15
2.451835e-01 5.250006875066e+00 2.574427e+00 2.675580e+00 5.273559e-16 -7.938095e-15
2.430932e-01 5.250006979725e+00 2.552479e+00 2.697528e+00 3.608225e-16 -8.659740e-15
2.410032e-01 5.250007084510e+00 2.530533e+00 2.719474e+00 -4.718448e-16 -5.662137e-15
2.389136e-01 5.250007189398e+00 2.508592e+00 2.741415e+00 -9.992007e-16 -7.660539e-15
2.368246e-01 5.250007294370e+00 2.486658e+00 2.763349e+00 -1.387779e-15 -5.606626e-15
2.347364e-01 5.250007399406e+00 2.464732e+00 2.785276e+00 -9.436896e-16 -5.440093e-15
2.326491e-01 5.250007504484e+00 2.442816e+00 2.807192e+00 -9.436896e-16 -6.994405e-15
2.305630e-01 5.250007609586e+00 2.420912e+00 2.829096e+00 6.938894e-16 -7.494005e-15
2.284782e-01 5.250007714692e+00 2.399021e+00 2.850987e+00 1.137979e-15 -6.883383e-15
2.263949e-01 5.250007819781e+00 2.377146e+00 2.872862e+00 6.661338e-16 -8.104628e-15
2.243132e-01 5.250007924835e+00 2.355288e+00 2.894720e+00 -9.159340e-16 -5.995204e-15
2.222333e-01 5.250008029834e+00 2.333450e+00 2.916558e+00 -7.771561e-16 -1.254552e-14
2.201554e-01 5.250008134759e+00 2.311632e+00 2.938376e+00 -4.163336e-16 -9.880985e-15
2.180798e-01 5.250008239592e+00 2.289837e+00 2.960171e+00 -1.443290e-15 -1.060263e-14
2.160064e-01 5.250008344315e+00 2.268067e+00 2.981941e+00 5.551115e-17 -8.715251e-15
2.139356e-01 5.250008448908e+00 2.246324e+00 3.003685e+00 -5.551115e-16 -8.049117e-15
2.118674e-01 5.250008553354e+00 2.224608e+00 3.025401e+00 -1.387779e-16 -8.104628e-15
2.098021e-01 5.250008657636e+00 2.202922e+00 3.047086e+00 -7.771561e-16 -4.829470e-15
2.077399e-01 5.250008761735e+00 2.181269e+00 3.068740e+00 -1.276756e-15 -4.718448e-15
2.056808e-01 5.250008865636e+00 2.159649e+00 3.090360e+00 -1.193490e-15 -5.218048e-15
2.036251e-01 5.250008969320e+00 2.138064e+00 3.111945e+00 -3.053113e-16 -5.107026e-15
2.015730e-01 5.250009072771e+00 2.116516e+00 3.133493e+00 -3.608225e-16 -8.104628e-15
1.995245e-01 5.250009175974e+00 2.095008e+00 3.155002e+00 -9.436896e-16 -6.883383e-15
1.974800e-01 5.250009278913e+00 2.073540e+00 3.176470e+00 1.110223e-16 -8.215650e-15
1.954395e-01 5.250009381571e+00 2.052114e+00 3.197895e+00 -1.498801e-15 -4.996004e-15
1.934032e-01 5.250009483933e+00 2.030733e+00 3.219276e+00 -4.163336e-16 -7.105427e-15
1.913713e-01 5.250009585985e+00 2.009398e+00 3.240611e+00 6.106227e-16 -9.214851e-15
1.893439e-01 5.250009687713e+00 1.988111e+00 3.261899e+00 -8.326673e-16 -1.099121e-14
1.873212e-01 5.250009789101e+00 1.966873e+00 3.283137e+00 -4.996004e-16 -9.992007e-15
1.853035e-01 5.250009890136e+00 1.945686e+00 3.304323e+00 1.110223e-16 -3.663736e-15
1.832908e-01 5.250009990804e+00 1.924553e+00 3.325457e+00 -5.273559e-16 -9.103829e-15
1.812832e-01 5.250010091093e+00 1.903474e+00 3.346536e+00 -1.942890e-16 -7.771561e-15
1.792811e-01 5.250010190989e+00 1.882452e+00 3.367558e+00 -8.049117e-16 -6.994405e-15
1.772845e-01 5.250010290480e+00 1.861487e+00 3.388523e+00 -1.082467e-15 -8.437695e-15
1.752936e-01 5.250010389554e+00 1.840583e+00 3.409427e+00 -3.608225e-16 -6.772360e-15
1.733086e-01 5.250010488199e+00 1.819740e+00 3.430270e+00 -9.436896e-16 -7.216450e-15
1.713296e-01 5.250010586405e+00 1.798961e+00 3.451050e+00 -1.332268e-15 -9.436896e-15
1.693568e-01 5.250010684158e+00 1.778246e+00 3.471765e+00 -1.137979e-15 -9.992007e-15
1.673903e-01 5.250010781451e+00 1.757598e+00 3.492413e+00 -1.026956e-15 -7.771561e-15
1.654303e-01 5.250010878271e+00 1.737018e+00 3.512993e+00 -6.383782e-16 -6.994405e-15
1.634770e-01 5.250010974609e+00 1.716508e+00 3.533503e+00 -9.159340e-16 -7.882583e-15
1.615305e-01 5.250011070456e+00 1.696070e+00 3.553941e+00 -9.714451e-16 -1.043610e-14
1.595909e-01 5.250011165802e+00 1.675705e+00 3.574306e+00 -4.163336e-16 -6.994405e-15
1.576585e-01 5.250011260640e+00 1.655415e+00 3.594597e+00 -1.387779e-15 -5.773160e-15
1.557334e-01 5.250011354959e+00 1.635201e+00 3.614811e+00 -1.193490e-15 -7.882583e-15
1.538157e-01 5.250011448753e+00 1.615065e+00 3.634946e+00 -1.193490e-15 -6.994405e-15
1.519056e-01 5.250011542013e+00 1.595009e+00 3.655003e+00 -1.859624e-15 -8.659740e-15
1.500032e-01 5.250011634733e+00 1.575034e+00 3.674978e+00 -1.193490e-15 -8.770762e-15
1.481088e-01 5.250011726905e+00 1.555142e+00 3.694870e+00 -7.216450e-16 -5.329071e-15
1.462223e-01 5.250011818523e+00 1.535335e+00 3.714677e+00 -1.137979e-15 -1.310063e-14
1.443441e-01 5.250011909581e+00 1.515613e+00 3.734399e+00 -6.383782e-16 -1.021405e-14
1.424742e-01 5.250012000072e+00 1.495979e+00 3.754033e+00 -8.326673e-16 -1.243450e-14
1.406128e-01 5.250012089991e+00 1.476434e+00 3.773578e+00 -1.554312e-15 -1.199041e-14
1.387600e-01 5.250012179334e+00 1.456980e+00 3.793032e+00 -1.679212e-15 -8.326673e-15
1.369160e-01 5.250012268094e+00 1.437618e+00 3.812394e+00 -8.604228e-16 -1.132427e-14
1.350809e-01 5.250012356269e+00 1.418349e+00 3.831663e+00 -1.346145e-15 -1.232348e-14
1.332549e-01 5.250012443852e+00 1.399176e+00 3.850836e+00 -1.276756e-15 -1.487699e-14
1.314380e-01 5.250012530842e+00 1.380100e+00 3.869913e+00 -1.110223e-15 -1.099121e-14
1.296306e-01 5.250012617233e+00 1.361121e+00 3.888892e+00 -9.436896e-16 -1.409983e-14
1.278326e-01 5.250012703024e+00 1.342242e+00 3.907770e+00 -5.551115e-17 -1.554312e-14
1.260442e-01 5.250012788210e+00 1.323465e+00 3.926548e+00 -1.623701e-15 -7.882583e-15
1.242657e-01 5.250012872790e+00 1.304789e+00 3.945224e+00 -7.355228e-16 -1.265654e-14
1.224970e-01 5.250012956761e+00 1.286218e+00 3.963795e+00 -3.053113e-16 -1.310063e-14
1.207383e-01 5.250013040121e+00 1.267752e+00 3.982261e+00 -1.318390e-15 -1.365574e-14
1.189899e-01 5.250013122868e+00 1.249393e+00 4.000620e+00 -1.623701e-15 -1.154632e-14
1.172517e-01 5.250013205001e+00 1.231143e+00 4.018870e+00 -6.245005e-16 -7.216450e-15
1.155240e-01 5.250013286519e+00 1.213002e+00 4.037012e+00 -8.465451e-16 -1.043610e-14
1.138068e-01 5.250013367421e+00 1.194972e+00 4.055042e+00 -1.679212e-15 -8.992806e-15
1.121004e-01 5.250013447706e+00 1.177054e+00 4.072959e+00 -9.714451e-17 -1.165734e-14
1.104048e-01 5.250013527374e+00 1.159250e+00 4.090763e+00 -1.512679e-15 -9.658940e-15
1.087202e-01 5.250013606425e+00 1.141562e+00 4.108452e+00 -3.747003e-16 -1.332268e-14
1.070466e-01 5.250013684858e+00 1.123990e+00 4.126024e+00 -1.526557e-16 -1.054712e-14
1.053843e-01 5.250013762675e+00 1.106536e+00 4.143478e+00 -1.137979e-15 -1.443290e-14
1.037334e-01 5.250013839875e+00 1.089201e+00 4.160813e+00 -1.026956e-15 -7.216450e-15
1.020939e-01 5.250013916460e+00 1.071986e+00 4.178028e+00 -1.096345e-15 -1.387779e-14
1.004660e-01 5.250013992431e+00 1.054893e+00 4.195121e+00 -7.632783e-16 -5.995204e-15
9.884985e-02 5.250014067788e+00 1.037923e+00 4.212091e+00 -8.187895e-16 -1.287859e-14
9.724554e-02 5.250014142533e+00 1.021078e+00 4.228936e+00 8.326673e-17 -7.105427e-15
9.565319e-02 5.250014216668e+00 1.004358e+00 4.245656e+00 -1.346145e-15 -1.254552e-14
9.407292e-02 5.250014290194e+00 9.877657e-01 4.262249e+00 2.914335e-16 -1.088019e-14
9.250487e-02 5.250014363114e+00 9.713011e-01 4.278713e+00 -8.049117e-16 -1.409983e-14
9.094914e-02 5.250014435429e+00 9.549659e-01 4.295048e+00 -6.661338e-16 -1.376677e-14
8.940585e-02 5.250014507141e+00 9.387614e-01 4.311253e+00 -8.465451e-16 -1.798561e-14
8.787512e-02 5.250014578254e+00 9.226888e-01 4.327326e+00 -1.249001e-16 -1.165734e-14
8.635707e-02 5.250014648770e+00 9.067492e-01 4.343265e+00 -4.163336e-16 -1.199041e-14
8.485180e-02 5.250014718690e+00 8.909439e-01 4.359071e+00 -9.436896e-16 -1.409983e-14
8.335944e-02 5.250014788019e+00 8.752741e-01 4.374741e+00 -1.221245e-15 -1.121325e-14
8.188009e-02 5.250014856759e+00 8.597410e-01 4.390274e+00 -1.179612e-15 -1.609823e-14
8.041387e-02 5.250014924914e+00 8.443457e-01 4.405669e+00 -7.355228e-16 -1.687539e-14
7.896089e-02 5.250014992485e+00 8.290894e-01 4.420926e+00 -8.881784e-16 -1.498801e-14
7.752126e-02 5.250015059477e+00 8.139732e-01 4.436042e+00 -4.857226e-16 -1.443290e-14
7.609508e-02 5.250015125894e+00 7.989984e-01 4.451017e+00 -7.494005e-16 -1.298961e-14
7.468247e-02 5.250015191737e+00 7.841660e-01 4.465849e+00 -2.775558e-16 -1.154632e-14
7.328353e-02 5.250015257012e+00 7.694771e-01 4.480538e+00 -3.469447e-16 -1.432188e-14
7.189837e-02 5.250015321722e+00 7.549329e-01 4.495082e+00 -6.245005e-16 -1.731948e-14
7.052709e-02 5.250015385870e+00 7.405345e-01 4.509481e+00 1.110223e-16 -1.176836e-14
6.916980e-02 5.250015449460e+00 7.262829e-01 4.523733e+00 -5.412337e-16 -1.865175e-14
6.782660e-02 5.250015512497e+00 7.121793e-01 4.537836e+00 2.636780e-16 -1.421085e-14
6.649759e-02 5.250015574984e+00 6.982247e-01 4.551791e+00 -2.914335e-16 -1.332268e-14
6.518288e-02 5.250015636925e+00 6.844202e-01 4.565595e+00 -8.604228e-16 -1.276756e-14
6.388256e-02 5.250015698324e+00 6.707669e-01 4.579249e+00 -8.604228e-16 -1.743050e-14
6.259674e-02 5.250015759185e+00 6.572658e-01 4.592750e+00 -7.632783e-16 -1.509903e-14
6.132552e-02 5.250015819513e+00 6.439179e-01 4.606098e+00 -7.771561e-16 -1.032507e-14
6.006898e-02 5.250015879311e+00 6.307243e-01 4.619292e+00 -4.579670e-16 -1.465494e-14
5.882724e-02 5.250015938585e+00 6.176860e-01 4.632330e+00 -6.245005e-16 -1.709743e-14
5.760038e-02 5.250015997337e+00 6.048040e-01 4.645212e+00 -8.187895e-16 -1.099121e-14
5.638850e-02 5.250016055574e+00 5.920793e-01 4.657937e+00 -2.498002e-16 -1.598721e-14
5.519170e-02 5.250016113298e+00 5.795129e-01 4.670503e+00 -6.661338e-16 -1.976197e-14
5.401007e-02 5.250016170515e+00 5.671058e-01 4.682910e+00 -4.440892e-16 -1.820766e-14
5.284371e-02 5.250016227229e+00 5.548589e-01 4.695157e+00 -7.632783e-16 -1.554312e-14
5.169270e-02 5.250016283444e+00 5.427733e-01 4.707243e+00 -3.191891e-16 -1.920686e-14
5.055713e-02 5.250016339165e+00 5.308499e-01 4.719166e+00 -9.714451e-17 -1.854072e-14
4.943711e-02 5.250016394396e+00 5.190896e-01 4.730927e+00 -3.191891e-16 -1.765255e-14
4.833271e-02 5.250016449143e+00 5.074934e-01 4.742523e+00 -8.049117e-16 -1.998401e-14
4.724403e-02 5.250016503409e+00 4.960623e-01 4.753954e+00 -5.551115e-16 -1.698641e-14
4.617115e-02 5.250016557200e+00 4.847971e-01 4.765219e+00 -3.191891e-16 -1.099121e-14
4.511417e-02 5.250016610520e+00 4.736988e-01 4.776318e+00 -3.053113e-16 -1.698641e-14
4.407316e-02 5.250016663373e+00 4.627682e-01 4.787248e+00 -9.714451e-16 -1.587619e-14
4.304823e-02 5.250016715765e+00 4.520064e-01 4.798010e+00 -3.053113e-16 -1.876277e-14
4.203944e-02 5.250016767699e+00 4.414141e-01 4.808603e+00 -4.302114e-16 -1.210143e-14
4.104689e-02 5.250016819181e+00 4.309923e-01 4.819025e+00 -4.024558e-16 -1.421085e-14
4.007065e-02 5.250016870216e+00 4.207418e-01 4.829275e+00 -5.412337e-16 -1.876277e-14
3.911082e-02 5.250016920808e+00 4.106636e-01 4.839353e+00 -5.967449e-16 -1.609823e-14
3.816747e-02 5.250016970961e+00 4.007585e-01 4.849259e+00 -5.273559e-16 -1.887379e-14
3.724069e-02 5.250017020682e+00 3.910273e-01 4.858990e+00 -4.302114e-16 -1.876277e-14
3.633056e-02 5.250017069973e+00 3.814708e-01 4.868546e+00 -6.522560e-16 -1.865175e-14
3.543715e-02 5.250017118840e+00 3.720901e-01 4.877927e+00 -7.077672e-16 -1.099121e-14
3.456055e-02 5.250017167287e+00 3.628857e-01 4.887131e+00 -4.579670e-16 -2.076117e-14
3.370083e-02 5.250017215319e+00 3.538587e-01 4.896158e+00 -7.355228e-16 -1.698641e-14
3.285808e-02 5.250017262941e+00 3.450098e-01 4.905007e+00 -6.661338e-16 -1.787459e-14
3.203237e-02 5.250017310156e+00 3.363399e-01 4.913677e+00 -6.800116e-16 -2.176037e-14
3.122377e-02 5.250017356970e+00 3.278496e-01 4.922168e+00 -2.914335e-16 -1.854072e-14
3.043238e-02 5.250017403385e+00 3.195399e-01 4.930477e+00 -4.718448e-16 -1.776357e-14
2.965825e-02 5.250017449408e+00 3.114116e-01 4.938606e+00 -4.579670e-16 -2.131628e-14
2.890146e-02 5.250017495040e+00 3.034653e-01 4.946552e+00 -7.563394e-16 -1.831868e-14
2.816209e-02 5.250017540287e+00 2.957020e-01 4.954316e+00 -4.787837e-16 -1.598721e-14
2.744022e-02 5.250017585151e+00 2.881223e-01 4.961895e+00 -5.967449e-16 -1.532108e-14
2.673591e-02 5.250017629637e+00 2.807270e-01 4.969291e+00 -4.440892e-16 -2.220446e-14
2.604924e-02 5.250017673747e+00 2.735170e-01 4.976501e+00 -4.926615e-16 -2.153833e-14
2.538027e-02 5.250017717484e+00 2.664929e-01 4.983525e+00 -3.955170e-16 -1.643130e-14
2.472909e-02 5.250017760851e+00 2.596555e-01 4.990362e+00 -2.706169e-16 -1.620926e-14
2.409576e-02 5.250017803851e+00 2.530055e-01 4.997012e+00 -3.747003e-16 -1.820766e-14
2.348035e-02 5.250017846485e+00 2.465436e-01 5.003474e+00 -4.093947e-16 -1.953993e-14
2.288293e-02 5.250017888754e+00 2.402707e-01 5.009747e+00 -3.053113e-16 -2.242651e-14
2.230356e-02 5.250017930661e+00 2.341874e-01 5.015831e+00 -6.869505e-16 -2.353673e-14
2.174233e-02 5.250017972206e+00 2.282944e-01 5.021724e+00 -3.469447e-16 -2.287059e-14
2.119928e-02 5.250018013390e+00 2.225925e-01 5.027426e+00 -3.885781e-16 -2.198242e-14
2.067450e-02 5.250018054211e+00 2.170823e-01 5.032936e+00 -5.620504e-16 -2.375877e-14
2.016805e-02 5.250018094670e+00 2.117645e-01 5.038254e+00 -2.636780e-16 -2.409184e-14
1.967998e-02 5.250018134764e+00 2.066398e-01 5.043378e+00 -3.469447e-16 -1.665335e-14
1.921038e-02 5.250018174493e+00 2.017090e-01 5.048309e+00 -4.510281e-16 -1.854072e-14
1.875930e-02 5.250018213852e+00 1.969726e-01 5.053046e+00 -3.538836e-16 -1.965095e-14
1.832680e-02 5.250018252839e+00 1.924314e-01 5.057587e+00 -2.012279e-16 -2.065015e-14
1.791295e-02 5.250018291450e+00 1.880860e-01 5.061932e+00 -2.567391e-16 -2.375877e-14
1.751782e-02 5.250018329680e+00 1.839371e-01 5.066081e+00 -2.081668e-16 -2.209344e-14
1.714146e-02 5.250018367522e+00 1.799853e-01 5.070033e+00 -1.873501e-16 -2.609024e-14
1.678393e-02 5.250018404969e+00 1.762313e-01 5.073787e+00 -1.387779e-16 -2.131628e-14
1.644530e-02 5.250018442015e+00 1.726756e-01 5.077343e+00 -1.179612e-16 -2.620126e-14
1.612562e-02 5.250018478650e+00 1.693190e-01 5.080699e+00 -1.734723e-16 -1.987299e-14
1.582496e-02 5.250018514865e+00 1.661621e-01 5.083856e+00 -2.567391e-16 -2.453593e-14
1.554337e-02 5.250018550648e+00 1.632054e-01 5.086813e+00 -3.469447e-16 -2.331468e-14
1.528092e-02 5.250018585987e+00 1.604496e-01 5.089569e+00 -3.469447e-16 -2.098322e-14
1.503765e-02 5.250018620870e+00 1.578953e-01 5.092123e+00 -4.649059e-16 -2.065015e-14
1.481362e-02 5.250018655282e+00 1.555431e-01 5.094476e+00 -3.955170e-16 -2.176037e-14
1.460890e-02 5.250018689207e+00 1.533935e-01 5.096625e+00 -4.371503e-16 -2.164935e-14
1.442353e-02 5.250018722628e+00 1.514471e-01 5.098572e+00 -2.012279e-16 -2.065015e-14
1.425757e-02 5.250018755527e+00 1.497045e-01 5.100314e+00 -3.191891e-16 -2.198242e-14
1.411108e-02 5.250018787885e+00 1.481663e-01 5.101852e+00 -2.706169e-16 -2.398082e-14
1.398409e-02 5.250018819681e+00 1.468330e-01 5.103186e+00 -2.046974e-16 -2.320366e-14
1.387667e-02 5.250018850892e+00 1.457051e-01 5.104314e+00 -3.122502e-16 -2.220446e-14
1.378887e-02 5.250018881494e+00 1.447832e-01 5.105236e+00 -2.220446e-16 -2.287059e-14
1.372074e-02 5.250018911463e+00 1.440677e-01 5.105951e+00 -2.810252e-16 -2.176037e-14
1.367232e-02 5.250018940772e+00 1.435593e-01 5.106460e+00 -3.712308e-16 -2.586820e-14
1.364365e-02 5.250018969393e+00 1.432584e-01 5.106761e+00 -2.567391e-16 -1.965095e-14
1.363480e-02 5.250018997297e+00 1.431654e-01 5.106854e+00 -2.151057e-16 -1.565414e-14
1.364580e-02 5.250019024452e+00 1.432809e-01 5.106738e+00 -2.185752e-16 -1.942890e-14
1.367669e-02 5.250019050827e+00 1.436053e-01 5.106414e+00 -2.567391e-16 -2.120526e-14
1.372753e-02 5.250019076388e+00 1.441390e-01 5.105880e+00 -3.816392e-16 -2.264855e-14
1.379834e-02 5.250019101100e+00 1.448826e-01 5.105137e+00 -2.567391e-16 -1.965095e-14
1.388917e-02 5.250019124928e+00 1.458363e-01 5.104183e+00 -2.046974e-16 -2.087219e-14
1.400006e-02 5.250019147832e+00 1.470007e-01 5.103018e+00 -2.324529e-16 -1.776357e-14
1.413105e-02 5.250019169776e+00 1.483760e-01 5.101643e+00 -1.457168e-16 -1.687539e-14
1.428217e-02 5.250019190718e+00 1.499627e-01 5.100056e+00 -1.179612e-16 -1.898481e-14
1.445345e-02 5.250019210618e+00 1.517612e-01 5.098258e+00 -1.769418e-16 -1.443290e-14
1.464493e-02 5.250019229434e+00 1.537718e-01 5.096247e+00 -4.163336e-17 -1.854072e-14
1.485664e-02 5.250019247122e+00 1.559947e-01 5.094025e+00 -1.214306e-16 -1.609823e-14
1.508860e-02 5.250019263639e+00 1.584303e-01 5.091589e+00 -6.938894e-17 -2.198242e-14
1.534085e-02 5.250019278939e+00 1.610789e-01 5.088940e+00 -1.040834e-16 -2.209344e-14
1.561341e-02 5.250019292978e+00 1.639408e-01 5.086078e+00 -8.500145e-17 -1.953993e-14
1.590630e-02 5.250019305708e+00 1.670161e-01 5.083003e+00 -1.838807e-16 -2.176037e-14
1.621954e-02 5.250019317083e+00 1.703052e-01 5.079714e+00 -1.353084e-16 -2.176037e-14
1.655316e-02 5.250019327055e+00 1.738082e-01 5.076211e+00 -1.439820e-16 -2.342571e-14
1.690716e-02 5.250019335578e+00 1.775252e-01 5.072494e+00 3.469447e-18 -2.042810e-14
1.728157e-02 5.250019342604e+00 1.814565e-01 5.068563e+00 -1.179612e-16 -1.765255e-14
1.767640e-02 5.250019348084e+00 1.856022e-01 5.064417e+00 -8.326673e-17 -2.486900e-14
1.809165e-02 5.250019351971e+00 1.899623e-01 5.060057e+00 -1.110223e-16 -2.764455e-14
1.852733e-02 5.250019354217e+00 1.945370e-01 5.055482e+00 -1.734723e-16 -2.087219e-14
1.898345e-02 5.250019354775e+00 1.993263e-01 5.050693e+00 -1.769418e-16 -2.087219e-14
1.946002e-02 5.250019353598e+00 2.043302e-01 5.045689e+00 -2.524023e-16 -2.220446e-14
1.995702e-02 5.250019350640e+00 2.095487e-01 5.040471e+00 -1.318390e-16 -2.065015e-14
2.047446e-02 5.250019345855e+00 2.149818e-01 5.035038e+00 -4.597017e-17 -2.187139e-14
2.101233e-02 5.250019339199e+00 2.206295e-01 5.029390e+00 -2.367898e-16 -2.453593e-14
2.157062e-02 5.250019330629e+00 2.264915e-01 5.023528e+00 -3.590878e-16 -2.264855e-14
2.214932e-02 5.250019320101e+00 2.325679e-01 5.017451e+00 -1.760744e-16 -1.876277e-14
2.274842e-02 5.250019307574e+00 2.388584e-01 5.011161e+00 -2.970714e-16 -1.421085e-14
2.336790e-02 5.250019293010e+00 2.453629e-01 5.004656e+00 9.757820e-18 -2.264855e-14
2.400773e-02 5.250019276370e+00 2.520812e-01 4.997938e+00 -1.178528e-16 -2.964295e-14
2.466789e-02 5.250019257617e+00 2.590129e-01 4.991006e+00 -1.291014e-16 -2.253753e-14
2.534836e-02 5.250019236717e+00 2.661578e-01 4.983861e+00 -1.902775e-16 -2.164935e-14
2.604911e-02 5.250019213638e+00 2.735156e-01 4.976504e+00 2.428613e-17 -2.331468e-14
2.677009e-02 5.250019188348e+00 2.810860e-01 4.968933e+00 -2.953367e-16 -2.198242e-14
2.751128e-02 5.250019160821e+00 2.888684e-01 4.961151e+00 3.079134e-17 -2.187139e-14
2.827263e-02 5.250019131030e+00 2.968626e-01 4.953157e+00 4.076600e-17 -2.209344e-14
2.905410e-02 5.250019098952e+00 3.050680e-01 4.944951e+00 -4.597017e-17 -2.098322e-14
2.985563e-02 5.250019064566e+00 3.134842e-01 4.936535e+00 1.309716e-16 -2.509104e-14
3.067719e-02 5.250019027854e+00 3.221105e-01 4.927909e+00 1.994932e-16 -2.919887e-14
3.151871e-02 5.250018988800e+00 3.309464e-01 4.919073e+00 -2.281161e-16 -2.275957e-14
3.238013e-02 5.250018947392e+00 3.399914e-01 4.910028e+00 -1.778092e-16 -2.320366e-14
3.326140e-02 5.250018903620e+00 3.492447e-01 4.900774e+00 -1.595946e-16 -1.953993e-14
3.416245e-02 5.250018857477e+00 3.587057e-01 4.891313e+00 -1.908196e-17 -2.486900e-14
3.508320e-02 5.250018808959e+00 3.683736e-01 4.881645e+00 -2.775558e-17 -2.720046e-14
3.602359e-02 5.250018758065e+00 3.782477e-01 4.871771e+00 3.313322e-16 -1.942890e-14
3.698353e-02 5.250018704797e+00 3.883271e-01 4.861692e+00 -4.510281e-17 -2.142730e-14
3.796296e-02 5.250018649160e+00 3.986111e-01 4.851408e+00 -1.127570e-16 -2.731149e-14
3.896178e-02 5.250018591163e+00 4.090987e-01 4.840920e+00 7.112366e-17 -2.786660e-14
3.997991e-02 5.250018530816e+00 4.197890e-01 4.830230e+00 -2.619432e-16 -2.553513e-14
4.101725e-02 5.250018468133e+00 4.306811e-01 4.819337e+00 2.064321e-16 -2.164935e-14
4.207371e-02 5.250018403131e+00 4.417740e-01 4.808244e+00 -2.324529e-16 -2.131628e-14
4.314920e-02 5.250018335831e+00 4.530666e-01 4.796952e+00 4.163336e-16 -1.965095e-14
4.424361e-02 5.250018266254e+00 4.645579e-01 4.785460e+00 2.289835e-16 -1.965095e-14
4.535684e-02 5.250018194426e+00 4.762468e-01 4.773771e+00 2.810252e-16 -2.164935e-14
4.648877e-02 5.250018120376e+00 4.881321e-01 4.761886e+00 -1.977585e-16 -2.031708e-14
4.763930e-02 5.250018044133e+00 5.002126e-01 4.749805e+00 5.204170e-17 -2.198242e-14
4.880831e-02 5.250017965732e+00 5.124872e-01 4.737531e+00 -4.857226e-17 -2.275957e-14
4.999568e-02 5.250017885207e+00 5.249546e-01 4.725063e+00 3.781697e-16 -2.475797e-14
5.120129e-02 5.250017802596e+00 5.376135e-01 4.712404e+00 -4.857226e-17 -2.087219e-14
5.242502e-02 5.250017717939e+00 5.504627e-01 4.699555e+00 1.075529e-16 -2.076117e-14
5.366673e-02 5.250017631279e+00 5.635006e-01 4.686517e+00 -1.804112e-16 -2.009504e-14
5.492629e-02 5.250017542659e+00 5.767261e-01 4.673291e+00 3.816392e-17 -1.965095e-14
5.620358e-02 5.250017452124e+00 5.901376e-01 4.659880e+00 2.740863e-16 -2.675637e-14
5.749844e-02 5.250017359721e+00 6.037337e-01 4.646284e+00 1.700029e-16 -1.931788e-14
5.881075e-02 5.250017265499e+00 6.175129e-01 4.632504e+00 5.204170e-17 -2.198242e-14
6.014036e-02 5.250017169507e+00 6.314738e-01 4.618543e+00 4.406198e-16 -2.209344e-14
6.148712e-02 5.250017071797e+00 6.456148e-01 4.604402e+00 9.714451e-17 -1.976197e-14
6.285089e-02 5.250016972419e+00 6.599343e-01 4.590083e+00 3.608225e-16 -2.620126e-14
6.423151e-02 5.250016871426e+00 6.744308e-01 4.575586e+00 1.353084e-16 -2.331468e-14
6.562883e-02 5.250016768870e+00 6.891027e-01 4.560914e+00 4.510281e-17 -2.109424e-14
6.704269e-02 5.250016664806e+00 7.039482e-01 4.546068e+00 7.459311e-16 -2.009504e-14
6.847293e-02 5.250016559287e+00 7.189658e-01 4.531051e+00 1.353084e-16 -2.309264e-14
6.991940e-02 5.250016452366e+00 7.341537e-01 4.515863e+00 1.040834e-16 -1.665335e-14
7.138193e-02 5.250016344097e+00 7.495102e-01 4.500506e+00 4.510281e-16 -2.742251e-14
7.286035e-02 5.250016234532e+00 7.650337e-01 4.484983e+00 -3.538836e-16 -2.164935e-14
7.435450e-02 5.250016123726e+00 7.807223e-01 4.469294e+00 -3.955170e-16 -2.120526e-14
7.586421e-02 5.250016011730e+00 7.965742e-01 4.453442e+00 2.081668e-17 -1.953993e-14
7.738931e-02 5.250015898595e+00 8.125877e-01 4.437428e+00 4.787837e-16 -1.676437e-14
7.892961e-02 5.250015784374e+00 8.287610e-01 4.421255e+00 4.093947e-16 -1.920686e-14
8.048496e-02 5.250015669115e+00 8.450921e-01 4.404924e+00 6.800116e-16 -1.454392e-14
8.205517e-02 5.250015552868e+00 8.615793e-01 4.388436e+00 3.955170e-16 -2.708944e-14
8.364007e-02 5.250015435680e+00 8.782207e-01 4.371795e+00 4.996004e-16 -1.809664e-14
8.523946e-02 5.250015317597e+00 8.950144e-01 4.355001e+00 -1.040834e-16 -2.109424e-14
8.685318e-02 5.250015198666e+00 9.119584e-01 4.338057e+00 1.318390e-16 -2.298162e-14
8.848104e-02 5.250015078930e+00 9.290510e-01 4.320964e+00 -6.938894e-18 -2.309264e-14
9.012286e-02 5.250014958431e+00 9.462900e-01 4.303725e+00 6.938894e-17 -1.976197e-14
9.177845e-02 5.250014837209e+00 9.636737e-01 4.286341e+00 2.775558e-16 -1.842970e-14
9.344762e-02 5.250014715305e+00 9.812000e-01 4.268815e+00 5.204170e-16 -1.976197e-14
9.513019e-02 5.250014592755e+00 9.988670e-01 4.251148e+00 4.857226e-17 -1.898481e-14
9.682596e-02 5.250014469596e+00 1.016673e+00 4.233342e+00 2.775558e-17 -1.976197e-14
9.853475e-02 5.250014345861e+00 1.034615e+00 4.215399e+00 -6.245005e-17 -1.920686e-14
1.002564e-01 5.250014221584e+00 1.052692e+00 4.197322e+00 3.191891e-16 -2.431388e-14
1.019906e-01 5.250014096796e+00 1.070902e+00 4.179113e+00 5.898060e-16 -1.809664e-14
1.037373e-01 5.250013971526e+00 1.089242e+00 4.160772e+00 -2.636780e-16 -2.087219e-14
1.054962e-01 5.250013845802e+00 1.107711e+00 4.142303e+00 -4.510281e-16 -2.264855e-14
1.072672e-01 5.250013719649e+00 1.126306e+00 4.123708e+00 2.081668e-16 -2.253753e-14
1.090501e-01 5.250013593093e+00 1.145026e+00 4.104988e+00 6.245005e-17 -1.942890e-14
1.108446e-01 5.250013466157e+00 1.163868e+00 4.086145e+00 2.081668e-17 -2.065015e-14
1.126506e-01 5.250013338862e+00 1.182831e+00 4.067182e+00 -2.498002e-16 -2.342571e-14
1.144678e-01 5.250013211229e+00 1.201912e+00 4.048101e+00 3.191891e-16 -2.353673e-14
1.162961e-01 5.250013083277e+00 1.221109e+00 4.028904e+00 5.551115e-17 -2.142730e-14
1.181353e-01 5.250012955024e+00 1.240420e+00 4.009593e+00 1.595946e-16 -1.565414e-14
1.199851e-01 5.250012826486e+00 1.259844e+00 3.990169e+00 -2.428613e-16 -2.042810e-14
1.218454e-01 5.250012697679e+00 1.279377e+00 3.970636e+00 -4.857226e-17 -1.842970e-14
1.237160e-01 5.250012568618e+00 1.299018e+00 3.950995e+00 -7.702172e-16 -2.808864e-14
1.255966e-01 5.250012439316e+00 1.318764e+00 3.931248e+00 4.302114e-16 -2.109424e-14
1.274871e-01 5.250012309787e+00 1.338615e+00 3.911398e+00 6.661338e-16 -2.087219e-14
1.293873e-01 5.250012180041e+00 1.358566e+00 3.891446e+00 1.457168e-16 -2.220446e-14
1.312969e-01 5.250012050092e+00 1.378617e+00 3.871395e+00 1.942890e-16 -2.275957e-14
1.332157e-01 5.250011919950e+00 1.398765e+00 3.851247e+00 -2.151057e-16 -2.431388e-14
1.351436e-01 5.250011789624e+00 1.419008e+00 3.831004e+00 3.469447e-17 -2.031708e-14
1.370804e-01 5.250011659126e+00 1.439344e+00 3.810668e+00 9.367507e-16 -2.731149e-14
1.390257e-01 5.250011528466e+00 1.459770e+00 3.790241e+00 -4.302114e-16 -1.887379e-14
1.409796e-01 5.250011397652e+00 1.480285e+00 3.769726e+00 3.608225e-16 -2.220446e-14
1.429416e-01 5.250011266694e+00 1.500887e+00 3.749124e+00 -6.661338e-16 -2.275957e-14
1.449117e-01 5.250011135601e+00 1.521572e+00 3.728439e+00 2.081668e-16 -2.298162e-14
1.468895e-01 5.250011004384e+00 1.542340e+00 3.707671e+00 -4.579670e-16 -2.198242e-14
1.488750e-01 5.250010873050e+00 1.563187e+00 3.686823e+00 -4.024558e-16 -2.775558e-14
1.508679e-01 5.250010741611e+00 1.584112e+00 3.665898e+00 0.000000e+00 -2.509104e-14
1.528679e-01 5.250010610074e+00 1.605113e+00 3.644898e+00 -3.885781e-16 -1.654232e-14
1.548749e-01 5.250010478451e+00 1.626187e+00 3.623824e+00 -8.326673e-17 -2.242651e-14
1.568887e-01 5.250010346751e+00 1.647332e+00 3.602679e+00 -6.800116e-16 -1.909584e-14
1.589091e-01 5.250010214985e+00 1.668546e+00 3.581465e+00 9.714451e-17 -2.020606e-14
1.609358e-01 5.250010083164e+00 1.689826e+00 3.560184e+00 -6.938894e-16 -2.275957e-14
1.629687e-01 5.250009951298e+00 1.711171e+00 3.538839e+00 -1.110223e-16 -1.909584e-14
1.650075e-01 5.250009819400e+00 1.732578e+00 3.517432e+00 1.942890e-16 -1.931788e-14
1.670520e-01 5.250009687481e+00 1.754046e+00 3.495964e+00 2.498002e-16 -1.687539e-14
1.691020e-01 5.250009555554e+00 1.775571e+00 3.474439e+00 5.412337e-16 -1.454392e-14
1.711573e-01 5.250009423631e+00 1.797152e+00 3.452858e+00 -1.526557e-16 -1.454392e-14
1.732177e-01 5.250009291726e+00 1.818786e+00 3.431224e+00 3.330669e-16 -2.431388e-14
1.752830e-01 5.250009159853e+00 1.840471e+00 3.409538e+00 -8.326673e-17 -1.665335e-14
1.773529e-01 5.250009028025e+00 1.862206e+00 3.387803e+00 -1.082467e-15 -1.898481e-14
1.794273e-01 5.250008896257e+00 1.883987e+00 3.366022e+00 -3.885781e-16 -1.654232e-14
1.815060e-01 5.250008764565e+00 1.905813e+00 3.344196e+00 -9.020562e-16 -1.998401e-14
1.835886e-01 5.250008632964e+00 1.927681e+00 3.322328e+00 -7.771561e-16 -1.654232e-14
1.856751e-01 5.250008501469e+00 1.949589e+00 3.300419e+00 -6.245005e-16 -1.831868e-14
1.877653e-01 5.250008370097e+00 1.971535e+00 3.278473e+00 5.967449e-16 -1.776357e-14
1.898588e-01 5.250008238864e+00 1.993517e+00 3.256491e+00 4.163336e-17 -1.887379e-14
1.919554e-01 5.250008107789e+00 2.015532e+00 3.234476e+00 -2.775558e-17 -2.042810e-14
1.940551e-01 5.250007976887e+00 2.037579e+00 3.212429e+00 5.273559e-16 -2.109424e-14
1.961575e-01 5.250007846177e+00 2.059654e+00 3.190354e+00 -2.775558e-16 -1.598721e-14
1.982625e-01 5.250007715677e+00 2.081756e+00 3.168251e+00 0.000000e+00 -1.787459e-14
2.003698e-01 5.250007585406e+00 2.103883e+00 3.146124e+00 9.992007e-16 -2.020606e-14
2.024793e-01 5.250007455381e+00 2.126032e+00 3.123975e+00 7.216450e-16 -1.998401e-14
2.045906e-01 5.250007325623e+00 2.148202e+00 3.101806e+00 -3.469447e-16 -1.809664e-14
2.067037e-01 5.250007196151e+00 2.170389e+00 3.079618e+00 2.081668e-16 -2.109424e-14
2.088183e-01 5.250007066983e+00 2.192592e+00 3.057415e+00 1.054712e-15 -1.854072e-14
2.109342e-01 5.250006938141e+00 2.214809e+00 3.035198e+00 -6.383782e-16 -2.231548e-14
2.130511e-01 5.250006809645e+00 2.237036e+00 3.012970e+00 1.193490e-15 -1.909584e-14
2.151689e-01 5.250006681515e+00 2.259273e+00 2.990733e+00 3.885781e-16 -1.454392e-14
2.172874e-01 5.250006553771e+00 2.281517e+00 2.968489e+00 4.024558e-16 -1.854072e-14
2.194063e-01 5.250006426436e+00 2.303766e+00 2.946240e+00 9.992007e-16 -2.076117e-14
2.215255e-01 5.250006299531e+00 2.326017e+00 2.923989e+00 1.054712e-15 -1.998401e-14
2.236447e-01 5.250006173077e+00 2.348269e+00 2.901737e+00 4.024558e-16 -1.720846e-14
2.257637e-01 5.250006047096e+00 2.370519e+00 2.879487e+00 2.636780e-16 -1.898481e-14
2.278824e-01 5.250005921612e+00 2.392765e+00 2.857241e+00 -4.024558e-16 -2.198242e-14
2.300005e-01 5.250005796648e+00 2.415005e+00 2.835001e+00 1.040834e-15 -1.632028e-14
2.321178e-01 5.250005672225e+00 2.437237e+00 2.812769e+00 -3.053113e-16 -2.153833e-14
2.342341e-01 5.250005548369e+00 2.459458e+00 2.790547e+00 1.304512e-15 -2.331468e-14
2.363493e-01 5.250005425104e+00 2.481667e+00 2.768338e+00 0.000000e+00 -1.887379e-14
2.384630e-01 5.250005302454e+00 2.503862e+00 2.746144e+00 5.967449e-16 -1.942890e-14
2.405752e-01 5.250005180444e+00 2.526039e+00 2.723966e+00 4.024558e-16 -2.275957e-14
2.426855e-01 5.250005059101e+00 2.548198e+00 2.701807e+00 4.579670e-16 -2.220446e-14
2.447939e-01 5.250004938450e+00 2.570336e+00 2.679669e+00 8.326673e-16 -2.198242e-14
2.469001e-01 5.250004818518e+00 2.592451e+00 2.657554e+00 -1.665335e-16 -1.820766e-14
2.490039e-01 5.250004699334e+00 2.614540e+00 2.635464e+00 1.387779e-16 -1.942890e-14
2.511051e-01 5.250004580924e+00 2.636603e+00 2.613401e+00 4.163336e-17 -1.942890e-14
2.532035e-01 5.250004463319e+00 2.658637e+00 2.591368e+00 9.714451e-16 -2.320366e-14
2.552989e-01 5.250004346547e+00 2.680639e+00 2.569365e+00 6.938894e-16 -2.464695e-14
2.573912e-01 5.250004230639e+00 2.702608e+00 2.547396e+00 3.608225e-16 -2.087219e-14
2.594802e-01 5.250004115625e+00 2.724542e+00 2.525462e+00 7.771561e-16 -1.842970e-14
2.615656e-01 5.250004001537e+00 2.746438e+00 2.503566e+00 1.110223e-16 -2.120526e-14
2.636472e-01 5.250003888408e+00 2.768296e+00 2.481708e+00 4.440892e-16 -2.242651e-14
2.657249e-01 5.250003776270e+00 2.790112e+00 2.459892e+00 1.748601e-15 -2.009504e-14
2.677986e-01 5.250003665158e+00 2.811885e+00 2.438119e+00 1.235123e-15 -1.831868e-14
2.698679e-01 5.250003555106e+00 2.833613e+00 2.416390e+00 1.665335e-16 -1.809664e-14
2.719328e-01 5.250003446149e+00 2.855294e+00 2.394709e+00 3.191891e-16 -1.976197e-14
2.739930e-01 5.250003338324e+00 2.876926e+00 2.373077e+00 -3.747003e-16 -2.298162e-14
2.760484e-01 5.250003231667e+00 2.898508e+00 2.351495e+00 6.106227e-16 -2.231548e-14
2.780987e-01 5.250003126215e+00 2.920037e+00 2.329966e+00 -1.804112e-16 -2.031708e-14
2.801439e-01 5.250003022007e+00 2.941511e+00 2.308492e+00 2.081668e-16 -1.776357e-14
2.821837e-01 5.250002919082e+00 2.962929e+00 2.287074e+00 -4.718448e-16 -2.009504e-14
2.842180e-01 5.250002817477e+00 2.984289e+00 2.265713e+00 -4.996004e-16 -2.131628e-14
2.862466e-01 5.250002717234e+00 3.005590e+00 2.244413e+00 5.967449e-16 -2.176037e-14
2.882694e-01 5.250002618393e+00 3.026829e+00 2.223174e+00 -3.469447e-16 -2.053913e-14
2.902861e-01 5.250002520993e+00 3.048004e+00 2.201999e+00 8.187895e-16 -2.131628e-14
2.922966e-01 5.250002425076e+00 3.069114e+00 2.180888e+00 8.881784e-16 -2.275957e-14
2.943008e-01 5.250002330683e+00 3.090158e+00 2.159844e+00 -6.106227e-16 -2.686740e-14
2.962984e-01 5.250002237855e+00 3.111133e+00 2.138869e+00 -9.714451e-17 -2.253753e-14
2.982894e-01 5.250002146634e+00 3.132039e+00 2.117964e+00 -9.436896e-16 -2.142730e-14
3.002735e-01 5.250002057061e+00 3.152872e+00 2.097130e+00 -8.326673e-16 -2.031708e-14
3.022507e-01 5.250001969177e+00 3.173633e+00 2.076369e+00 -9.436896e-16 -2.109424e-14
3.042208e-01 5.250001883023e+00 3.194318e+00 2.055683e+00 -4.996004e-16 -2.131628e-14
3.061836e-01 5.250001798641e+00 3.214928e+00 2.035074e+00 -1.498801e-15 -1.909584e-14
3.081390e-01 5.250001716070e+00 3.235460e+00 2.014542e+00 -1.082467e-15 -1.720846e-14
3.100869e-01 5.250001635350e+00 3.255912e+00 1.994090e+00 4.440892e-16 -2.098322e-14
3.120270e-01 5.250001556520e+00 3.276284e+00 1.973718e+00 -2.137179e-15 -2.009504e-14
3.139594e-01 5.250001479619e+00 3.296574e+00 1.953428e+00 5.551115e-17 -2.198242e-14
3.158838e-01 5.250001404684e+00 3.316780e+00 1.933222e+00 -1.110223e-16 -2.065015e-14
3.178001e-01 5.250001331752e+00 3.336901e+00 1.913100e+00 -7.771561e-16 -2.253753e-14
3.197082e-01 5.250001260857e+00 3.356936e+00 1.893065e+00 1.665335e-16 -2.020606e-14
3.216080e-01 5.250001192034e+00 3.376884e+00 1.873117e+00 -1.387779e-16 -2.120526e-14
3.234994e-01 5.250001125314e+00 3.396744e+00 1.853258e+00 3.608225e-16 -2.520206e-14
3.253822e-01 5.250001060730e+00 3.416513e+00 1.833488e+00 -1.332268e-15 -1.831868e-14
3.272563e-01 5.250000998309e+00 3.436191e+00 1.813810e+00 -3.608225e-16 -2.142730e-14
3.291217e-01 5.250000938081e+00 3.455778e+00 1.794223e+00 -1.387779e-16 -1.920686e-14
3.309781e-01 5.250000880068e+00 3.475270e+00 1.774730e+00 -9.159340e-16 -1.820766e-14
3.328256e-01 5.250000824296e+00 3.494669e+00 1.755332e+00 -3.608225e-16 -2.098322e-14
3.346640e-01 5.250000770786e+00 3.513972e+00 1.736029e+00 1.387779e-16 -2.198242e-14
3.364932e-01 5.250000719555e+00 3.533179e+00 1.716822e+00 1.165734e-15 -1.976197e-14
3.383132e-01 5.250000670621e+00 3.552288e+00 1.697712e+00 7.771561e-16 -2.009504e-14
3.401238e-01 5.250000623996e+00 3.571299e+00 1.678701e+00 1.942890e-16 -2.031708e-14
3.419249e-01 5.250000579692e+00 3.590211e+00 1.659789e+00 -8.326673e-17 -1.898481e-14
3.437165e-01 5.250000537718e+00 3.609023e+00 1.640977e+00 -3.053113e-16 -2.009504e-14
3.454985e-01 5.250000498077e+00 3.627734e+00 1.622266e+00 -1.276756e-15 -2.009504e-14
3.472708e-01 5.250000460773e+00 3.646344e+00 1.603657e+00 1.332268e-15 -1.998401e-14
3.490334e-01 5.250000425805e+00 3.664851e+00 1.585149e+00 -5.551115e-17 -2.065015e-14
3.507862e-01 5.250000393169e+00 3.683255e+00 1.566745e+00 -9.992007e-16 -1.754152e-14
3.525291e-01 5.250000362857e+00 3.701555e+00 1.548445e+00 -8.326673e-16 -1.942890e-14
3.542620e-01 5.250000334859e+00 3.719751e+00 1.530249e+00 5.551115e-17 -2.120526e-14
3.559850e-01 5.250000309161e+00 3.737842e+00 1.512158e+00 -1.137979e-15 -2.053913e-14
3.576979e-01 5.250000285746e+00 3.755828e+00 1.494172e+00 -9.714451e-16 -2.076117e-14
3.594007e-01 5.250000264592e+00 3.773707e+00 1.476293e+00 -9.992007e-16 -2.037259e-14
3.610934e-01 5.250000245675e+00 3.791480e+00 1.458520e+00 1.332268e-15 -2.092770e-14
3.627759e-01 5.250000228968e+00 3.809146e+00 1.440854e+00 -1.221245e-15 -2.009504e-14
3.644481e-01 5.250000214439e+00 3.826705e+00 1.423295e+00 -1.915135e-15 -2.126077e-14
3.661101e-01 5.250000202052e+00 3.844156e+00 1.405844e+00 2.220446e-16 -2.098322e-14
3.677618e-01 5.250000191770e+00 3.861499e+00 1.388501e+00 -1.054712e-15 -2.203793e-14
3.694032e-01 5.250000183550e+00 3.878733e+00 1.371267e+00 1.665335e-16 -2.026157e-14
3.710342e-01 5.250000177346e+00 3.895859e+00 1.354141e+00 -2.303713e-15 -2.120526e-14
3.726548e-01 5.250000173110e+00 3.912876e+00 1.337124e+00 -8.326673e-17 -2.442491e-14
3.742651e-01 5.250000170789e+00 3.929783e+00 1.320217e+00 -1.998401e-15 -2.114975e-14
3.758649e-01 5.250000170326e+00 3.946582e+00 1.303418e+00 2.220446e-16 -2.231548e-14
3.774543e-01 5.250000171663e+00 3.963270e+00 1.286730e+00 0.000000e+00 -2.381428e-14
3.790333e-01 5.250000174736e+00 3.979850e+00 1.270150e+00 -4.718448e-16 -2.114975e-14
3.806018e-01 5.250000179481e+00 3.996319e+00 1.253681e+00 1.221245e-15 -2.198242e-14
3.821599e-01 5.250000185828e+00 4.012679e+00 1.237321e+00 1.415534e-15 -2.220446e-14
3.837075e-01 5.250000193706e+00 4.028929e+00 1.221071e+00 -5.551115e-16 -2.059464e-14
3.852446e-01 5.250000203039e+00 4.045069e+00 1.204932e+00 -4.163336e-16 -2.065015e-14
3.867713e-01 5.250000213751e+00 4.061099e+00 1.188901e+00 -3.053113e-16 -2.386980e-14
3.882875e-01 5.250000225761e+00 4.077019e+00 1.172981e+00 -5.828671e-16 -2.103873e-14
3.897933e-01 5.250000238986e+00 4.092830e+00 1.157171e+00 1.276756e-15 -2.142730e-14
3.912886e-01 5.250000253342e+00 4.108530e+00 1.141470e+00 4.440892e-16 -2.337019e-14
3.927735e-01 5.250000268741e+00 4.124121e+00 1.125879e+00 -1.665335e-16 -2.292611e-14
3.942479e-01 5.250000285094e+00 4.139603e+00 1.110398e+00 1.360023e-15 -1.992850e-14
3.957119e-01 5.250000302309e+00 4.154975e+00 1.095026e+00 0.000000e+00 -2.148282e-14
3.971655e-01 5.250000320295e+00 4.170237e+00 1.079763e+00 5.551115e-16 -1.998401e-14
3.986087e-01 5.250000338955e+00 4.185391e+00 1.064609e+00 -2.775558e-16 -1.804112e-14
4.000415e-01 5.250000358195e+00 4.200435e+00 1.049565e+00 -2.498002e-16 -2.103873e-14
4.014639e-01 5.250000377917e+00 4.215371e+00 1.034630e+00 -2.220446e-16 -2.026157e-14
4.028760e-01 5.250000398022e+00 4.230198e+00 1.019803e+00 6.938894e-16 -2.414735e-14
4.042777e-01 5.250000418412e+00 4.244916e+00 1.005085e+00 -1.387779e-16 -2.242651e-14
4.056691e-01 5.250000438988e+00 4.259526e+00 9.904747e-01 -5.273559e-16 -2.198242e-14
4.070502e-01 5.250000459648e+00 4.274027e+00 9.759731e-01 -8.881784e-16 -2.270406e-14
4.084210e-01 5.250000480293e+00 4.288421e+00 9.615795e-01 -1.887379e-15 -2.003953e-14
4.097816e-01 5.250000500822e+00 4.302707e+00 9.472937e-01 -2.248202e-15 -1.898481e-14
4.111319e-01 5.250000521135e+00 4.316885e+00 9.331156e-01 1.665335e-16 -2.126077e-14
4.124720e-01 5.250000541132e+00 4.330956e+00 9.190450e-01 -1.054712e-15 -2.237099e-14
4.138018e-01 5.250000560714e+00 4.344919e+00 9.050817e-01 -1.443290e-15 -1.854072e-14
4.151214e-01 5.250000579782e+00 4.358775e+00 8.912255e-01 3.330669e-16 -2.114975e-14
4.164309e-01 5.250000598239e+00 4.372524e+00 8.774763e-01 -3.885781e-16 -2.386980e-14
4.177302e-01 5.250000615988e+00 4.386167e+00 8.638340e-01 -1.249001e-15 -2.198242e-14
4.190193e-01 5.250000632935e+00 4.399702e+00 8.502983e-01 -2.053913e-15 -2.337019e-14
4.202982e-01 5.250000648987e+00 4.413132e+00 8.368691e-01 -1.415534e-15 -2.153833e-14
4.215671e-01 5.250000664051e+00 4.426454e+00 8.235464e-01 -2.026157e-15 -2.159384e-14
4.228258e-01 5.250000678040e+00 4.439671e+00 8.103301e-01 -1.498801e-15 -2.037259e-14
4.240744e-01 5.250000690866e+00 4.452781e+00 7.972199e-01 -2.664535e-15 -2.364775e-14
4.253128e-01 5.250000702444e+00 4.465785e+00 7.842160e-01 -1.693090e-15 -2.020606e-14
4.265412e-01 5.250000712692e+00 4.478683e+00 7.713181e-01 -7.216450e-16 -1.937339e-14
4.277595e-01 5.250000721533e+00 4.491474e+00 7.585263e-01 2.775558e-17 -2.176037e-14
4.289676e-01 5.250000728889e+00 4.504160e+00 7.458406e-01 -2.775558e-17 -1.942890e-14
4.301657e-01 5.250000734689e+00 4.516740e+00 7.332610e-01 -2.775558e-16 -2.098322e-14
4.313536e-01 5.250000738864e+00 4.529213e+00 7.207874e-01 3.608225e-16 -2.131628e-14
4.325315e-01 5.250000741348e+00 4.541581e+00 7.084201e-01 -1.360023e-15 -1.976197e-14
4.336992e-01 5.250000742080e+00 4.553842e+00 6.961589e-01 -1.831868e-15 -2.109424e-14
4.348568e-01 5.250000741004e+00 4.565997e+00 6.840041e-01 -1.221245e-15 -2.103873e-14
4.360043e-01 5.250000738065e+00 4.578045e+00 6.719558e-01 -2.053913e-15 -2.270406e-14
4.371416e-01 5.250000733216e+00 4.589987e+00 6.600140e-01 3.885781e-16 -2.109424e-14
4.382687e-01 5.250000726412e+00 4.601822e+00 6.481791e-01 -2.359224e-15 -2.342571e-14
4.393857e-01 5.250000717615e+00 4.613549e+00 6.364512e-01 -1.831868e-15 -2.164935e-14
4.404924e-01 5.250000706791e+00 4.625170e+00 6.248306e-01 -6.383782e-16 -2.120526e-14
4.415889e-01 5.250000693911e+00 4.636683e+00 6.133175e-01 -1.443290e-15 -2.131628e-14
4.426751e-01 5.250000678951e+00 4.648089e+00 6.019122e-01 -1.276756e-15 -2.109424e-14
4.437510e-01 5.250000661893e+00 4.659386e+00 5.906150e-01 -9.992007e-16 -2.048361e-14
4.448166e-01 5.250000642725e+00 4.670574e+00 5.794264e-01 -2.636780e-15 -2.198242e-14
4.458718e-01 5.250000621439e+00 4.681654e+00 5.683466e-01 -6.661338e-16 -2.059464e-14
4.469166e-01 5.250000598035e+00 4.692624e+00 5.573762e-01 -1.609823e-15 -1.965095e-14
4.479510e-01 5.250000572516e+00 4.703485e+00 5.465155e-01 3.053113e-16 -2.214895e-14
4.489748e-01 5.250000544895e+00 4.714235e+00 5.357651e-01 -1.998401e-15 -2.126077e-14
4.499881e-01 5.250000515189e+00 4.724875e+00 5.251254e-01 -1.387779e-16 -2.026157e-14
4.509908e-01 5.250000483419e+00 4.735404e+00 5.145969e-01 -9.714451e-16 -2.164935e-14
4.519829e-01 5.250000449615e+00 4.745820e+00 5.041803e-01 -1.748601e-15 -2.059464e-14
4.529642e-01 5.250000413813e+00 4.756124e+00 4.938762e-01 -2.192690e-15 -2.042810e-14
4.539348e-01 5.250000376055e+00 4.766315e+00 4.836850e-01 -1.165734e-15 -2.092770e-14
4.548945e-01 5.250000336388e+00 4.776393e+00 4.736076e-01 -7.771561e-16 -2.031708e-14
4.558434e-01 5.250000294867e+00 4.786356e+00 4.636445e-01 -1.609823e-15 -2.003953e-14
4.567813e-01 5.250000251552e+00 4.796204e+00 4.537965e-01 -5.828671e-16 -2.159384e-14
4.577082e-01 5.250000206510e+00 4.805936e+00 4.440642e-01 -5.828671e-16 -2.092770e-14
4.586240e-01 5.250000159813e+00 4.815552e+00 4.344485e-01 -2.386980e-15 -2.042810e-14
4.595286e-01 5.250000111541e+00 4.825050e+00 4.249500e-01 -6.661338e-16 -1.998401e-14
4.604219e-01 5.250000061777e+00 4.834430e+00 4.155696e-01 -1.137979e-15 -2.076117e-14
4.613040e-01 5.250000010613e+00 4.843692e+00 4.063080e-01 -1.304512e-15 -2.026157e-14
4.621746e-01 5.249999958143e+00 4.852834e+00 3.971661e-01 -2.109424e-15 -2.170486e-14
4.630338e-01 5.249999904469e+00 4.861855e+00 3.881448e-01 1.942890e-16 -2.015055e-14
4.638814e-01 5.249999849697e+00 4.870755e+00 3.792447e-01 1.387779e-16 -2.076117e-14
4.647174e-01 5.249999793939e+00 4.879533e+00 3.704669e-01 -1.415534e-15 -2.098322e-14
4.655417e-01 5.249999737311e+00 4.888188e+00 3.618121e-01 -6.383782e-16 -2.026157e-14
4.663541e-01 5.249999679932e+00 4.896718e+00 3.532813e-01 1.665335e-16 -2.098322e-14
4.671547e-01 5.249999621927e+00 4.905124e+00 3.448753e-01 -5.551115e-17 -1.970646e-14
4.679433e-01 5.249999563424e+00 4.913405e+00 3.365951e-01 5.273559e-16 -2.009504e-14
4.687198e-01 5.249999504554e+00 4.921558e+00 3.284414e-01 3.885781e-16 -2.048361e-14
4.694842e-01 5.249999445452e+00 4.929584e+00 3.204153e-01 -6.383782e-16 -1.998401e-14
4.702364e-01 5.249999386254e+00 4.937482e+00 3.125175e-01 3.053113e-16 -2.109424e-14
4.709762e-01 5.249999327099e+00 4.945250e+00 3.047490e-01 -5.273559e-16 -2.092770e-14
4.717037e-01 5.249999268127e+00 4.952889e+00 2.971107e-01 -3.608225e-16 -2.015055e-14
4.724186e-01 5.249999209479e+00 4.960396e+00 2.896034e-01 -1.249001e-15 -2.103873e-14
4.731211e-01 5.249999151299e+00 4.967771e+00 2.822280e-01 -1.082467e-15 -2.015055e-14
4.738108e-01 5.249999093727e+00 4.975014e+00 2.749853e-01 -5.551115e-16 -2.164935e-14
4.744879e-01 5.249999036905e+00 4.982123e+00 2.678761e-01 1.387779e-16 -2.137179e-14
4.751522e-01 5.249998980974e+00 4.989098e+00 2.609014e-01 -3.358425e-15 -2.131628e-14
4.758035e-01 5.249998926072e+00 4.995937e+00 2.540618e-01 -2.498002e-15 -2.153833e-14
4.764420e-01 5.249998872336e+00 5.002641e+00 2.473581e-01 -4.718448e-16 -2.164935e-14
4.770674e-01 5.249998819899e+00 5.009208e+00 2.407911e-01 -3.330669e-16 -2.225997e-14
4.776797e-01 5.249998768892e+00 5.015637e+00 2.343615e-01 -6.938894e-16 -2.248202e-14
4.782789e-01 5.249998719441e+00 5.021929e+00 2.280701e-01 -1.026956e-15 -2.098322e-14
4.788649e-01 5.249998671665e+00 5.028081e+00 2.219174e-01 -1.804112e-15 -2.081668e-14
4.794376e-01 5.249998625682e+00 5.034095e+00 2.159040e-01 -1.110223e-16 -2.151057e-14
4.799969e-01 5.249998581601e+00 5.039968e+00 2.100307e-01 -2.775558e-17 -2.189915e-14
4.805429e-01 5.249998539524e+00 5.045701e+00 2.042980e-01 8.881784e-16 -2.117750e-14
4.810754e-01 5.249998499547e+00 5.051292e+00 1.987063e-01 -9.992007e-16 -2.103873e-14
4.815945e-01 5.249998461757e+00 5.056742e+00 1.932562e-01 -8.326673e-16 -2.151057e-14
4.821000e-01 5.249998426235e+00 5.062050e+00 1.879481e-01 -2.775558e-17 -2.217670e-14
4.825920e-01 5.249998393048e+00 5.067216e+00 1.827825e-01 3.053113e-16 -2.131628e-14
4.830704e-01 5.249998362259e+00 5.072239e+00 1.777596e-01 -2.026157e-15 -2.198242e-14
4.835351e-01 5.249998333915e+00 5.077118e+00 1.728799e-01 -8.049117e-16 -2.170486e-14
4.839862e-01 5.249998308056e+00 5.081855e+00 1.681436e-01 -8.604228e-16 -2.162159e-14
4.844236e-01 5.249998284710e+00 5.086447e+00 1.635509e-01 -3.330669e-16 -2.192690e-14
4.848473e-01 5.249998263892e+00 5.090896e+00 1.591020e-01 -1.804112e-15 -2.126077e-14
4.852573e-01 5.249998245606e+00 5.095201e+00 1.547971e-01 1.110223e-15 -2.162159e-14
4.856535e-01 5.249998229842e+00 5.099362e+00 1.506362e-01 -1.998401e-15 -2.164935e-14
4.860361e-01 5.249998216578e+00 5.103379e+00 1.466195e-01 -6.661338e-16 -2.156608e-14
4.864049e-01 5.249998205779e+00 5.107251e+00 1.427469e-01 -1.165734e-15 -2.242651e-14
4.867600e-01 5.249998197396e+00 5.110980e+00 1.390185e-01 -1.387779e-15 -2.167710e-14
4.871014e-01 5.249998191365e+00 5.114564e+00 1.354340e-01 -6.106227e-16 -2.170486e-14
4.874290e-01 5.249998187609e+00 5.118005e+00 1.319935e-01 -2.775558e-16 -2.153833e-14
4.877430e-01 5.249998186038e+00 5.121302e+00 1.286967e-01 -1.110223e-15 -2.212119e-14
4.880433e-01 5.249998186545e+00 5.124455e+00 1.255434e-01 -2.109424e-15 -2.176037e-14
4.883300e-01 5.249998189011e+00 5.127465e+00 1.225335e-01 -1.665335e-15 -2.139955e-14
4.886030e-01 5.249998193304e+00 5.130332e+00 1.196666e-01 -1.110223e-16 -2.239875e-14
4.888625e-01 5.249998199274e+00 5.133056e+00 1.169425e-01 1.054712e-15 -2.195466e-14
4.891083e-01 5.249998206760e+00 5.135637e+00 1.143607e-01 6.106227e-16 -2.184364e-14
4.893407e-01 5.249998215588e+00 5.138077e+00 1.119210e-01 -4.440892e-16 -2.167710e-14
4.895596e-01 5.249998225569e+00 5.140375e+00 1.096229e-01 1.665335e-16 -2.170486e-14
4.897650e-01 5.249998236503e+00 5.142532e+00 1.074661e-01 7.771561e-16 -2.162159e-14
4.899570e-01 5.249998248174e+00 5.144548e+00 1.054500e-01 4.440892e-16 -2.176037e-14
4.901356e-01 5.249998260358e+00 5.146424e+00 1.035743e-01 7.216450e-16 -2.201017e-14
4.903009e-01 5.249998272818e+00 5.148160e+00 1.018385e-01 8.881784e-16 -2.220446e-14
4.904530e-01 5.249998285307e+00 5.149756e+00 1.002420e-01 8.881784e-16 -2.173262e-14
4.905918e-01 5.249998297567e+00 5.151214e+00 9.878448e-02 1.720846e-15 -2.198242e-14
4.907174e-01 5.249998309330e+00 5.152533e+00 9.746535e-02 6.106227e-16 -2.156608e-14
4.908299e-01 5.249998320324e+00 5.153714e+00 9.628416e-02 1.665335e-16 -2.151057e-14
4.909293e-01 5.249998330264e+00 5.154758e+00 9.524043e-02 -5.551115e-17 -2.170486e-14
4.910157e-01 5.249998338862e+00 5.155665e+00 9.433368e-02 -3.330669e-16 -2.167710e-14
4.910890e-01 5.249998345823e+00 5.156435e+00 9.356347e-02 -2.220446e-16 -2.159384e-14
4.911494e-01 5.249998350850e+00 5.157069e+00 9.292935e-02 2.220446e-16 -2.178813e-14
4.911969e-01 5.249998353639e+00 5.157567e+00 9.243093e-02 1.665335e-16 -2.162159e-14
4.912315e-01 5.249998353886e+00 5.157931e+00 9.206781e-02 -7.216450e-16 -2.184364e-14
4.912532e-01 5.249998351288e+00 5.158159e+00 9.183965e-02 -2.775558e-16 -2.166323e-14
4.912621e-01 5.249998345538e+00 5.158252e+00 9.174612e-02 6.106227e-16 -2.169098e-14
4.912582e-01 5.249998336334e+00 5.158211e+00 9.178697e-02 7.771561e-16 -2.163547e-14
4.912416e-01 5.249998323376e+00 5.158036e+00 9.196196e-02 8.326673e-16 -2.160772e-14
4.912121e-01 5.249998306367e+00 5.157727e+00 9.227093e-02 2.775558e-16 -2.173262e-14
4.911700e-01 5.249998285019e+00 5.157285e+00 9.271374e-02 1.165734e-15 -2.166323e-14
4.911150e-01 5.249998259047e+00 5.156708e+00 9.329035e-02 1.609823e-15 -2.167710e-14
4.910474e-01 5.249998228176e+00 5.155997e+00 9.400076e-02 5.551115e-17 -2.169098e-14
4.909670e-01 5.249998192141e+00 5.155153e+00 9.484505e-02 9.436896e-16 -2.164935e-14
4.908738e-01 5.249998150689e+00 5.154175e+00 9.582335e-02 1.387779e-15 -2.153833e-14
4.907678e-01 5.249998103576e+00 5.153062e+00 9.693589e-02 1.387779e-15 -2.142730e-14
4.906491e-01 5.249998050575e+00 5.151815e+00 9.818297e-02 8.326673e-16 -2.133016e-14
4.905174e-01 5.249997991471e+00 5.150433e+00 9.956497e-02 1.054712e-15 -2.152445e-14
4.903729e-01 5.249997926069e+00 5.148916e+00 1.010824e-01 1.221245e-15 -2.138567e-14
4.902154e-01 5.249997854187e+00 5.147262e+00 1.027357e-01 -2.775558e-16 -2.149669e-14
4.900450e-01 5.249997775664e+00 5.145472e+00 1.045256e-01 1.720846e-15 -2.144812e-14
4.898614e-01 5.249997690357e+00 5.143545e+00 1.064529e-01 1.887379e-15 -2.133710e-14
4.896647e-01 5.249997598145e+00 5.141479e+00 1.085184e-01 6.106227e-16 -2.121914e-14
4.894547e-01 5.249997498925e+00 5.139275e+00 1.107229e-01 3.885781e-16 -2.129547e-14
4.892314e-01 5.249997392621e+00 5.136930e+00 1.130677e-01 2.386980e-15 -2.096240e-14
4.889946e-01 5.249997279174e+00 5.134444e+00 1.155536e-01 1.831868e-15 -2.162159e-14
4.887443e-01 5.249997158551e+00 5.131815e+00 1.181821e-01 1.942890e-15 -2.100403e-14
4.884802e-01 5.249997030744e+00 5.129043e+00 1.209545e-01 1.887379e-15 -2.136485e-14
4.882024e-01 5.249996895767e+00 5.126125e+00 1.238721e-01 5.551115e-16 -2.139261e-14
4.879105e-01 5.249996753657e+00 5.123060e+00 1.269365e-01 1.054712e-15 -2.131628e-14
4.876045e-01 5.249996604477e+00 5.119847e+00 1.301494e-01 2.775558e-16 -2.141343e-14
4.872842e-01 5.249996448314e+00 5.116484e+00 1.335125e-01 1.831868e-15 -2.121567e-14
4.869494e-01 5.249996285278e+00 5.112969e+00 1.370275e-01 2.109424e-15 -2.136138e-14
4.866000e-01 5.249996115502e+00 5.109300e+00 1.406965e-01 2.498002e-15 -2.136485e-14
4.862357e-01 5.249995939143e+00 5.105475e+00 1.445214e-01 5.551115e-17 -2.110898e-14
4.858563e-01 5.249995756378e+00 5.101491e+00 1.485044e-01 9.992007e-16 -2.084530e-14
4.854617e-01 5.249995567407e+00 5.097348e+00 1.526476e-01 1.609823e-15 -2.100577e-14
4.850516e-01 5.249995372450e+00 5.093042e+00 1.569532e-01 1.554312e-15 -2.165629e-14
4.846258e-01 5.249995171745e+00 5.088571e+00 1.614238e-01 4.440892e-16 -2.097628e-14
4.841841e-01 5.249994965547e+00 5.083933e+00 1.660616e-01 1.054712e-15 -2.110812e-14
4.837262e-01 5.249994754128e+00 5.079125e+00 1.708693e-01 1.998401e-15 -2.129893e-14
4.832519e-01 5.249994537776e+00 5.074145e+00 1.758493e-01 1.942890e-15 -2.066403e-14
4.827610e-01 5.249994316788e+00 5.068990e+00 1.810042e-01 1.609823e-15 -2.103179e-14
4.822531e-01 5.249994091474e+00 5.063657e+00 1.863369e-01 3.885781e-16 -2.069872e-14
4.817280e-01 5.249993862155e+00 5.058144e+00 1.918500e-01 6.106227e-16 -2.123302e-14
4.811855e-01 5.249993629154e+00 5.052447e+00 1.975462e-01 2.442491e-15 -2.128159e-14
4.806252e-01 5.249993392802e+00 5.046565e+00 2.034285e-01 8.881784e-16 -2.020606e-14
4.800470e-01 5.249993153433e+00 5.040493e+00 2.094998e-01 2.109424e-15 -2.050443e-14
4.794505e-01 5.249992911379e+00 5.034230e+00 2.157628e-01 2.220446e-16 -1.986605e-14
4.788354e-01 5.249992666972e+00 5.027772e+00 2.222206e-01 3.441691e-15 -2.037259e-14
4.782016e-01 5.249992420540e+00 5.021116e+00 2.288760e-01 1.665335e-16 -2.145506e-14
4.775486e-01 5.249992172404e+00 5.014260e+00 2.357321e-01 1.332268e-15 -1.977585e-14
4.768762e-01 5.249991922877e+00 5.007200e+00 2.427918e-01 2.109424e-15 -2.059464e-14
4.761841e-01 5.249991672263e+00 4.999934e+00 2.500581e-01 1.554312e-15 -2.038647e-14
4.754721e-01 5.249991420851e+00 4.992457e+00 2.575340e-01 1.221245e-15 -2.073341e-14
4.747399e-01 5.249991168921e+00 4.984769e+00 2.652225e-01 4.996004e-16 -2.108036e-14
4.739871e-01 5.249990916734e+00 4.976864e+00 2.731265e-01 6.661338e-16 -2.084444e-14
4.732135e-01 5.249990664537e+00 4.968742e+00 2.812490e-01 -6.106227e-16 -2.083056e-14
4.724188e-01 5.249990412557e+00 4.960397e+00 2.895929e-01 -1.165734e-15 -2.046974e-14
4.716028e-01 5.249990161007e+00 4.951829e+00 2.981612e-01 7.216450e-16 -2.069178e-14
4.707651e-01 5.249989910077e+00 4.943033e+00 3.069567e-01 2.442491e-15 -2.098322e-14
4.699055e-01 5.249989659943e+00 4.934007e+00 3.159824e-01 6.661338e-16 -2.062239e-14
4.690237e-01 5.249989410758e+00 4.924748e+00 3.252410e-01 3.885781e-16 -2.062239e-14
4.681194e-01 5.249989162662e+00 4.915254e+00 3.347353e-01 8.881784e-16 -2.131628e-14
4.671924e-01 5.249988915778e+00 4.905521e+00 3.444682e-01 -7.216450e-16 -2.001177e-14
4.662425e-01 5.249988670211e+00 4.895546e+00 3.544424e-01 -5.551115e-17 -2.114975e-14
4.652693e-01 5.249988426058e+00 4.885328e+00 3.646605e-01 1.332268e-15 -2.040035e-14
4.642727e-01 5.249988183404e+00 4.874863e+00 3.751253e-01 -3.885781e-16 -2.056688e-14
4.632523e-01 5.249987942327e+00 4.864149e+00 3.858393e-01 1.054712e-15 -2.051137e-14
