5.000000e-01 5.250000000000e+00 5.250000e+00 0.000000e+00 -1.137979e-15 0.000000e+00
4.999926e-01 5.249999999857e+00 5.249922e+00 7.761508e-05 -2.192690e-15 -2.688821e-17
4.999704e-01 5.249999999427e+00 5.249690e+00 3.104609e-04 -1.304512e-15 -5.204170e-17
4.999335e-01 5.249999998710e+00 5.249301e+00 6.985392e-04 -2.803313e-15 -7.806256e-17
4.998817e-01 5.249999997709e+00 5.248758e+00 1.241853e-03 -1.582068e-15 -1.387779e-16
4.998152e-01 5.249999996424e+00 5.248060e+00 1.940406e-03 -2.831069e-15 -7.632783e-17
4.997339e-01 5.249999994857e+00 5.247206e+00 2.794203e-03 -1.387779e-15 -1.613293e-16
4.996378e-01 5.249999993010e+00 5.246197e+00 3.803251e-03 -1.026956e-15 -1.318390e-16
4.995269e-01 5.249999990885e+00 5.245032e+00 4.967556e-03 -1.082467e-15 -3.295975e-16
4.994012e-01 5.249999988485e+00 5.243713e+00 6.287127e-03 -2.775558e-16 -6.245005e-17
4.992608e-01 5.249999985814e+00 5.242238e+00 7.761974e-03 -2.858824e-15 -1.249001e-16
4.991055e-01 5.249999982875e+00 5.240608e+00 9.392106e-03 -2.220446e-15 -3.122502e-16
4.989355e-01 5.249999979672e+00 5.238822e+00 1.117753e-02 -2.581269e-15 -1.491862e-16
4.987506e-01 5.249999976210e+00 5.236882e+00 1.311827e-02 -9.159340e-16 -1.942890e-16
4.985510e-01 5.249999972492e+00 5.234786e+00 1.521433e-02 -9.992007e-16 -2.844947e-16
4.983366e-01 5.249999968525e+00 5.232534e+00 1.746572e-02 -1.443290e-15 1.387779e-17
4.981074e-01 5.249999964313e+00 5.230128e+00 1.987246e-02 -2.359224e-15 -7.771561e-16
4.978634e-01 5.249999959862e+00 5.227565e+00 2.243456e-02 -1.859624e-15 -4.024558e-16
4.976046e-01 5.249999955179e+00 5.224848e+00 2.515204e-02 -1.942890e-15 -1.526557e-16
4.973310e-01 5.249999950271e+00 5.221975e+00 2.802491e-02 -1.387779e-15 -6.730727e-16
4.970425e-01 5.249999945143e+00 5.218947e+00 3.105318e-02 -2.858824e-15 1.387779e-16
4.967393e-01 5.249999939804e+00 5.215763e+00 3.423689e-02 -2.664535e-15 -5.481726e-16
4.964213e-01 5.249999934260e+00 5.212424e+00 3.757603e-02 -1.498801e-15 -1.283695e-15
4.960885e-01 5.249999928521e+00 5.208929e+00 4.107062e-02 -2.498002e-15 -8.534840e-16
4.957409e-01 5.249999922594e+00 5.205279e+00 4.472069e-02 -2.303713e-15 -1.033895e-15
4.953784e-01 5.249999916488e+00 5.201474e+00 4.852624e-02 -7.771561e-16 -4.163336e-17
4.950012e-01 5.249999910212e+00 5.197513e+00 5.248730e-02 -3.330669e-15 -1.054712e-15
4.946091e-01 5.249999903775e+00 5.193396e+00 5.660387e-02 -1.249001e-15 -7.355228e-16
4.942023e-01 5.249999897188e+00 5.189124e+00 6.087596e-02 -2.664535e-15 -9.159340e-16
4.937806e-01 5.249999890460e+00 5.184696e+00 6.530360e-02 -2.303713e-15 -1.124101e-15
4.933441e-01 5.249999883602e+00 5.180113e+00 6.988680e-02 -3.635980e-15 -1.304512e-15
4.928928e-01 5.249999876625e+00 5.175374e+00 7.462556e-02 -3.580469e-15 -4.302114e-16
4.924267e-01 5.249999869539e+00 5.170480e+00 7.951989e-02 -1.249001e-15 -1.540434e-15
4.919457e-01 5.249999862356e+00 5.165430e+00 8.456981e-02 -3.830269e-15 -2.359224e-16
4.914500e-01 5.249999855089e+00 5.160225e+00 8.977531e-02 -2.664535e-15 -6.938894e-16
4.909394e-01 5.249999847748e+00 5.154863e+00 9.513641e-02 -2.969847e-15 -4.440892e-16
4.904140e-01 5.249999840347e+00 5.149347e+00 1.006531e-01 -8.049117e-16 -9.298118e-16
4.898738e-01 5.249999832898e+00 5.143674e+00 1.063254e-01 -2.581269e-15 -2.289835e-15
4.893187e-01 5.249999825414e+00 5.137847e+00 1.121533e-01 -2.303713e-15 -8.465451e-16
4.887489e-01 5.249999817909e+00 5.131863e+00 1.181368e-01 -1.054712e-15 -6.245005e-16
4.881642e-01 5.249999810397e+00 5.125724e+00 1.242759e-01 -1.887379e-15 -1.429412e-15
4.875647e-01 5.249999802891e+00 5.119429e+00 1.305705e-01 -1.582068e-15 -8.604228e-16
4.869504e-01 5.249999795405e+00 5.112979e+00 1.370207e-01 -2.803313e-15 -8.465451e-16
4.863213e-01 5.249999787955e+00 5.106373e+00 1.436265e-01 -1.471046e-15 -6.522560e-16
4.856773e-01 5.249999780554e+00 5.099612e+00 1.503878e-01 -9.159340e-16 -1.609823e-15
4.850186e-01 5.249999773219e+00 5.092695e+00 1.573046e-01 -1.110223e-15 -1.096345e-15
4.843450e-01 5.249999765964e+00 5.085623e+00 1.643769e-01 -2.248202e-15 -1.387779e-15
4.836567e-01 5.249999758806e+00 5.078395e+00 1.716046e-01 5.551115e-17 -1.443290e-15
4.829535e-01 5.249999751759e+00 5.071012e+00 1.789878e-01 -2.303713e-15 -1.804112e-15
4.822356e-01 5.249999744841e+00 5.063473e+00 1.865263e-01 -1.859624e-15 -1.526557e-15
4.815028e-01 5.249999738068e+00 5.055780e+00 1.942202e-01 -2.331468e-15 -1.582068e-15
4.807553e-01 5.249999731456e+00 5.047930e+00 2.020693e-01 -2.303713e-15 -1.193490e-15
4.799930e-01 5.249999725023e+00 5.039926e+00 2.100737e-01 -3.552714e-15 -1.304512e-15
4.792159e-01 5.249999718786e+00 5.031766e+00 2.182333e-01 -3.608225e-16 -1.998401e-15
4.784240e-01 5.249999712761e+00 5.023452e+00 2.265479e-01 -3.247402e-15 -1.026956e-15
4.776173e-01 5.249999706967e+00 5.014982e+00 2.350176e-01 -8.604228e-16 -1.498801e-15
4.767960e-01 5.249999701421e+00 5.006357e+00 2.436422e-01 -2.581269e-15 -2.248202e-15
4.759598e-01 5.249999696142e+00 4.997578e+00 2.524217e-01 -2.831069e-15 -2.386980e-15
4.751089e-01 5.249999691147e+00 4.988644e+00 2.613560e-01 -2.081668e-15 -1.970646e-15
4.742433e-01 5.249999686455e+00 4.979555e+00 2.704450e-01 -1.970646e-15 -2.803313e-15
4.733630e-01 5.249999682085e+00 4.970311e+00 2.796885e-01 -1.498801e-15 -3.053113e-15
4.724679e-01 5.249999678055e+00 4.960913e+00 2.890865e-01 -1.720846e-15 -2.498002e-15
4.715582e-01 5.249999674384e+00 4.951361e+00 2.986389e-01 -2.969847e-15 -3.969047e-15
4.706337e-01 5.249999671091e+00 4.941654e+00 3.083454e-01 -3.080869e-15 -1.498801e-15
4.696946e-01 5.249999668196e+00 4.931794e+00 3.182060e-01 -1.137979e-15 -2.942091e-15
4.687409e-01 5.249999665717e+00 4.921779e+00 3.282206e-01 -2.609024e-15 -1.859624e-15
4.677724e-01 5.249999663674e+00 4.911611e+00 3.383889e-01 -3.108624e-15 -1.970646e-15
4.667894e-01 5.249999662087e+00 4.901289e+00 3.487109e-01 -2.331468e-15 -2.720046e-15
4.657917e-01 5.249999660974e+00 4.890813e+00 3.591863e-01 -1.332268e-15 -2.137179e-15
4.647795e-01 5.249999660357e+00 4.880185e+00 3.698149e-01 -3.053113e-15 -2.220446e-16
4.637527e-01 5.249999660254e+00 4.869403e+00 3.805967e-01 -1.776357e-15 -5.273559e-16
4.627113e-01 5.249999660686e+00 4.858468e+00 3.915312e-01 -1.915135e-15 -1.831868e-15
4.616554e-01 5.249999661672e+00 4.847381e+00 4.026185e-01 -1.471046e-15 -2.137179e-15
4.605849e-01 5.249999663232e+00 4.836142e+00 4.138581e-01 -6.106227e-16 -2.803313e-15
4.595000e-01 5.249999665386e+00 4.824750e+00 4.252499e-01 -2.914335e-15 -4.607426e-15
4.584006e-01 5.249999668155e+00 4.813206e+00 4.367937e-01 -3.608225e-16 -1.609823e-15
4.572867e-01 5.249999671558e+00 4.801510e+00 4.484892e-01 -2.331468e-15 -2.720046e-15
4.561584e-01 5.249999675615e+00 4.789664e+00 4.603361e-01 -3.330669e-15 -1.915135e-15
4.550158e-01 5.249999680346e+00 4.777666e+00 4.723341e-01 -2.331468e-15 -2.137179e-15
4.538587e-01 5.249999685771e+00 4.765517e+00 4.844830e-01 -2.442491e-15 -2.414735e-15
4.526874e-01 5.249999691910e+00 4.753217e+00 4.967824e-01 -5.273559e-16 -2.553513e-15
4.515017e-01 5.249999698783e+00 4.740768e+00 5.092320e-01 -1.665335e-15 -4.191092e-15
4.503017e-01 5.249999706409e+00 4.728168e+00 5.218314e-01 -3.108624e-15 -3.441691e-15
4.490875e-01 5.249999714809e+00 4.715419e+00 5.345805e-01 -2.026157e-15 -2.220446e-15
4.478592e-01 5.249999724001e+00 4.702521e+00 5.474786e-01 -1.498801e-15 -2.609024e-15
4.466166e-01 5.249999734005e+00 4.689474e+00 5.605256e-01 -3.219647e-15 -3.413936e-15
4.453599e-01 5.249999744841e+00 4.676279e+00 5.737210e-01 -3.386180e-15 -1.387779e-15
4.440891e-01 5.249999756527e+00 4.662935e+00 5.870644e-01 -2.359224e-15 -4.607426e-15
4.428042e-01 5.249999769083e+00 4.649444e+00 6.005554e-01 -2.525757e-15 -3.996803e-15
4.415054e-01 5.249999782527e+00 4.635806e+00 6.141935e-01 -3.358425e-15 -3.164136e-15
4.401925e-01 5.249999796879e+00 4.622021e+00 6.279783e-01 -7.216450e-16 -5.023759e-15
4.388658e-01 5.249999812156e+00 4.608090e+00 6.419094e-01 -2.609024e-15 -3.885781e-15
4.375251e-01 5.249999828377e+00 4.594014e+00 6.559862e-01 -1.415534e-15 -1.415534e-15
4.361706e-01 5.249999845560e+00 4.579792e+00 6.702082e-01 -3.635980e-15 -2.720046e-15
4.348024e-01 5.249999863722e+00 4.565425e+00 6.845750e-01 -3.191891e-15 -1.915135e-15
4.334204e-01 5.249999882881e+00 4.550914e+00 6.990861e-01 -2.609024e-15 -1.804112e-15
4.320247e-01 5.249999903055e+00 4.536259e+00 7.137408e-01 -3.025358e-15 -3.885781e-15
4.306154e-01 5.249999924260e+00 4.521461e+00 7.285385e-01 -3.136380e-15 -4.052314e-15
4.291925e-01 5.249999946513e+00 4.506521e+00 7.434789e-01 -9.436896e-16 -5.329071e-15
4.277561e-01 5.249999969831e+00 4.491439e+00 7.585611e-01 -4.357625e-15 -4.718448e-15
4.263062e-01 5.249999994228e+00 4.476215e+00 7.737846e-01 -2.914335e-15 -5.717649e-15
4.248430e-01 5.250000019722e+00 4.460851e+00 7.891488e-01 -3.441691e-15 -5.717649e-15
4.233664e-01 5.250000046326e+00 4.445347e+00 8.046531e-01 -2.303713e-15 -5.495604e-15
4.218765e-01 5.250000074057e+00 4.429703e+00 8.202966e-01 -1.748601e-15 -6.328271e-15
4.203735e-01 5.250000102928e+00 4.413921e+00 8.360789e-01 -1.804112e-15 -6.494805e-15
4.188572e-01 5.250000132955e+00 4.398001e+00 8.519990e-01 -2.109424e-15 -9.436896e-15
4.173280e-01 5.250000164149e+00 4.381944e+00 8.680564e-01 -2.886580e-15 -6.550316e-15
4.157857e-01 5.250000196525e+00 4.365750e+00 8.842503e-01 -3.497203e-15 -3.996803e-15
4.142305e-01 5.250000230096e+00 4.349420e+00 9.005799e-01 -3.663736e-15 -3.219647e-15
4.126625e-01 5.250000264873e+00 4.332956e+00 9.170444e-01 -3.580469e-15 -5.884182e-15
4.110817e-01 5.250000300869e+00 4.316357e+00 9.336430e-01 -4.163336e-15 -6.605827e-15
4.094881e-01 5.250000338096e+00 4.299625e+00 9.503749e-01 -3.774758e-15 -6.827872e-15
4.078820e-01 5.250000376563e+00 4.282761e+00 9.672392e-01 -3.108624e-15 -8.937295e-15
4.062634e-01 5.250000416282e+00 4.265765e+00 9.842351e-01 -2.775558e-15 -7.938095e-15
4.046323e-01 5.250000457261e+00 4.248639e+00 1.001362e+00 -3.969047e-15 -6.217249e-15
4.029888e-01 5.250000499512e+00 4.231382e+00 1.018618e+00 -3.996803e-15 -6.328271e-15
4.013331e-01 5.250000543042e+00 4.213997e+00 1.036003e+00 -4.579670e-15 -7.605028e-15
3.996651e-01 5.250000587859e+00 4.196484e+00 1.053517e+00 -2.747802e-15 -8.715251e-15
3.979851e-01 5.250000633972e+00 4.178844e+00 1.071157e+00 -4.274359e-15 -9.769963e-15
3.962931e-01 5.250000681387e+00 4.161078e+00 1.088923e+00 -3.913536e-15 -7.549517e-15
3.945892e-01 5.250000730110e+00 4.143187e+00 1.106814e+00 -4.718448e-15 -8.604228e-15
3.928735e-01 5.250000780149e+00 4.125172e+00 1.124829e+00 -2.914335e-15 -9.658940e-15
3.911461e-01 5.250000831507e+00 4.107034e+00 1.142967e+00 -4.829470e-15 -8.881784e-15
3.894071e-01 5.250000884190e+00 4.088774e+00 1.161227e+00 -3.774758e-15 -6.383782e-15
3.876566e-01 5.250000938201e+00 4.070394e+00 1.179607e+00 -4.080070e-15 -1.154632e-14
3.858947e-01 5.250000993545e+00 4.051894e+00 1.198107e+00 -5.995204e-15 -7.660539e-15
3.841215e-01 5.250001050223e+00 4.033276e+00 1.216725e+00 -3.996803e-15 -6.106227e-15
3.823371e-01 5.250001108238e+00 4.014540e+00 1.235461e+00 -2.858824e-15 -7.605028e-15
3.805417e-01 5.250001167591e+00 3.995688e+00 1.254313e+00 -2.997602e-15 -8.659740e-15
3.787354e-01 5.250001228284e+00 3.976721e+00 1.273280e+00 -2.803313e-15 -8.659740e-15
3.769182e-01 5.250001290316e+00 3.957641e+00 1.292361e+00 -3.941292e-15 -5.773160e-15
3.750902e-01 5.250001353686e+00 3.938448e+00 1.311554e+00 -4.579670e-15 -8.271162e-15
3.732517e-01 5.250001418394e+00 3.919143e+00 1.330858e+00 -3.552714e-15 -8.271162e-15
3.714028e-01 5.250001484438e+00 3.899729e+00 1.350272e+00 -3.330669e-15 -5.606626e-15
3.695435e-01 5.250001551814e+00 3.880206e+00 1.369795e+00 -2.525757e-15 -9.381385e-15
3.676739e-01 5.250001620521e+00 3.860576e+00 1.389425e+00 -3.941292e-15 -7.105427e-15
3.657943e-01 5.250001690553e+00 3.840840e+00 1.409162e+00 -4.052314e-15 -1.032507e-14
3.639047e-01 5.250001761907e+00 3.820999e+00 1.429003e+00 -3.025358e-15 -9.214851e-15
3.620053e-01 5.250001834576e+00 3.801055e+00 1.448947e+00 -3.747003e-15 -7.549517e-15
3.600961e-01 5.250001908555e+00 3.781009e+00 1.468993e+00 -2.275957e-15 -8.271162e-15
3.581774e-01 5.250001983838e+00 3.760863e+00 1.489139e+00 -2.498002e-15 -7.438494e-15
3.562493e-01 5.250002060417e+00 3.740618e+00 1.509384e+00 -2.831069e-15 -7.660539e-15
3.543119e-01 5.250002138284e+00 3.720275e+00 1.529727e+00 -3.302913e-15 -1.043610e-14
3.523654e-01 5.250002217430e+00 3.699836e+00 1.550166e+00 -2.026157e-15 -6.161738e-15
3.504098e-01 5.250002297845e+00 3.679303e+00 1.570699e+00 -4.052314e-15 -6.938894e-15
3.484454e-01 5.250002379521e+00 3.658677e+00 1.591326e+00 -2.303713e-15 -8.104628e-15
3.464723e-01 5.250002462446e+00 3.637959e+00 1.612044e+00 -4.135581e-15 -9.547918e-15
3.444906e-01 5.250002546608e+00 3.617151e+00 1.632851e+00 -3.025358e-15 -6.439294e-15
3.425005e-01 5.250002631997e+00 3.596255e+00 1.653747e+00 -3.858025e-15 -6.661338e-15
3.405022e-01 5.250002718598e+00 3.575273e+00 1.674730e+00 -4.829470e-15 -9.381385e-15
3.384957e-01 5.250002806400e+00 3.554205e+00 1.695798e+00 -3.635980e-15 -9.381385e-15
3.364813e-01 5.250002895387e+00 3.533054e+00 1.716949e+00 -4.191092e-15 -5.329071e-15
3.344591e-01 5.250002985546e+00 3.511820e+00 1.738183e+00 -2.248202e-15 -7.882583e-15
3.324293e-01 5.250003076861e+00 3.490507e+00 1.759496e+00 -2.775558e-15 -8.826273e-15
3.303919e-01 5.250003169317e+00 3.469115e+00 1.780888e+00 -2.942091e-15 -7.771561e-15
3.283473e-01 5.250003262896e+00 3.447647e+00 1.802356e+00 -3.996803e-15 -1.071365e-14
3.262956e-01 5.250003357584e+00 3.426103e+00 1.823900e+00 -4.468648e-15 -1.021405e-14
3.242368e-01 5.250003453361e+00 3.404487e+00 1.845517e+00 -3.885781e-15 -5.107026e-15
3.221713e-01 5.250003550210e+00 3.382798e+00 1.867205e+00 -4.773959e-15 -4.496403e-15
3.200991e-01 5.250003648112e+00 3.361040e+00 1.888964e+00 -3.080869e-15 -7.716050e-15
3.180204e-01 5.250003747049e+00 3.339214e+00 1.910790e+00 -3.969047e-15 -5.107026e-15
3.159354e-01 5.250003847000e+00 3.317321e+00 1.932682e+00 -3.913536e-15 -8.104628e-15
3.138443e-01 5.250003947946e+00 3.295365e+00 1.954639e+00 -4.163336e-15 -6.272760e-15
3.117472e-01 5.250004049865e+00 3.273345e+00 1.976659e+00 -3.330669e-15 -6.883383e-15
3.096443e-01 5.250004152738e+00 3.251265e+00 1.998739e+00 -3.830269e-15 -7.160939e-15
3.075359e-01 5.250004256542e+00 3.229126e+00 2.020878e+00 -3.941292e-15 -6.661338e-15
3.054220e-01 5.250004361256e+00 3.206931e+00 2.043074e+00 -3.802514e-15 -5.995204e-15
3.033028e-01 5.250004466857e+00 3.184680e+00 2.065325e+00 -4.440892e-15 -9.103829e-15
3.011786e-01 5.250004573323e+00 3.162375e+00 2.087629e+00 -3.275158e-15 -6.883383e-15
2.990495e-01 5.250004680630e+00 3.140020e+00 2.109985e+00 -4.662937e-15 -6.994405e-15
2.969157e-01 5.250004788755e+00 3.117615e+00 2.132390e+00 -4.718448e-15 -6.661338e-15
2.947774e-01 5.250004897675e+00 3.095163e+00 2.154842e+00 -3.719247e-15 -9.381385e-15
2.926348e-01 5.250005007364e+00 3.072665e+00 2.177340e+00 -3.469447e-15 -9.992007e-15
2.904880e-01 5.250005117799e+00 3.050124e+00 2.199881e+00 -4.496403e-15 -1.043610e-14
2.883372e-01 5.250005228955e+00 3.027541e+00 2.222464e+00 -3.108624e-15 -1.054712e-14
2.861827e-01 5.250005340806e+00 3.004918e+00 2.245087e+00 -4.274359e-15 -9.714451e-15
2.840246e-01 5.250005453328e+00 2.982258e+00 2.267747e+00 -4.274359e-15 -1.210143e-14
2.818631e-01 5.250005566495e+00 2.959563e+00 2.290443e+00 -3.996803e-15 -5.551115e-15
2.796984e-01 5.250005680282e+00 2.936833e+00 2.313172e+00 -2.636780e-15 -9.769963e-15
2.775307e-01 5.250005794662e+00 2.914072e+00 2.335933e+00 -3.497203e-15 -5.551115e-15
2.753602e-01 5.250005909610e+00 2.891282e+00 2.358724e+00 -3.802514e-15 -5.218048e-15
2.731870e-01 5.250006025099e+00 2.868464e+00 2.381542e+00 -2.886580e-15 -9.880985e-15
2.710115e-01 5.250006141103e+00 2.845620e+00 2.404386e+00 -2.914335e-15 -9.936496e-15
2.688336e-01 5.250006257596e+00 2.822753e+00 2.427253e+00 -1.471046e-15 -7.605028e-15
2.666538e-01 5.250006374550e+00 2.799865e+00 2.450142e+00 -4.413137e-15 -1.010303e-14
2.644721e-01 5.250006491940e+00 2.776957e+00 2.473049e+00 -2.442491e-15 -8.493206e-15
2.622888e-01 5.250006609739e+00 2.754032e+00 2.495975e+00 -3.247402e-15 -6.827872e-15
2.601040e-01 5.250006727920e+00 2.731092e+00 2.518915e+00 -3.941292e-15 -5.273559e-15
2.579179e-01 5.250006846457e+00 2.708138e+00 2.541869e+00 -3.025358e-15 -5.273559e-15
2.557308e-01 5.250006965322e+00 2.685173e+00 2.564834e+00 -4.080070e-15 -8.382184e-15
2.535428e-01 5.250007084490e+00 2.662200e+00 2.587807e+00 -3.025358e-15 -9.547918e-15
2.513542e-01 5.250007203933e+00 2.639219e+00 2.610788e+00 -4.052314e-15 -1.010303e-14
2.491651e-01 5.250007323625e+00 2.616234e+00 2.633773e+00 -4.080070e-15 -6.938894e-15
2.469758e-01 5.250007443540e+00 2.593246e+00 2.656762e+00 -3.108624e-15 -1.054712e-14
2.447864e-01 5.250007563651e+00 2.570257e+00 2.679751e+00 -3.386180e-15 -8.049117e-15
2.425971e-01 5.250007683932e+00 2.547269e+00 2.702738e+00 -3.635980e-15 -5.662137e-15
2.404081e-01 5.250007804358e+00 2.524286e+00 2.725722e+00 -3.552714e-15 -5.884182e-15
2.382197e-01 5.250007924902e+00 2.501307e+00 2.748701e+00 -4.246603e-15 -6.550316e-15
2.360321e-01 5.250008045538e+00 2.478337e+00 2.771671e+00 -3.136380e-15 -7.827072e-15
2.338453e-01 5.250008166241e+00 2.455376e+00 2.794632e+00 -3.663736e-15 -7.049916e-15
2.316597e-01 5.250008286986e+00 2.432427e+00 2.817581e+00 -3.552714e-15 -8.659740e-15
2.294754e-01 5.250008407748e+00 2.409492e+00 2.840517e+00 -4.302114e-15 -8.992806e-15
2.272927e-01 5.250008528502e+00 2.386573e+00 2.863436e+00 -3.830269e-15 -6.994405e-15
2.251116e-01 5.250008649223e+00 2.363672e+00 2.886336e+00 -3.802514e-15 -5.773160e-15
2.229326e-01 5.250008769886e+00 2.340792e+00 2.909217e+00 -3.802514e-15 -1.010303e-14
2.207556e-01 5.250008890469e+00 2.317934e+00 2.932075e+00 -3.108624e-15 -9.714451e-15
2.185810e-01 5.250009010948e+00 2.295100e+00 2.954909e+00 -4.468648e-15 -9.658940e-15
2.164088e-01 5.250009131298e+00 2.272293e+00 2.977716e+00 -3.025358e-15 -6.550316e-15
2.142394e-01 5.250009251497e+00 2.249514e+00 3.000495e+00 -2.886580e-15 -9.992007e-15
2.120730e-01 5.250009371523e+00 2.226766e+00 3.023243e+00 -2.137179e-15 -1.093570e-14
2.099096e-01 5.250009491352e+00 2.204051e+00 3.045959e+00 -2.747802e-15 -5.107026e-15
2.077496e-01 5.250009610964e+00 2.181370e+00 3.068639e+00 -2.775558e-15 -9.270362e-15
2.055930e-01 5.250009730335e+00 2.158727e+00 3.091283e+00 -2.747802e-15 -9.936496e-15
2.034402e-01 5.250009849446e+00 2.136122e+00 3.113888e+00 -2.914335e-15 -1.165734e-14
2.012913e-01 5.250009968276e+00 2.113558e+00 3.136452e+00 -3.830269e-15 -1.265654e-14
1.991464e-01 5.250010086803e+00 2.091038e+00 3.158972e+00 -4.080070e-15 -1.265654e-14
1.970059e-01 5.250010205008e+00 2.068562e+00 3.181448e+00 -3.080869e-15 -1.187939e-14
1.948698e-01 5.250010322872e+00 2.046133e+00 3.203877e+00 -2.720046e-15 -1.132427e-14
1.927385e-01 5.250010440375e+00 2.023754e+00 3.226257e+00 -3.580469e-15 -7.882583e-15
1.906119e-01 5.250010557499e+00 2.001425e+00 3.248585e+00 -2.803313e-15 -1.187939e-14
1.884905e-01 5.250010674226e+00 1.979150e+00 3.270861e+00 -3.608225e-15 -1.276756e-14
1.863743e-01 5.250010790537e+00 1.956930e+00 3.293081e+00 -3.552714e-15 -1.043610e-14
1.842635e-01 5.250010906416e+00 1.934767e+00 3.315244e+00 -2.636780e-15 -1.110223e-14
1.821584e-01 5.250011021845e+00 1.912663e+00 3.337348e+00 -3.247402e-15 -5.107026e-15
1.800591e-01 5.250011136809e+00 1.890620e+00 3.359391e+00 -3.996803e-15 -8.881784e-15
1.779657e-01 5.250011251291e+00 1.868640e+00 3.381371e+00 -2.831069e-15 -8.326673e-15
1.758786e-01 5.250011365276e+00 1.846726e+00 3.403286e+00 -2.581269e-15 -7.771561e-15
1.737979e-01 5.250011478749e+00 1.824878e+00 3.425134e+00 -3.164136e-15 -5.662137e-15
1.717237e-01 5.250011591695e+00 1.803099e+00 3.446913e+00 -3.358425e-15 -9.214851e-15
1.696563e-01 5.250011704102e+00 1.781391e+00 3.468621e+00 -2.609024e-15 -6.217249e-15
1.675958e-01 5.250011815954e+00 1.759756e+00 3.490256e+00 -1.942890e-15 -5.551115e-15
1.655424e-01 5.250011927240e+00 1.738195e+00 3.511817e+00 -2.359224e-15 -1.176836e-14
1.634963e-01 5.250012037947e+00 1.716711e+00 3.533301e+00 -3.191891e-15 -1.143530e-14
1.614577e-01 5.250012148063e+00 1.695306e+00 3.554706e+00 -3.164136e-15 -9.769963e-15
1.594267e-01 5.250012257576e+00 1.673981e+00 3.576032e+00 -3.497203e-15 -6.217249e-15
1.574036e-01 5.250012366475e+00 1.652738e+00 3.597275e+00 -2.858824e-15 -8.770762e-15
1.553885e-01 5.250012474750e+00 1.631579e+00 3.618433e+00 -3.608225e-15 -7.993606e-15
1.533816e-01 5.250012582390e+00 1.610506e+00 3.639506e+00 -2.498002e-15 -6.661338e-15
1.513830e-01 5.250012689387e+00 1.589521e+00 3.660491e+00 -3.802514e-15 -7.549517e-15
1.493930e-01 5.250012795731e+00 1.568626e+00 3.681387e+00 -3.469447e-15 -6.106227e-15
1.474116e-01 5.250012901413e+00 1.547822e+00 3.702191e+00 -2.747802e-15 -3.996803e-15
1.454392e-01 5.250013006425e+00 1.527112e+00 3.722901e+00 -2.692291e-15 -4.662937e-15
1.434758e-01 5.250013110761e+00 1.506496e+00 3.743517e+00 -2.553513e-15 -2.553513e-15
1.415216e-01 5.250013214411e+00 1.485977e+00 3.764036e+00 -3.469447e-15 -5.662137e-15
1.395769e-01 5.250013317370e+00 1.465557e+00 3.784456e+00 -1.984524e-15 -8.437695e-15
1.376416e-01 5.250013419632e+00 1.445237e+00 3.804776e+00 -2.137179e-15 -5.773160e-15
1.357161e-01 5.250013521190e+00 1.425019e+00 3.824994e+00 -3.219647e-15 -3.774758e-15
1.338005e-01 5.250013622039e+00 1.404906e+00 3.845108e+00 -3.400058e-15 -2.109424e-15
1.318950e-01 5.250013722174e+00 1.384897e+00 3.865117e+00 -3.802514e-15 -2.886580e-15
1.299996e-01 5.250013821591e+00 1.364996e+00 3.885018e+00 -3.066991e-15 -6.217249e-15
1.281147e-01 5.250013920285e+00 1.345204e+00 3.904810e+00 -2.525757e-15 -9.992007e-15
1.262402e-01 5.250014018253e+00 1.325523e+00 3.924491e+00 -2.539635e-15 -1.076916e-14
1.243765e-01 5.250014115491e+00 1.305953e+00 3.944061e+00 -2.581269e-15 -8.992806e-15
1.225236e-01 5.250014211997e+00 1.286498e+00 3.963516e+00 -2.400857e-15 -8.548717e-15
1.206818e-01 5.250014307767e+00 1.267159e+00 3.982856e+00 -3.608225e-15 -2.553513e-15
1.188511e-01 5.250014402800e+00 1.247936e+00 4.002078e+00 -1.998401e-15 -8.659740e-15
1.170317e-01 5.250014497095e+00 1.228833e+00 4.021182e+00 -2.567391e-15 -6.661338e-15
1.152238e-01 5.250014590648e+00 1.209850e+00 4.040165e+00 -2.831069e-15 -4.773959e-15
1.134275e-01 5.250014683460e+00 1.190989e+00 4.059026e+00 -2.095546e-15 -1.165734e-14
1.116430e-01 5.250014775530e+00 1.172252e+00 4.077763e+00 -3.677614e-15 -8.326673e-15
1.098705e-01 5.250014866857e+00 1.153640e+00 4.096375e+00 -3.552714e-15 -8.437695e-15
1.081100e-01 5.250014957441e+00 1.135155e+00 4.114860e+00 -3.441691e-15 -5.218048e-15
1.063617e-01 5.250015047283e+00 1.116798e+00 4.133217e+00 -3.566591e-15 -8.104628e-15
1.046258e-01 5.250015136382e+00 1.098571e+00 4.151444e+00 -2.747802e-15 -4.440892e-15
1.029024e-01 5.250015224741e+00 1.080476e+00 4.169540e+00 -2.942091e-15 -3.441691e-15
1.011917e-01 5.250015312359e+00 1.062513e+00 4.187502e+00 -2.747802e-15 -1.554312e-15
9.949377e-02 5.250015399238e+00 1.044685e+00 4.205331e+00 -3.552714e-15 -1.665335e-15
9.780878e-02 5.250015485381e+00 1.026992e+00 4.223023e+00 -4.135581e-15 -8.659740e-15
9.613687e-02 5.250015570788e+00 1.009437e+00 4.240578e+00 -2.359224e-15 -5.662137e-15
9.447818e-02 5.250015655462e+00 9.920209e-01 4.257995e+00 -3.080869e-15 -1.998401e-15
9.283285e-02 5.250015739406e+00 9.747449e-01 4.275271e+00 -3.247402e-15 -9.103829e-15
9.120101e-02 5.250015822622e+00 9.576106e-01 4.292405e+00 -2.997602e-15 -5.995204e-15
8.958280e-02 5.250015905112e+00 9.406194e-01 4.309396e+00 -2.609024e-15 -1.376677e-14
8.797835e-02 5.250015986880e+00 9.237727e-01 4.326243e+00 -3.802514e-15 -1.076916e-14
8.638780e-02 5.250016067929e+00 9.070719e-01 4.342944e+00 -2.844947e-15 -1.099121e-14
8.481128e-02 5.250016148262e+00 8.905184e-01 4.359498e+00 -4.329870e-15 -8.659740e-15
8.324891e-02 5.250016227883e+00 8.741135e-01 4.375903e+00 -3.358425e-15 -4.551914e-15
8.170083e-02 5.250016306796e+00 8.578587e-01 4.392158e+00 -3.844147e-15 -2.775558e-15
8.016716e-02 5.250016385004e+00 8.417552e-01 4.408261e+00 -2.178813e-15 -2.775558e-15
7.864804e-02 5.250016462512e+00 8.258044e-01 4.424212e+00 -3.066991e-15 -1.609823e-14
7.714359e-02 5.250016539324e+00 8.100076e-01 4.440009e+00 -3.066991e-15 -1.132427e-14
7.565392e-02 5.250016615443e+00 7.943662e-01 4.455650e+00 -2.803313e-15 -1.010303e-14
7.417918e-02 5.250016690875e+00 7.788814e-01 4.471135e+00 -2.470246e-15 -4.551914e-15
7.271948e-02 5.250016765624e+00 7.635545e-01 4.486462e+00 -3.372302e-15 -9.880985e-15
7.127493e-02 5.250016839695e+00 7.483868e-01 4.501630e+00 -3.233525e-15 -6.661338e-15
6.984567e-02 5.250016913092e+00 7.333795e-01 4.516637e+00 -2.636780e-15 -8.326673e-15
6.843181e-02 5.250016985820e+00 7.185340e-01 4.531483e+00 -3.802514e-15 -6.883383e-15
6.703347e-02 5.250017057884e+00 7.038514e-01 4.546166e+00 -2.886580e-15 -1.443290e-15
6.565076e-02 5.250017129289e+00 6.893330e-01 4.560684e+00 -3.344547e-15 -9.214851e-15
6.428381e-02 5.250017200041e+00 6.749800e-01 4.575037e+00 -3.302913e-15 -8.326673e-15
6.293272e-02 5.250017270144e+00 6.607936e-01 4.589224e+00 -3.205769e-15 -4.884981e-15
6.159762e-02 5.250017339603e+00 6.467750e-01 4.603242e+00 -3.400058e-15 -8.659740e-15
6.027861e-02 5.250017408425e+00 6.329254e-01 4.617092e+00 -3.344547e-15 -9.769963e-15
5.897581e-02 5.250017476614e+00 6.192460e-01 4.630772e+00 -3.025358e-15 -4.884981e-15
5.768932e-02 5.250017544175e+00 6.057379e-01 4.644280e+00 -2.872702e-15 -1.121325e-14
5.641926e-02 5.250017611115e+00 5.924022e-01 4.657615e+00 -2.789435e-15 -8.215650e-15
5.516574e-02 5.250017677439e+00 5.792402e-01 4.670777e+00 -3.261280e-15 -1.276756e-14
5.392886e-02 5.250017743152e+00 5.662530e-01 4.683765e+00 -3.205769e-15 -1.088019e-14
5.270873e-02 5.250017808260e+00 5.534417e-01 4.696576e+00 -2.775558e-15 -1.554312e-14
5.150546e-02 5.250017872769e+00 5.408073e-01 4.709211e+00 -3.316791e-15 -8.215650e-15
5.031915e-02 5.250017936684e+00 5.283511e-01 4.721667e+00 -2.678413e-15 -9.658940e-15
4.914990e-02 5.250018000011e+00 5.160740e-01 4.733944e+00 -3.344547e-15 -1.321165e-14
4.799783e-02 5.250018062756e+00 5.039772e-01 4.746041e+00 -3.330669e-15 -1.432188e-14
4.686302e-02 5.250018124924e+00 4.920618e-01 4.757956e+00 -3.025358e-15 -7.660539e-15
4.574559e-02 5.250018186522e+00 4.803287e-01 4.769689e+00 -3.497203e-15 -4.884981e-15
4.464563e-02 5.250018247556e+00 4.687791e-01 4.781239e+00 -3.150258e-15 -1.232348e-14
4.356324e-02 5.250018308031e+00 4.574140e-01 4.792604e+00 -3.094747e-15 -7.105427e-15
4.249852e-02 5.250018367953e+00 4.462345e-01 4.803784e+00 -3.136380e-15 -3.663736e-15
4.145157e-02 5.250018427328e+00 4.352415e-01 4.814777e+00 -2.844947e-15 -1.076916e-14
4.042249e-02 5.250018486163e+00 4.244361e-01 4.825582e+00 -3.275158e-15 -1.509903e-14
3.941136e-02 5.250018544462e+00 4.138193e-01 4.836199e+00 -3.025358e-15 -1.187939e-14
3.841828e-02 5.250018602232e+00 4.033920e-01 4.846627e+00 -2.609024e-15 -9.880985e-15
3.744336e-02 5.250018659479e+00 3.931553e-01 4.856863e+00 -2.706169e-15 -1.099121e-14
3.648668e-02 5.250018716209e+00 3.831101e-01 4.866909e+00 -2.803313e-15 -6.883383e-15
3.554833e-02 5.250018772427e+00 3.732575e-01 4.876761e+00 -3.094747e-15 -1.310063e-14
3.462841e-02 5.250018828140e+00 3.635983e-01 4.886421e+00 -2.831069e-15 -9.214851e-15
3.372700e-02 5.250018883352e+00 3.541335e-01 4.895885e+00 -2.858824e-15 -1.032507e-14
3.284420e-02 5.250018938071e+00 3.448641e-01 4.905155e+00 -2.858824e-15 -1.076916e-14
3.198010e-02 5.250018992300e+00 3.357910e-01 4.914228e+00 -2.761680e-15 -1.076916e-14
3.113478e-02 5.250019046047e+00 3.269151e-01 4.923104e+00 -3.275158e-15 -8.104628e-15
3.030832e-02 5.250019099315e+00 3.182374e-01 4.931782e+00 -3.275158e-15 -6.328271e-15
2.950083e-02 5.250019152110e+00 3.097587e-01 4.940260e+00 -2.928213e-15 -6.772360e-15
2.871238e-02 5.250019204437e+00 3.014800e-01 4.948539e+00 -3.240463e-15 -1.254552e-14
2.794306e-02 5.250019256302e+00 2.934021e-01 4.956617e+00 -2.824130e-15 -5.884182e-15
2.719295e-02 5.250019307707e+00 2.855260e-01 4.964493e+00 -2.865763e-15 -9.992007e-15
2.646214e-02 5.250019358658e+00 2.778525e-01 4.972167e+00 -2.969847e-15 -1.409983e-14
2.575071e-02 5.250019409158e+00 2.703824e-01 4.979637e+00 -2.976785e-15 -1.221245e-14
2.505873e-02 5.250019459212e+00 2.631167e-01 4.986903e+00 -3.025358e-15 -1.054712e-14
2.438631e-02 5.250019508821e+00 2.560562e-01 4.993963e+00 -3.212708e-15 -1.243450e-14
2.373350e-02 5.250019557990e+00 2.492017e-01 5.000818e+00 -2.907397e-15 -1.365574e-14
2.310040e-02 5.250019606719e+00 2.425542e-01 5.007465e+00 -2.983724e-15 -7.660539e-15
2.248708e-02 5.250019655012e+00 2.361143e-01 5.013905e+00 -2.872702e-15 -1.387779e-14
2.189362e-02 5.250019702868e+00 2.298830e-01 5.020137e+00 -3.053113e-15 -9.547918e-15
2.132010e-02 5.250019750290e+00 2.238610e-01 5.026159e+00 -3.025358e-15 -1.443290e-14
2.076659e-02 5.250019797275e+00 2.180492e-01 5.031971e+00 -3.143319e-15 -1.032507e-14
2.023318e-02 5.250019843825e+00 2.124483e-01 5.037572e+00 -2.990663e-15 -8.659740e-15
1.971993e-02 5.250019889937e+00 2.070592e-01 5.042961e+00 -3.205769e-15 -1.143530e-14
1.922692e-02 5.250019935608e+00 2.018827e-01 5.048137e+00 -3.413936e-15 -1.176836e-14
1.875423e-02 5.250019980836e+00 1.969195e-01 5.053101e+00 -3.025358e-15 -1.443290e-14
1.830193e-02 5.250020025615e+00 1.921703e-01 5.057850e+00 -2.803313e-15 -1.099121e-14
1.787010e-02 5.250020069941e+00 1.876360e-01 5.062384e+00 -3.087808e-15 -1.099121e-14
1.745879e-02 5.250020113808e+00 1.833173e-01 5.066703e+00 -3.337608e-15 -1.176836e-14
1.706809e-02 5.250020157207e+00 1.792150e-01 5.070805e+00 -3.302913e-15 -9.658940e-15
1.669807e-02 5.250020200130e+00 1.753297e-01 5.074690e+00 -3.365364e-15 -1.243450e-14
1.634879e-02 5.250020242566e+00 1.716623e-01 5.078358e+00 -3.143319e-15 -1.065814e-14
1.602032e-02 5.250020284505e+00 1.682134e-01 5.081807e+00 -3.046174e-15 -1.265654e-14
1.571274e-02 5.250020325934e+00 1.649837e-01 5.085037e+00 -3.115563e-15 -1.176836e-14
1.542610e-02 5.250020366838e+00 1.619740e-01 5.088046e+00 -3.198830e-15 -1.110223e-14
1.516048e-02 5.250020407201e+00 1.591850e-01 5.090835e+00 -3.032297e-15 -1.310063e-14
1.491593e-02 5.250020447007e+00 1.566173e-01 5.093403e+00 -3.087808e-15 -9.325873e-15
1.469253e-02 5.250020486236e+00 1.542716e-01 5.095749e+00 -3.039236e-15 -7.771561e-15
1.449034e-02 5.250020524867e+00 1.521486e-01 5.097872e+00 -3.032297e-15 -6.994405e-15
1.430941e-02 5.250020562879e+00 1.502488e-01 5.099772e+00 -3.039236e-15 -1.598721e-14
1.414982e-02 5.250020600247e+00 1.485731e-01 5.101447e+00 -3.080869e-15 -9.992007e-15
1.401162e-02 5.250020636946e+00 1.471220e-01 5.102899e+00 -2.983724e-15 -1.565414e-14
1.389487e-02 5.250020672947e+00 1.458961e-01 5.104125e+00 -2.949030e-15 -1.143530e-14
1.379962e-02 5.250020708221e+00 1.448961e-01 5.105125e+00 -3.011480e-15 -8.215650e-15
1.372595e-02 5.250020742737e+00 1.441224e-01 5.105898e+00 -2.969847e-15 -6.328271e-15
1.367389e-02 5.250020776462e+00 1.435758e-01 5.106445e+00 -2.785966e-15 -1.387779e-14
1.364351e-02 5.250020809360e+00 1.432568e-01 5.106764e+00 -2.980255e-15 -6.550316e-15
1.363486e-02 5.250020841395e+00 1.431660e-01 5.106855e+00 -2.935152e-15 -6.661338e-15
1.364798e-02 5.250020872528e+00 1.433038e-01 5.106717e+00 -2.928213e-15 -1.287859e-14
1.368294e-02 5.250020902717e+00 1.436709e-01 5.106350e+00 -3.001072e-15 -7.327472e-15
1.373978e-02 5.250020931921e+00 1.442677e-01 5.105753e+00 -2.917805e-15 -1.332268e-14
1.381854e-02 5.250020960095e+00 1.450947e-01 5.104926e+00 -2.890049e-15 -1.088019e-14
1.391928e-02 5.250020987193e+00 1.461524e-01 5.103869e+00 -3.032297e-15 -1.232348e-14
1.404203e-02 5.250021013167e+00 1.474413e-01 5.102580e+00 -2.879641e-15 -9.103829e-15
1.418684e-02 5.250021037969e+00 1.489618e-01 5.101059e+00 -2.980255e-15 -1.376677e-14
1.435375e-02 5.250021061547e+00 1.507143e-01 5.099307e+00 -3.021888e-15 -4.884981e-15
1.454279e-02 5.250021083849e+00 1.526993e-01 5.097322e+00 -3.032297e-15 -6.328271e-15
1.475401e-02 5.250021104821e+00 1.549171e-01 5.095104e+00 -2.962908e-15 -9.880985e-15
1.498743e-02 5.250021124409e+00 1.573680e-01 5.092653e+00 -3.070461e-15 -1.065814e-14
1.524309e-02 5.250021142556e+00 1.600524e-01 5.089969e+00 -3.129441e-15 -1.387779e-14
1.552102e-02 5.250021159205e+00 1.629707e-01 5.087050e+00 -3.013215e-15 -1.287859e-14
1.582125e-02 5.250021174298e+00 1.661231e-01 5.083898e+00 -2.942091e-15 -1.121325e-14
1.614379e-02 5.250021187777e+00 1.695098e-01 5.080511e+00 -2.917805e-15 -6.328271e-15
1.648868e-02 5.250021199582e+00 1.731312e-01 5.076890e+00 -3.079134e-15 -1.498801e-14
1.685594e-02 5.250021209653e+00 1.769873e-01 5.073034e+00 -3.009745e-15 -9.992007e-15
1.724557e-02 5.250021217929e+00 1.810785e-01 5.068943e+00 -3.096481e-15 -9.769963e-15
1.765760e-02 5.250021224352e+00 1.854048e-01 5.064616e+00 -3.191891e-15 -3.996803e-15
1.809204e-02 5.250021228860e+00 1.899664e-01 5.060055e+00 -2.921274e-15 -7.771561e-15
1.854889e-02 5.250021231393e+00 1.947633e-01 5.055258e+00 -2.836273e-15 -7.438494e-15
1.902816e-02 5.250021231892e+00 1.997957e-01 5.050226e+00 -3.016684e-15 -1.287859e-14
1.952985e-02 5.250021230298e+00 2.050635e-01 5.044958e+00 -2.815456e-15 -1.021405e-14
2.005397e-02 5.250021226553e+00 2.105667e-01 5.039455e+00 -2.953367e-15 -1.265654e-14
2.060051e-02 5.250021220600e+00 2.163053e-01 5.033716e+00 -2.905662e-15 -8.992806e-15
2.116945e-02 5.250021212382e+00 2.222792e-01 5.027742e+00 -2.943826e-15 -1.509903e-14
2.176079e-02 5.250021201845e+00 2.284883e-01 5.021533e+00 -2.803313e-15 -8.437695e-15
2.237452e-02 5.250021188936e+00 2.349325e-01 5.015089e+00 -2.940356e-15 -1.354472e-14
2.301062e-02 5.250021173604e+00 2.416115e-01 5.008410e+00 -3.008011e-15 -9.547918e-15
2.366906e-02 5.250021155799e+00 2.485251e-01 5.001496e+00 -2.844513e-15 -1.010303e-14
2.434982e-02 5.250021135476e+00 2.556731e-01 4.994348e+00 -2.900241e-15 -1.343370e-14
2.505286e-02 5.250021112588e+00 2.630551e-01 4.986966e+00 -2.811119e-15 -1.165734e-14
2.577817e-02 5.250021087094e+00 2.706708e-01 4.979350e+00 -2.986326e-15 -1.021405e-14
2.652569e-02 5.250021058954e+00 2.785197e-01 4.971501e+00 -3.002373e-15 -1.099121e-14
2.729539e-02 5.250021028132e+00 2.866016e-01 4.963419e+00 -3.456437e-15 -1.343370e-14
2.808722e-02 5.250020994595e+00 2.949158e-01 4.955105e+00 -2.877473e-15 -1.165734e-14
2.890113e-02 5.250020958312e+00 3.034618e-01 4.946559e+00 -3.282097e-15 -1.099121e-14
2.973706e-02 5.250020919256e+00 3.122391e-01 4.937782e+00 -2.978520e-15 -1.687539e-14
3.059497e-02 5.250020877404e+00 3.212471e-01 4.928774e+00 -3.513682e-15 -1.298961e-14
3.147478e-02 5.250020832736e+00 3.304852e-01 4.919536e+00 -3.146788e-15 -1.587619e-14
3.237643e-02 5.250020785235e+00 3.399525e-01 4.910068e+00 -3.199697e-15 -8.659740e-15
3.329984e-02 5.250020734890e+00 3.496484e-01 4.900372e+00 -3.028827e-15 -1.032507e-14
3.424495e-02 5.250020681691e+00 3.595720e-01 4.890449e+00 -3.228320e-15 -7.105427e-15
3.521168e-02 5.250020625634e+00 3.697226e-01 4.880298e+00 -3.308118e-15 -1.809664e-14
3.619993e-02 5.250020566718e+00 3.800992e-01 4.869921e+00 -3.459039e-15 -1.010303e-14
3.720962e-02 5.250020504947e+00 3.907010e-01 4.859320e+00 -2.822395e-15 -9.325873e-15
3.824065e-02 5.250020440326e+00 4.015269e-01 4.848494e+00 -3.250872e-15 -1.532108e-14
3.929294e-02 5.250020372869e+00 4.125759e-01 4.837444e+00 -3.243933e-15 -8.215650e-15
4.036637e-02 5.250020302588e+00 4.238469e-01 4.826173e+00 -3.027092e-15 -1.765255e-14
4.146085e-02 5.250020229504e+00 4.353389e-01 4.814681e+00 -2.877906e-15 -1.509903e-14
4.257625e-02 5.250020153640e+00 4.470507e-01 4.802969e+00 -3.264750e-15 -1.798561e-14
4.371248e-02 5.250020075021e+00 4.589810e-01 4.791039e+00 -3.233525e-15 -1.598721e-14
4.486939e-02 5.250019993679e+00 4.711286e-01 4.778891e+00 -2.949030e-15 -1.743050e-14
4.604689e-02 5.250019909647e+00 4.834923e-01 4.766528e+00 -3.039236e-15 -1.854072e-14
4.724483e-02 5.250019822962e+00 4.960707e-01 4.753949e+00 -3.136380e-15 -1.498801e-14
4.846309e-02 5.250019733665e+00 5.088624e-01 4.741157e+00 -3.098216e-15 -9.214851e-15
4.970152e-02 5.250019641799e+00 5.218660e-01 4.728154e+00 -3.309852e-15 -1.709743e-14
5.096000e-02 5.250019547413e+00 5.350801e-01 4.714939e+00 -2.820660e-15 -1.543210e-14
5.223838e-02 5.250019450555e+00 5.485030e-01 4.701516e+00 -3.323730e-15 -1.387779e-14
5.353651e-02 5.250019351278e+00 5.621334e-01 4.687886e+00 -2.924744e-15 -1.099121e-14
5.485425e-02 5.250019249637e+00 5.759696e-01 4.674050e+00 -3.445161e-15 -1.487699e-14
5.619142e-02 5.250019145688e+00 5.900100e-01 4.660009e+00 -3.202300e-15 -1.754152e-14
5.754789e-02 5.250019039492e+00 6.042529e-01 4.645766e+00 -3.039236e-15 -1.743050e-14
5.892349e-02 5.250018931108e+00 6.186966e-01 4.631322e+00 -3.150258e-15 -1.598721e-14
6.031805e-02 5.250018820600e+00 6.333395e-01 4.616679e+00 -3.518019e-15 -9.436896e-15
6.173140e-02 5.250018708032e+00 6.481797e-01 4.601839e+00 -3.320261e-15 -1.554312e-14
6.316338e-02 5.250018593468e+00 6.632155e-01 4.586803e+00 -3.611694e-15 -1.121325e-14
6.461380e-02 5.250018476976e+00 6.784449e-01 4.571574e+00 -3.365364e-15 -1.321165e-14
6.608250e-02 5.250018358621e+00 6.938663e-01 4.556152e+00 -3.309852e-15 -1.387779e-14
6.756929e-02 5.250018238471e+00 7.094776e-01 4.540541e+00 -2.459838e-15 -9.992007e-15
6.907399e-02 5.250018116594e+00 7.252769e-01 4.524741e+00 -2.928213e-15 -1.032507e-14
7.059641e-02 5.250017993057e+00 7.412623e-01 4.508756e+00 -3.434752e-15 -1.321165e-14
7.213637e-02 5.250017867927e+00 7.574318e-01 4.492586e+00 -3.226586e-15 -1.432188e-14
7.369366e-02 5.250017741272e+00 7.737835e-01 4.476234e+00 -2.865763e-15 -1.521006e-14
7.526811e-02 5.250017613157e+00 7.903151e-01 4.459702e+00 -2.907397e-15 -1.576517e-14
7.685951e-02 5.250017483648e+00 8.070248e-01 4.442993e+00 -3.691492e-15 -1.043610e-14
7.846766e-02 5.250017352809e+00 8.239105e-01 4.426107e+00 -3.060052e-15 -1.787459e-14
8.009237e-02 5.250017220705e+00 8.409699e-01 4.409047e+00 -3.774758e-15 -1.165734e-14
8.173343e-02 5.250017087396e+00 8.582011e-01 4.391816e+00 -3.011480e-15 -1.554312e-14
8.339064e-02 5.250016952944e+00 8.756018e-01 4.374415e+00 -3.337608e-15 -1.676437e-14
8.506380e-02 5.250016817407e+00 8.931699e-01 4.356847e+00 -2.456368e-15 -9.547918e-15
8.675268e-02 5.250016680843e+00 9.109031e-01 4.339114e+00 -3.670675e-15 -1.276756e-14
8.845709e-02 5.250016543306e+00 9.287994e-01 4.321217e+00 -3.358425e-15 -9.103829e-15
9.017681e-02 5.250016404851e+00 9.468565e-01 4.303160e+00 -3.247402e-15 -1.665335e-14
9.191163e-02 5.250016265528e+00 9.650721e-01 4.284944e+00 -3.677614e-15 -1.154632e-14
9.366134e-02 5.250016125387e+00 9.834441e-01 4.266572e+00 -2.386980e-15 -9.325873e-15
9.542571e-02 5.250015984475e+00 1.001970e+00 4.248046e+00 -3.386180e-15 -1.110223e-14
9.720454e-02 5.250015842837e+00 1.020648e+00 4.229368e+00 -3.254341e-15 -1.609823e-14
9.899760e-02 5.250015700516e+00 1.039475e+00 4.210541e+00 -2.907397e-15 -1.509903e-14
1.008047e-01 5.250015557552e+00 1.058449e+00 4.191567e+00 -3.469447e-15 -1.809664e-14
1.026255e-01 5.250015413984e+00 1.077568e+00 4.172447e+00 -3.386180e-15 -1.421085e-14
1.044600e-01 5.250015269849e+00 1.096830e+00 4.153186e+00 -3.302913e-15 -1.099121e-14
1.063078e-01 5.250015125180e+00 1.116231e+00 4.133784e+00 -3.066991e-15 -1.532108e-14
1.081687e-01 5.250014980010e+00 1.135771e+00 4.114244e+00 -3.046174e-15 -1.876277e-14
1.100425e-01 5.250014834369e+00 1.155446e+00 4.094569e+00 -3.393119e-15 -1.798561e-14
1.119289e-01 5.250014688284e+00 1.175254e+00 4.074761e+00 -3.136380e-15 -1.143530e-14
1.138278e-01 5.250014541784e+00 1.195192e+00 4.054822e+00 -2.761680e-15 -1.265654e-14
1.157390e-01 5.250014394891e+00 1.215259e+00 4.034755e+00 -3.018419e-15 -1.121325e-14
1.176621e-01 5.250014247629e+00 1.235452e+00 4.014562e+00 -3.164136e-15 -1.687539e-14
1.195970e-01 5.250014100020e+00 1.255768e+00 3.994246e+00 -4.121703e-15 -1.654232e-14
1.215434e-01 5.250013952084e+00 1.276206e+00 3.973808e+00 -4.482525e-15 -1.965095e-14
1.235011e-01 5.250013803838e+00 1.296761e+00 3.953252e+00 -3.254341e-15 -1.176836e-14
1.254699e-01 5.250013655301e+00 1.317434e+00 3.932580e+00 -3.518019e-15 -1.498801e-14
1.274495e-01 5.250013506489e+00 1.338219e+00 3.911794e+00 -3.413936e-15 -1.743050e-14
1.294397e-01 5.250013357418e+00 1.359116e+00 3.890897e+00 -3.677614e-15 -1.154632e-14
1.314402e-01 5.250013208100e+00 1.380122e+00 3.869891e+00 -3.531897e-15 -1.654232e-14
1.334509e-01 5.250013058552e+00 1.401235e+00 3.848778e+00 -2.615963e-15 -1.398881e-14
1.354715e-01 5.250012908785e+00 1.422451e+00 3.827562e+00 -4.433953e-15 -1.643130e-14
1.375018e-01 5.250012758812e+00 1.443769e+00 3.806244e+00 -2.518818e-15 -1.221245e-14
1.395415e-01 5.250012608646e+00 1.465185e+00 3.784827e+00 -3.025358e-15 -1.421085e-14
1.415903e-01 5.250012458298e+00 1.486698e+00 3.763314e+00 -3.649858e-15 -1.398881e-14
1.436482e-01 5.250012307781e+00 1.508306e+00 3.741707e+00 -3.913536e-15 -1.587619e-14
1.457147e-01 5.250012157105e+00 1.530004e+00 3.720008e+00 -3.400058e-15 -1.232348e-14
1.477897e-01 5.250012006284e+00 1.551792e+00 3.698220e+00 -3.955170e-15 -1.454392e-14
1.498729e-01 5.250011855328e+00 1.573666e+00 3.676346e+00 -3.094747e-15 -1.632028e-14
1.519642e-01 5.250011704251e+00 1.595624e+00 3.654388e+00 -4.149459e-15 -1.210143e-14
1.540632e-01 5.250011553063e+00 1.617664e+00 3.632348e+00 -4.024558e-15 -1.509903e-14
1.561697e-01 5.250011401778e+00 1.639782e+00 3.610229e+00 -3.441691e-15 -1.887379e-14
1.582835e-01 5.250011250409e+00 1.661977e+00 3.588034e+00 -3.219647e-15 -1.398881e-14
1.604044e-01 5.250011098970e+00 1.684246e+00 3.565765e+00 -2.831069e-15 -1.620926e-14
1.625320e-01 5.250010947473e+00 1.706586e+00 3.543425e+00 -3.802514e-15 -1.676437e-14
1.646662e-01 5.250010795934e+00 1.728995e+00 3.521016e+00 -3.844147e-15 -2.076117e-14
1.668067e-01 5.250010644368e+00 1.751470e+00 3.498540e+00 -2.955969e-15 -1.643130e-14
1.689533e-01 5.250010492790e+00 1.774010e+00 3.476001e+00 -3.136380e-15 -1.842970e-14
1.711057e-01 5.250010341217e+00 1.796610e+00 3.453400e+00 -3.511080e-15 -1.953993e-14
1.732637e-01 5.250010189664e+00 1.819269e+00 3.430741e+00 -3.400058e-15 -1.421085e-14
1.754271e-01 5.250010038150e+00 1.841984e+00 3.408026e+00 -2.955969e-15 -1.521006e-14
1.775955e-01 5.250009886692e+00 1.864753e+00 3.385257e+00 -3.538836e-15 -2.520206e-14
1.797688e-01 5.250009735308e+00 1.887572e+00 3.362437e+00 -4.038436e-15 -2.120526e-14
1.819467e-01 5.250009584018e+00 1.910441e+00 3.339569e+00 -2.706169e-15 -1.743050e-14
1.841290e-01 5.250009432841e+00 1.933355e+00 3.316655e+00 -3.788636e-15 -1.809664e-14
1.863155e-01 5.250009281798e+00 1.956312e+00 3.293697e+00 -3.497203e-15 -2.087219e-14
1.885058e-01 5.250009130908e+00 1.979311e+00 3.270699e+00 -3.566591e-15 -2.242651e-14
1.906997e-01 5.250008980194e+00 2.002347e+00 3.247662e+00 -3.441691e-15 -1.809664e-14
1.928971e-01 5.250008829676e+00 2.025419e+00 3.224589e+00 -2.831069e-15 -2.231548e-14
1.950976e-01 5.250008679378e+00 2.048525e+00 3.201484e+00 -4.080070e-15 -1.865175e-14
1.973010e-01 5.250008529321e+00 2.071661e+00 3.178348e+00 -2.872702e-15 -2.253753e-14
1.995072e-01 5.250008379529e+00 2.094825e+00 3.155183e+00 -3.469447e-15 -2.253753e-14
2.017157e-01 5.250008230025e+00 2.118015e+00 3.131993e+00 -3.427814e-15 -2.031708e-14
2.039264e-01 5.250008080833e+00 2.141227e+00 3.108781e+00 -3.677614e-15 -2.187139e-14
2.061391e-01 5.250007931977e+00 2.164461e+00 3.085547e+00 -2.928213e-15 -1.676437e-14
2.083535e-01 5.250007783483e+00 2.187711e+00 3.062296e+00 -2.858824e-15 -2.275957e-14
2.105693e-01 5.250007635374e+00 2.210978e+00 3.039030e+00 -4.718448e-15 -2.031708e-14
2.127864e-01 5.250007487677e+00 2.234257e+00 3.015750e+00 -3.733125e-15 -2.520206e-14
2.150044e-01 5.250007340418e+00 2.257547e+00 2.992461e+00 -3.372302e-15 -2.120526e-14
2.172232e-01 5.250007193622e+00 2.280844e+00 2.969163e+00 -3.941292e-15 -2.009504e-14
2.194425e-01 5.250007047317e+00 2.304147e+00 2.945860e+00 -4.274359e-15 -2.442491e-14
2.216621e-01 5.250006901529e+00 2.327452e+00 2.922555e+00 -3.677614e-15 -2.253753e-14
2.238817e-01 5.250006756287e+00 2.350758e+00 2.899249e+00 -4.288236e-15 -2.153833e-14
2.261011e-01 5.250006611617e+00 2.374061e+00 2.875945e+00 -3.330669e-15 -2.231548e-14
2.283200e-01 5.250006467549e+00 2.397360e+00 2.852646e+00 -4.413137e-15 -2.042810e-14
2.305383e-01 5.250006324112e+00 2.420652e+00 2.829354e+00 -4.954370e-15 -2.386980e-14
2.327556e-01 5.250006181334e+00 2.443934e+00 2.806072e+00 -4.204970e-15 -2.209344e-14
2.349718e-01 5.250006039247e+00 2.467204e+00 2.782802e+00 -3.649858e-15 -2.331468e-14
2.371866e-01 5.250005897881e+00 2.490460e+00 2.759546e+00 -3.747003e-15 -2.298162e-14
2.393998e-01 5.250005757267e+00 2.513698e+00 2.736308e+00 -3.039236e-15 -1.965095e-14
2.416112e-01 5.250005617438e+00 2.536917e+00 2.713088e+00 -3.955170e-15 -2.542411e-14
2.438205e-01 5.250005478426e+00 2.560115e+00 2.689891e+00 -3.774758e-15 -2.431388e-14
2.460274e-01 5.250005340264e+00 2.583288e+00 2.666717e+00 -4.787837e-15 -2.442491e-14
2.482319e-01 5.250005202988e+00 2.606435e+00 2.643570e+00 -2.553513e-15 -2.609024e-14
2.504336e-01 5.250005066632e+00 2.629553e+00 2.620453e+00 -4.232725e-15 -2.253753e-14
2.526323e-01 5.250004931232e+00 2.652639e+00 2.597366e+00 -4.496403e-15 -2.520206e-14
2.548278e-01 5.250004796825e+00 2.675692e+00 2.574313e+00 -2.164935e-15 -2.353673e-14
2.570199e-01 5.250004663450e+00 2.698709e+00 2.551296e+00 -3.469447e-15 -2.331468e-14
2.592083e-01 5.250004531144e+00 2.721687e+00 2.528317e+00 -3.830269e-15 -2.176037e-14
2.613929e-01 5.250004399948e+00 2.744626e+00 2.505379e+00 -4.232725e-15 -2.542411e-14
2.635734e-01 5.250004269902e+00 2.767521e+00 2.482483e+00 -4.524159e-15 -2.264855e-14
2.657496e-01 5.250004141048e+00 2.790371e+00 2.459633e+00 -4.191092e-15 -2.520206e-14
2.679213e-01 5.250004013428e+00 2.813174e+00 2.436830e+00 -4.496403e-15 -2.531308e-14
2.700883e-01 5.250003887086e+00 2.835927e+00 2.414077e+00 -4.551914e-15 -2.686740e-14
2.722504e-01 5.250003762068e+00 2.858629e+00 2.391375e+00 -4.912737e-15 -2.242651e-14
2.744073e-01 5.250003638417e+00 2.881276e+00 2.368727e+00 -4.260481e-15 -2.342571e-14
2.765588e-01 5.250003516182e+00 2.903868e+00 2.346136e+00 -3.455569e-15 -2.176037e-14
2.787049e-01 5.250003395408e+00 2.926401e+00 2.323602e+00 -3.955170e-15 -2.442491e-14
2.808452e-01 5.250003276145e+00 2.948874e+00 2.301129e+00 -3.622103e-15 -2.342571e-14
2.829795e-01 5.250003158441e+00 2.971285e+00 2.278718e+00 -5.107026e-15 -2.975398e-14
2.851077e-01 5.250003042346e+00 2.993631e+00 2.256372e+00 -3.982925e-15 -2.220446e-14
2.872296e-01 5.250002927910e+00 3.015911e+00 2.234092e+00 -2.664535e-15 -1.909584e-14
2.893450e-01 5.250002815184e+00 3.038122e+00 2.211881e+00 -4.038436e-15 -2.398082e-14
2.914536e-01 5.250002704219e+00 3.060263e+00 2.189740e+00 -5.495604e-15 -2.320366e-14
2.935554e-01 5.250002595068e+00 3.082331e+00 2.167671e+00 -4.746203e-15 -2.309264e-14
2.956500e-01 5.250002487781e+00 3.104326e+00 2.145677e+00 -3.302913e-15 -2.409184e-14
2.977375e-01 5.250002382412e+00 3.126243e+00 2.123759e+00 -4.218847e-15 -2.498002e-14
2.998174e-01 5.250002279012e+00 3.148083e+00 2.101919e+00 -3.885781e-15 -2.720046e-14
3.018898e-01 5.250002177634e+00 3.169843e+00 2.080159e+00 -3.996803e-15 -2.442491e-14
3.039544e-01 5.250002078329e+00 3.191521e+00 2.058481e+00 -4.107825e-15 -2.664535e-14
3.060110e-01 5.250001981148e+00 3.213116e+00 2.036886e+00 -3.413936e-15 -2.742251e-14
3.080596e-01 5.250001886143e+00 3.234626e+00 2.015376e+00 -5.800915e-15 -2.597922e-14
3.100998e-01 5.250001793364e+00 3.256048e+00 1.993954e+00 -4.996004e-15 -2.431388e-14
3.121317e-01 5.250001702860e+00 3.277382e+00 1.972619e+00 -3.608225e-15 -2.564615e-14
3.141549e-01 5.250001614679e+00 3.298627e+00 1.951375e+00 -5.689893e-15 -2.520206e-14
3.161694e-01 5.250001528869e+00 3.319779e+00 1.930223e+00 -5.023759e-15 -2.486900e-14
3.181750e-01 5.250001445475e+00 3.340838e+00 1.909163e+00 -4.940492e-15 -2.553513e-14
3.201717e-01 5.250001364541e+00 3.361802e+00 1.888199e+00 -4.801715e-15 -2.575717e-14
3.221591e-01 5.250001286109e+00 3.382670e+00 1.867331e+00 -5.329071e-15 -2.531308e-14
3.241372e-01 5.250001210220e+00 3.403441e+00 1.846560e+00 -5.773160e-15 -2.742251e-14
3.261060e-01 5.250001136913e+00 3.424113e+00 1.825889e+00 -5.662137e-15 -2.731149e-14
3.280651e-01 5.250001066223e+00 3.444684e+00 1.805317e+00 -4.912737e-15 -2.819966e-14
3.300146e-01 5.250000998183e+00 3.465153e+00 1.784848e+00 -4.829470e-15 -2.609024e-14
3.319543e-01 5.250000932825e+00 3.485520e+00 1.764481e+00 -3.996803e-15 -2.786660e-14
3.338840e-01 5.250000870176e+00 3.505782e+00 1.744219e+00 -3.913536e-15 -2.342571e-14
3.358038e-01 5.250000810262e+00 3.525940e+00 1.724061e+00 -4.052314e-15 -2.753353e-14
3.377134e-01 5.250000753104e+00 3.545990e+00 1.704010e+00 -6.217249e-15 -2.642331e-14
3.396127e-01 5.250000698721e+00 3.565934e+00 1.684067e+00 -5.245804e-15 -2.864375e-14
3.415018e-01 5.250000647127e+00 3.585769e+00 1.664232e+00 -4.884981e-15 -2.620126e-14
3.433804e-01 5.250000598333e+00 3.605494e+00 1.644507e+00 -4.302114e-15 -2.819966e-14
3.452484e-01 5.250000552348e+00 3.625109e+00 1.624892e+00 -5.634382e-15 -2.853273e-14
3.471059e-01 5.250000509175e+00 3.644612e+00 1.605388e+00 -4.468648e-15 -2.875478e-14
3.489527e-01 5.250000468812e+00 3.664004e+00 1.585997e+00 -5.079270e-15 -2.653433e-14
3.507887e-01 5.250000431256e+00 3.683282e+00 1.566719e+00 -4.940492e-15 -2.908784e-14
3.526139e-01 5.250000396497e+00 3.702446e+00 1.547554e+00 -5.218048e-15 -2.831069e-14
3.544282e-01 5.250000364522e+00 3.721496e+00 1.528504e+00 -4.829470e-15 -2.930989e-14
3.562315e-01 5.250000335312e+00 3.740431e+00 1.509569e+00 -4.801715e-15 -3.030909e-14
3.580238e-01 5.250000308846e+00 3.759250e+00 1.490750e+00 -4.662937e-15 -2.775558e-14
3.598050e-01 5.250000285096e+00 3.777953e+00 1.472048e+00 -5.440093e-15 -2.858824e-14
3.615751e-01 5.250000264031e+00 3.796538e+00 1.453462e+00 -5.051515e-15 -2.897682e-14
3.633339e-01 5.250000245614e+00 3.815006e+00 1.434994e+00 -6.550316e-15 -3.025358e-14
3.650816e-01 5.250000229804e+00 3.833357e+00 1.416644e+00 -5.412337e-15 -2.758904e-14
3.668179e-01 5.250000216556e+00 3.851588e+00 1.398412e+00 -6.133982e-15 -2.836620e-14
3.685430e-01 5.250000205818e+00 3.869702e+00 1.380299e+00 -6.272760e-15 -2.930989e-14
3.702567e-01 5.250000197537e+00 3.887696e+00 1.362305e+00 -4.857226e-15 -2.992051e-14
3.719591e-01 5.250000191651e+00 3.905570e+00 1.344430e+00 -4.413137e-15 -2.631229e-14
3.736500e-01 5.250000188098e+00 3.923325e+00 1.326675e+00 -5.273559e-15 -3.064216e-14
3.753296e-01 5.250000186808e+00 3.940961e+00 1.309040e+00 -5.190293e-15 -2.831069e-14
3.769977e-01 5.250000187707e+00 3.958476e+00 1.291525e+00 -5.939693e-15 -3.091971e-14
3.786543e-01 5.250000190718e+00 3.975871e+00 1.274130e+00 -6.300516e-15 -2.842171e-14
3.802995e-01 5.250000195760e+00 3.993145e+00 1.256855e+00 -5.190293e-15 -2.930989e-14
3.819333e-01 5.250000202747e+00 4.010299e+00 1.239701e+00 -7.049916e-15 -2.731149e-14
3.835555e-01 5.250000211587e+00 4.027333e+00 1.222667e+00 -7.049916e-15 -2.914335e-14
3.851663e-01 5.250000222189e+00 4.044246e+00 1.205754e+00 -5.301315e-15 -3.180789e-14
3.867656e-01 5.250000234454e+00 4.061039e+00 1.188961e+00 -4.996004e-15 -3.036460e-14
3.883534e-01 5.250000248281e+00 4.077711e+00 1.172289e+00 -5.551115e-15 -2.853273e-14
3.899298e-01 5.250000263567e+00 4.094263e+00 1.155738e+00 -4.191092e-15 -3.125278e-14
3.914947e-01 5.250000280204e+00 4.110694e+00 1.139306e+00 -4.551914e-15 -3.008704e-14
3.930481e-01 5.250000298081e+00 4.127005e+00 1.122995e+00 -5.578871e-15 -3.064216e-14
3.945901e-01 5.250000317086e+00 4.143196e+00 1.106805e+00 -4.551914e-15 -3.086420e-14
3.961206e-01 5.250000337103e+00 4.159267e+00 1.090734e+00 -6.439294e-15 -3.114176e-14
3.976398e-01 5.250000358014e+00 4.175217e+00 1.074783e+00 -6.994405e-15 -3.164136e-14
3.991475e-01 5.250000379701e+00 4.191049e+00 1.058952e+00 -5.162537e-15 -3.302913e-14
4.006438e-01 5.250000402040e+00 4.206760e+00 1.043240e+00 -5.689893e-15 -3.025358e-14
4.021288e-01 5.250000424910e+00 4.222352e+00 1.027648e+00 -6.772360e-15 -3.269607e-14
4.036024e-01 5.250000448185e+00 4.237825e+00 1.012175e+00 -4.690692e-15 -3.058664e-14
4.050647e-01 5.250000471741e+00 4.253179e+00 9.968211e-01 -7.244205e-15 -3.030909e-14
4.065157e-01 5.250000495452e+00 4.268415e+00 9.815859e-01 -5.162537e-15 -2.825518e-14
4.079554e-01 5.250000519191e+00 4.283531e+00 9.664692e-01 -6.855627e-15 -3.130829e-14
4.093838e-01 5.250000542832e+00 4.298530e+00 9.514710e-01 -6.189493e-15 -3.236300e-14
4.108009e-01 5.250000566248e+00 4.313410e+00 9.365909e-01 -6.605827e-15 -3.308465e-14
4.122068e-01 5.250000589313e+00 4.328172e+00 9.218287e-01 -5.884182e-15 -2.914335e-14
4.136016e-01 5.250000611903e+00 4.342816e+00 9.071843e-01 -7.382983e-15 -3.508305e-14
4.149851e-01 5.250000633891e+00 4.357343e+00 8.926575e-01 -6.356027e-15 -3.219647e-14
4.163574e-01 5.250000655157e+00 4.371753e+00 8.782480e-01 -5.939693e-15 -3.180789e-14
4.177186e-01 5.250000675577e+00 4.386045e+00 8.639557e-01 -6.689094e-15 -3.147482e-14
4.190686e-01 5.250000695033e+00 4.400220e+00 8.497805e-01 -7.188694e-15 -3.541611e-14
4.204075e-01 5.250000713407e+00 4.414279e+00 8.357221e-01 -5.828671e-15 -3.291811e-14
4.217353e-01 5.250000730584e+00 4.428220e+00 8.217805e-01 -6.883383e-15 -3.319567e-14
4.230519e-01 5.250000746453e+00 4.442045e+00 8.079555e-01 -6.772360e-15 -3.430589e-14
4.243575e-01 5.250000760902e+00 4.455754e+00 7.942470e-01 -7.355228e-15 -3.258505e-14
4.256520e-01 5.250000773828e+00 4.469346e+00 7.806550e-01 -5.828671e-15 -3.491651e-14
4.269354e-01 5.250000785128e+00 4.482821e+00 7.671794e-01 -4.996004e-15 -3.302913e-14
4.282077e-01 5.250000794703e+00 4.496181e+00 7.538201e-01 -6.800116e-15 -3.180789e-14
4.294689e-01 5.250000802460e+00 4.509424e+00 7.405772e-01 -6.827872e-15 -3.336220e-14
4.307191e-01 5.250000808309e+00 4.522550e+00 7.274506e-01 -4.357625e-15 -3.375078e-14
4.319581e-01 5.250000812164e+00 4.535560e+00 7.144405e-01 -4.496403e-15 -3.352874e-14
4.331861e-01 5.250000813947e+00 4.548454e+00 7.015469e-01 -4.884981e-15 -3.252953e-14
4.344030e-01 5.250000813583e+00 4.561231e+00 6.887698e-01 -6.161738e-15 -3.402834e-14
4.356087e-01 5.250000811002e+00 4.573891e+00 6.761095e-01 -5.995204e-15 -3.363976e-14
4.368033e-01 5.250000806142e+00 4.586435e+00 6.635661e-01 -6.827872e-15 -3.319567e-14
4.379868e-01 5.250000798945e+00 4.598861e+00 6.511398e-01 -6.661338e-15 -3.347322e-14
4.391590e-01 5.250000789361e+00 4.611170e+00 6.388308e-01 -7.133183e-15 -3.352874e-14
4.403201e-01 5.250000777346e+00 4.623361e+00 6.266395e-01 -4.690692e-15 -3.419487e-14
4.414700e-01 5.250000762861e+00 4.635435e+00 6.145660e-01 -4.635181e-15 -3.447242e-14
4.426086e-01 5.250000745876e+00 4.647390e+00 6.026108e-01 -6.411538e-15 -3.469447e-14
4.437359e-01 5.250000726368e+00 4.659227e+00 5.907742e-01 -6.467049e-15 -3.297362e-14
4.448518e-01 5.250000704320e+00 4.670944e+00 5.790566e-01 -7.382983e-15 -3.380629e-14
4.459564e-01 5.250000679724e+00 4.682542e+00 5.674585e-01 -5.773160e-15 -3.330669e-14
4.470496e-01 5.250000652579e+00 4.694020e+00 5.559803e-01 -7.549517e-15 -3.352874e-14
4.481312e-01 5.250000622891e+00 4.705378e+00 5.446226e-01 -6.689094e-15 -3.297362e-14
4.492014e-01 5.250000590677e+00 4.716615e+00 5.333859e-01 -6.689094e-15 -3.469447e-14
4.502600e-01 5.250000555957e+00 4.727730e+00 5.222709e-01 -7.133183e-15 -3.341771e-14
4.513069e-01 5.250000518764e+00 4.738722e+00 5.112781e-01 -6.022960e-15 -3.591571e-14
4.523421e-01 5.250000479137e+00 4.749592e+00 5.004081e-01 -5.051515e-15 -3.447242e-14
4.533656e-01 5.250000437122e+00 4.760339e+00 4.896617e-01 -7.105427e-15 -3.524958e-14
4.543772e-01 5.250000392776e+00 4.770961e+00 4.790397e-01 -8.243406e-15 -3.358425e-14
4.553769e-01 5.250000346162e+00 4.781458e+00 4.685426e-01 -6.161738e-15 -3.413936e-14
4.563647e-01 5.250000297353e+00 4.791829e+00 4.581714e-01 -7.244205e-15 -3.425038e-14
4.573403e-01 5.250000246429e+00 4.802073e+00 4.479269e-01 -7.299716e-15 -3.491651e-14
4.583038e-01 5.250000193479e+00 4.812190e+00 4.378098e-01 -7.244205e-15 -3.469447e-14
4.592551e-01 5.250000138598e+00 4.822179e+00 4.278211e-01 -6.494805e-15 -3.574918e-14
4.601941e-01 5.250000081891e+00 4.832038e+00 4.179616e-01 -7.327472e-15 -3.536060e-14
4.611207e-01 5.250000023470e+00 4.841768e+00 4.082323e-01 -6.078471e-15 -3.536060e-14
4.620348e-01 5.249999963454e+00 4.851366e+00 3.986341e-01 -6.078471e-15 -3.491651e-14
4.629364e-01 5.249999901969e+00 4.860832e+00 3.891679e-01 -6.633583e-15 -3.635980e-14
4.638253e-01 5.249999839148e+00 4.870165e+00 3.798347e-01 -7.577272e-15 -3.463896e-14
4.647014e-01 5.249999775131e+00 4.879364e+00 3.706355e-01 -4.662937e-15 -3.652634e-14
4.655646e-01 5.249999710064e+00 4.888428e+00 3.615713e-01 -4.746203e-15 -3.652634e-14
4.664149e-01 5.249999644098e+00 4.897356e+00 3.526432e-01 -6.300516e-15 -3.558265e-14
4.672522e-01 5.249999577390e+00 4.906148e+00 3.438520e-01 -6.661338e-15 -3.613776e-14
4.680763e-01 5.249999510103e+00 4.914801e+00 3.351988e-01 -6.522560e-15 -3.519407e-14
4.688871e-01 5.249999442401e+00 4.923315e+00 3.266848e-01 -5.800915e-15 -3.785861e-14
4.696846e-01 5.249999374455e+00 4.931689e+00 3.183108e-01 -9.076073e-15 -3.791412e-14
4.704687e-01 5.249999306438e+00 4.939921e+00 3.100779e-01 -8.049117e-15 -3.708145e-14
4.712393e-01 5.249999238525e+00 4.948012e+00 3.019871e-01 -7.993606e-15 -3.763656e-14
4.719962e-01 5.249999170894e+00 4.955960e+00 2.940394e-01 -7.299716e-15 -3.691492e-14
4.727394e-01 5.249999103723e+00 4.963763e+00 2.862359e-01 -6.800116e-15 -3.796963e-14
4.734687e-01 5.249999037191e+00 4.971422e+00 2.785774e-01 -6.605827e-15 -3.891332e-14
4.741842e-01 5.249998971478e+00 4.978934e+00 2.710650e-01 -7.188694e-15 -3.802514e-14
4.748856e-01 5.249998906760e+00 4.986299e+00 2.636996e-01 -7.605028e-15 -3.741452e-14
4.755730e-01 5.249998843214e+00 4.993517e+00 2.564822e-01 -8.021361e-15 -3.791412e-14
4.762462e-01 5.249998781013e+00 5.000585e+00 2.494135e-01 -6.689094e-15 -3.852474e-14
4.769052e-01 5.249998720326e+00 5.007504e+00 2.424946e-01 -7.133183e-15 -3.819167e-14
4.775498e-01 5.249998661320e+00 5.014273e+00 2.357261e-01 -7.632783e-15 -3.846923e-14
4.781800e-01 5.249998604153e+00 5.020890e+00 2.291090e-01 -6.078471e-15 -3.874678e-14
4.787957e-01 5.249998548979e+00 5.027355e+00 2.226440e-01 -8.243406e-15 -3.830269e-14
4.793968e-01 5.249998495946e+00 5.033667e+00 2.163319e-01 -8.520962e-15 -3.871903e-14
4.799833e-01 5.249998445192e+00 5.039825e+00 2.101733e-01 -8.992806e-15 -3.860801e-14
4.805552e-01 5.249998396847e+00 5.045830e+00 2.041688e-01 -7.827072e-15 -3.924638e-14
4.811123e-01 5.249998351032e+00 5.051679e+00 1.983192e-01 -6.716849e-15 -3.808065e-14
4.816546e-01 5.249998307857e+00 5.057373e+00 1.926248e-01 -8.104628e-15 -3.885781e-14
4.821821e-01 5.249998267419e+00 5.062912e+00 1.870864e-01 -7.438494e-15 -4.038436e-14
4.826947e-01 5.249998229806e+00 5.068294e+00 1.817042e-01 -9.214851e-15 -3.982925e-14
4.831923e-01 5.249998195091e+00 5.073519e+00 1.764788e-01 -7.716050e-15 -3.963496e-14
4.836750e-01 5.249998163332e+00 5.078588e+00 1.714104e-01 -9.048318e-15 -3.927414e-14
4.841427e-01 5.249998134575e+00 5.083499e+00 1.664995e-01 -8.743006e-15 -4.016232e-14
4.845954e-01 5.249998108851e+00 5.088252e+00 1.617461e-01 -1.043610e-14 -4.074519e-14
4.850331e-01 5.249998086172e+00 5.092847e+00 1.571507e-01 -9.631185e-15 -3.952394e-14
4.854557e-01 5.249998066536e+00 5.097285e+00 1.527132e-01 -8.715251e-15 -4.096723e-14
4.858633e-01 5.249998049924e+00 5.101564e+00 1.484338e-01 -7.716050e-15 -4.038436e-14
4.862558e-01 5.249998036300e+00 5.105686e+00 1.443125e-01 -9.992007e-15 -3.991252e-14
4.866332e-01 5.249998025609e+00 5.109649e+00 1.403492e-01 -8.548717e-15 -4.071743e-14
4.869956e-01 5.249998017777e+00 5.113454e+00 1.365441e-01 -6.772360e-15 -4.085621e-14
4.873430e-01 5.249998012715e+00 5.117101e+00 1.328968e-01 -8.104628e-15 -4.107825e-14
4.876753e-01 5.249998010311e+00 5.120591e+00 1.294073e-01 -8.770762e-15 -4.085621e-14
4.879926e-01 5.249998010439e+00 5.123923e+00 1.260753e-01 -8.770762e-15 -4.124479e-14
4.882950e-01 5.249998012950e+00 5.127097e+00 1.229006e-01 -6.661338e-15 -4.066192e-14
4.885824e-01 5.249998017678e+00 5.130115e+00 1.198828e-01 -9.547918e-15 -4.157785e-14
4.888549e-01 5.249998024440e+00 5.132976e+00 1.170216e-01 -5.662137e-15 -4.093947e-14
4.891125e-01 5.249998033033e+00 5.135681e+00 1.143167e-01 -8.104628e-15 -4.132805e-14
4.893553e-01 5.249998043236e+00 5.138231e+00 1.117675e-01 -7.382983e-15 -4.143907e-14
4.895833e-01 5.249998054811e+00 5.140624e+00 1.093737e-01 -7.105427e-15 -4.138356e-14
4.897965e-01 5.249998067503e+00 5.142863e+00 1.071348e-01 -9.658940e-15 -4.166112e-14
4.899950e-01 5.249998081041e+00 5.144948e+00 1.050503e-01 -7.105427e-15 -4.168887e-14
4.901789e-01 5.249998095139e+00 5.146879e+00 1.031195e-01 -8.326673e-15 -4.191092e-14
4.903482e-01 5.249998109493e+00 5.148656e+00 1.013421e-01 -8.326673e-15 -4.174439e-14
4.905029e-01 5.249998123789e+00 5.150281e+00 9.971746e-02 -7.605028e-15 -4.191092e-14
4.906432e-01 5.249998137699e+00 5.151753e+00 9.824499e-02 -6.605827e-15 -4.241052e-14
4.907690e-01 5.249998150881e+00 5.153074e+00 9.692415e-02 -7.327472e-15 -4.246603e-14
4.908804e-01 5.249998162986e+00 5.154244e+00 9.575439e-02 -6.161738e-15 -4.232725e-14
4.909774e-01 5.249998173654e+00 5.155263e+00 9.473516e-02 -7.049916e-15 -4.238276e-14
4.910602e-01 5.249998182517e+00 5.156132e+00 9.386594e-02 -7.771561e-15 -4.263256e-14
4.911288e-01 5.249998189200e+00 5.156852e+00 9.314621e-02 -7.216450e-15 -4.257705e-14
4.911831e-01 5.249998193324e+00 5.157423e+00 9.257549e-02 -9.214851e-15 -4.274359e-14
4.912233e-01 5.249998194506e+00 5.157845e+00 9.215333e-02 -9.159340e-15 -4.284073e-14
4.912494e-01 5.249998192363e+00 5.158119e+00 9.187932e-02 -7.938095e-15 -4.302114e-14
4.912614e-01 5.249998186510e+00 5.158245e+00 9.175307e-02 -7.993606e-15 -4.311829e-14
4.912594e-01 5.249998176565e+00 5.158224e+00 9.177428e-02 -6.994405e-15 -4.322931e-14
4.912434e-01 5.249998162149e+00 5.158055e+00 9.194267e-02 -7.382983e-15 -4.329870e-14
4.912133e-01 5.249998142887e+00 5.157740e+00 9.225804e-02 -7.993606e-15 -4.342360e-14
4.911693e-01 5.249998118415e+00 5.157278e+00 9.272025e-02 -7.660539e-15 -4.352074e-14
4.911113e-01 5.249998088374e+00 5.156669e+00 9.332922e-02 -7.105427e-15 -4.361789e-14
4.910393e-01 5.249998052419e+00 5.155913e+00 9.408498e-02 -7.827072e-15 -4.381218e-14
4.909534e-01 5.249998010216e+00 5.155010e+00 9.498761e-02 -7.382983e-15 -4.383993e-14
4.908534e-01 5.249997961448e+00 5.153961e+00 9.603728e-02 -8.437695e-15 -4.383993e-14
4.907394e-01 5.249997905811e+00 5.152764e+00 9.723427e-02 -7.716050e-15 -4.393708e-14
4.906113e-01 5.249997843023e+00 5.151419e+00 9.857895e-02 -6.716849e-15 -4.406198e-14
4.904691e-01 5.249997772819e+00 5.149926e+00 1.000718e-01 -8.992806e-15 -4.408973e-14
4.903128e-01 5.249997694957e+00 5.148284e+00 1.017133e-01 -9.769963e-15 -4.432565e-14
4.901422e-01 5.249997609220e+00 5.146493e+00 1.035043e-01 -7.216450e-15 -4.440198e-14
4.899573e-01 5.249997515413e+00 5.144552e+00 1.054454e-01 -6.050715e-15 -4.431872e-14
4.897581e-01 5.249997413367e+00 5.142460e+00 1.075377e-01 -8.160139e-15 -4.440892e-14
4.895443e-01 5.249997302944e+00 5.140215e+00 1.097820e-01 -7.327472e-15 -4.459627e-14
4.893160e-01 5.249997184031e+00 5.137818e+00 1.121796e-01 -8.659740e-15 -4.479056e-14
4.890729e-01 5.249997056545e+00 5.135265e+00 1.147317e-01 -7.605028e-15 -4.461015e-14
4.888150e-01 5.249996920434e+00 5.132557e+00 1.174397e-01 -8.937295e-15 -4.493628e-14
4.885421e-01 5.249996775678e+00 5.129692e+00 1.203050e-01 -8.548717e-15 -4.542200e-14
4.882540e-01 5.249996622287e+00 5.126667e+00 1.233294e-01 -7.494005e-15 -4.457545e-14
4.879507e-01 5.249996460302e+00 5.123482e+00 1.265145e-01 -7.327472e-15 -4.554690e-14
4.876318e-01 5.249996289799e+00 5.120134e+00 1.298622e-01 -7.882583e-15 -4.587650e-14
4.872973e-01 5.249996110882e+00 5.116622e+00 1.333744e-01 -7.827072e-15 -4.507852e-14
4.869469e-01 5.249995923688e+00 5.112943e+00 1.370534e-01 -8.437695e-15 -4.573598e-14
4.865804e-01 5.249995728385e+00 5.109095e+00 1.409012e-01 -6.827872e-15 -4.616012e-14
4.861977e-01 5.249995525171e+00 5.105075e+00 1.449201e-01 -6.383782e-15 -4.594762e-14
4.857983e-01 5.249995314272e+00 5.100883e+00 1.491127e-01 -5.662137e-15 -4.627288e-14
4.853823e-01 5.249995095944e+00 5.096514e+00 1.534815e-01 -7.882583e-15 -4.636135e-14
4.849491e-01 5.249994870466e+00 5.091966e+00 1.580290e-01 -8.548717e-15 -4.669529e-14
4.844987e-01 5.249994638145e+00 5.087237e+00 1.627579e-01 -7.993606e-15 -4.641426e-14
4.840308e-01 5.249994399308e+00 5.082323e+00 1.676712e-01 -8.382184e-15 -4.665365e-14
4.835450e-01 5.249994154303e+00 5.077222e+00 1.727717e-01 -8.881784e-15 -4.708386e-14
4.830411e-01 5.249993903498e+00 5.071931e+00 1.780624e-01 -7.160939e-15 -4.670223e-14
4.825188e-01 5.249993647276e+00 5.066447e+00 1.835463e-01 -6.383782e-15 -4.603956e-14
4.819778e-01 5.249993386032e+00 5.060767e+00 1.892266e-01 -7.271961e-15 -4.620609e-14
4.814178e-01 5.249993120174e+00 5.054887e+00 1.951064e-01 -8.715251e-15 -4.719836e-14
4.808385e-01 5.249992850114e+00 5.048804e+00 2.011889e-01 -6.605827e-15 -4.712203e-14
4.802395e-01 5.249992576271e+00 5.042515e+00 2.074775e-01 -8.160139e-15 -4.677508e-14
4.796207e-01 5.249992299066e+00 5.036017e+00 2.139755e-01 -8.604228e-15 -4.721223e-14
4.789815e-01 5.249992018918e+00 5.029306e+00 2.206861e-01 -7.549517e-15 -4.593548e-14
4.783218e-01 5.249991736241e+00 5.022379e+00 2.276129e-01 -9.825474e-15 -4.662937e-14
4.776412e-01 5.249991451441e+00 5.015232e+00 2.347591e-01 -7.605028e-15 -4.760081e-14
4.769393e-01 5.249991164915e+00 5.007863e+00 2.421283e-01 -9.103829e-15 -4.747591e-14
4.762159e-01 5.249990877048e+00 5.000267e+00 2.497238e-01 -7.827072e-15 -4.758693e-14
4.754706e-01 5.249990588206e+00 4.992442e+00 2.575491e-01 -9.492407e-15 -4.757306e-14
4.747031e-01 5.249990298741e+00 4.984383e+00 2.656075e-01 -9.547918e-15 -4.823919e-14
4.739131e-01 5.249990008982e+00 4.976087e+00 2.739026e-01 -8.548717e-15 -4.710121e-14
4.731002e-01 5.249989719237e+00 4.967552e+00 2.824376e-01 -8.826273e-15 -4.819756e-14
4.722641e-01 5.249989429794e+00 4.958773e+00 2.912161e-01 -7.938095e-15 -4.773959e-14
4.714046e-01 5.249989140912e+00 4.949748e+00 3.002412e-01 -8.659740e-15 -4.818368e-14
4.705212e-01 5.249988852829e+00 4.940472e+00 3.095164e-01 -6.550316e-15 -4.796163e-14
4.696137e-01 5.249988565758e+00 4.930944e+00 3.190449e-01 -8.715251e-15 -4.812817e-14
4.686817e-01 5.249988279889e+00 4.921158e+00 3.288300e-01 -8.160139e-15 -4.884981e-14
4.677251e-01 5.249987995388e+00 4.911113e+00 3.388749e-01 -7.605028e-15 -4.823919e-14
4.667433e-01 5.249987712402e+00 4.900805e+00 3.491828e-01 -7.382983e-15 -4.823919e-14
4.657363e-01 5.249987431058e+00 4.890231e+00 3.597567e-01 -1.004752e-14 -4.904410e-14
4.647036e-01 5.249987151470e+00 4.879387e+00 3.705998e-01 -8.770762e-15 -4.937717e-14
4.636449e-01 5.249986873740e+00 4.868272e+00 3.817151e-01 -7.882583e-15 -4.751755e-14
4.625601e-01 5.249986597965e+00 4.856881e+00 3.931055e-01 -7.993606e-15 -4.884981e-14
