5.000000e-01 5.250000000000e+00 5.250000e+00 0.000000e+00 -1.137979e-15 0.000000e+00
4.999919e-01 5.249999999827e+00 5.249915e+00 8.514269e-05 -4.718448e-15 -3.209238e-17
4.999676e-01 5.249999999310e+00 5.249659e+00 3.405714e-04 -3.913536e-15 -6.331741e-17
4.999270e-01 5.249999998448e+00 5.249234e+00 7.662883e-04 -1.637579e-15 -1.283695e-16
4.998703e-01 5.249999997244e+00 5.248638e+00 1.362297e-03 -2.581269e-15 -1.370432e-16
4.997973e-01 5.249999995698e+00 5.247871e+00 2.128602e-03 -1.637579e-15 -7.806256e-17
4.997081e-01 5.249999993813e+00 5.246935e+00 3.065209e-03 -2.581269e-15 -1.734723e-17
4.996027e-01 5.249999991592e+00 5.245828e+00 4.172126e-03 -1.609823e-15 -1.318390e-16
4.994810e-01 5.249999989038e+00 5.244551e+00 5.449361e-03 -3.302913e-15 6.245005e-17
4.993431e-01 5.249999986155e+00 5.243103e+00 6.896925e-03 -1.859624e-15 -1.734723e-16
4.991891e-01 5.249999982947e+00 5.241485e+00 8.514829e-03 -2.331468e-15 -2.012279e-16
4.990188e-01 5.249999979419e+00 5.239697e+00 1.030308e-02 -2.498002e-15 -3.920475e-16
4.988322e-01 5.249999975576e+00 5.237738e+00 1.226170e-02 -1.554312e-15 -7.632783e-17
4.986295e-01 5.249999971424e+00 5.235609e+00 1.439070e-02 -3.635980e-15 -3.053113e-16
4.984105e-01 5.249999966968e+00 5.233310e+00 1.669009e-02 -1.498801e-15 -2.220446e-16
4.981752e-01 5.249999962216e+00 5.230840e+00 1.915989e-02 -2.248202e-15 -4.093947e-16
4.979238e-01 5.249999957175e+00 5.228200e+00 2.180012e-02 -3.053113e-15 -6.383782e-16
4.976561e-01 5.249999951852e+00 5.225389e+00 2.461079e-02 -3.025358e-15 -4.024558e-16
4.973722e-01 5.249999946256e+00 5.222408e+00 2.759192e-02 -2.386980e-15 -5.273559e-16
4.970720e-01 5.249999940395e+00 5.219256e+00 3.074352e-02 -1.748601e-15 -5.481726e-16
4.967556e-01 5.249999934279e+00 5.215934e+00 3.406562e-02 -3.941292e-15 -3.538836e-16
4.964230e-01 5.249999927917e+00 5.212442e+00 3.755824e-02 -3.247402e-15 -7.285839e-16
4.960741e-01 5.249999921318e+00 5.208779e+00 4.122139e-02 -2.026157e-15 -5.967449e-16
4.957090e-01 5.249999914494e+00 5.204945e+00 4.505509e-02 -2.581269e-15 -5.551115e-16
4.953277e-01 5.249999907456e+00 5.200941e+00 4.905935e-02 -2.220446e-15 -9.714451e-16
4.949301e-01 5.249999900215e+00 5.196766e+00 5.323420e-02 -8.326673e-17 -4.579670e-16
4.945162e-01 5.249999892783e+00 5.192420e+00 5.757966e-02 -1.498801e-15 -5.689893e-16
4.940861e-01 5.249999885172e+00 5.187904e+00 6.209572e-02 -8.604228e-16 -2.220446e-16
4.936398e-01 5.249999877396e+00 5.183217e+00 6.678242e-02 -2.886580e-15 -1.235123e-15
4.931772e-01 5.249999869466e+00 5.178360e+00 7.163977e-02 -2.109424e-15 -9.575674e-16
4.926983e-01 5.249999861399e+00 5.173332e+00 7.666777e-02 -3.025358e-15 -9.992007e-16
4.922032e-01 5.249999853206e+00 5.168133e+00 8.186644e-02 -2.026157e-15 -9.159340e-16
4.916918e-01 5.249999844904e+00 5.162764e+00 8.723578e-02 -2.248202e-15 -5.828671e-16
4.911642e-01 5.249999836507e+00 5.157224e+00 9.277580e-02 -6.938894e-16 -7.494005e-16
4.906203e-01 5.249999828030e+00 5.151513e+00 9.848652e-02 -2.164935e-15 -1.387779e-16
4.900602e-01 5.249999819490e+00 5.145632e+00 1.043679e-01 -1.498801e-15 -1.804112e-16
4.894838e-01 5.249999810903e+00 5.139580e+00 1.104200e-01 -2.192690e-15 -9.298118e-16
4.888911e-01 5.249999802286e+00 5.133357e+00 1.166428e-01 -1.221245e-15 -7.910339e-16
4.882822e-01 5.249999793655e+00 5.126964e+00 1.230362e-01 4.163336e-16 -2.775558e-16
4.876571e-01 5.249999785028e+00 5.120399e+00 1.296004e-01 -9.436896e-16 -9.714451e-16
4.870157e-01 5.249999776423e+00 5.113665e+00 1.363351e-01 -6.383782e-16 2.220446e-16
4.863580e-01 5.249999767859e+00 5.106759e+00 1.432406e-01 -5.273559e-16 -4.857226e-16
4.856841e-01 5.249999759354e+00 5.099683e+00 1.503166e-01 -2.525757e-15 -3.469447e-16
4.849940e-01 5.249999750927e+00 5.092437e+00 1.575632e-01 -1.221245e-15 -6.938894e-16
4.842876e-01 5.249999742598e+00 5.085019e+00 1.649804e-01 -5.273559e-16 -1.526557e-16
4.835649e-01 5.249999734387e+00 5.077432e+00 1.725681e-01 -1.970646e-15 -5.551115e-16
4.828260e-01 5.249999726312e+00 5.069673e+00 1.803263e-01 -2.803313e-15 -8.187895e-16
4.820709e-01 5.249999718396e+00 5.061745e+00 1.882549e-01 -1.748601e-15 -9.714451e-16
4.812996e-01 5.249999710659e+00 5.053646e+00 1.963540e-01 -2.109424e-15 -1.054712e-15
4.805120e-01 5.249999703121e+00 5.045376e+00 2.046233e-01 -2.525757e-15 -1.026956e-15
4.797083e-01 5.249999695805e+00 5.036937e+00 2.130629e-01 -1.304512e-15 -3.885781e-16
4.788883e-01 5.249999688732e+00 5.028327e+00 2.216727e-01 -1.137979e-15 -1.859624e-15
4.780521e-01 5.249999681924e+00 5.019547e+00 2.304526e-01 -1.249001e-15 -1.804112e-15
4.771997e-01 5.249999675403e+00 5.010597e+00 2.394026e-01 -2.081668e-15 -1.665335e-16
4.763312e-01 5.249999669193e+00 5.001477e+00 2.485225e-01 -9.159340e-16 -8.326673e-16
4.754464e-01 5.249999663315e+00 4.992187e+00 2.578122e-01 -2.359224e-15 -1.276756e-15
4.745455e-01 5.249999657792e+00 4.982728e+00 2.672716e-01 -1.526557e-15 -3.885781e-16
4.736285e-01 5.249999652649e+00 4.973099e+00 2.769007e-01 -1.915135e-15 -1.637579e-15
4.726953e-01 5.249999647909e+00 4.963300e+00 2.866992e-01 -1.221245e-15 -1.998401e-15
4.717460e-01 5.249999643595e+00 4.953333e+00 2.966671e-01 -8.604228e-16 -2.636780e-15
4.707805e-01 5.249999639731e+00 4.943195e+00 3.068042e-01 -1.554312e-15 -1.026956e-15
4.697990e-01 5.249999636342e+00 4.932889e+00 3.171103e-01 -1.387779e-15 -1.915135e-15
4.688014e-01 5.249999633452e+00 4.922414e+00 3.275853e-01 -1.942890e-15 -2.442491e-15
4.677877e-01 5.249999631084e+00 4.911771e+00 3.382290e-01 -1.276756e-15 -1.082467e-15
4.667579e-01 5.249999629265e+00 4.900958e+00 3.490412e-01 5.551115e-17 -1.443290e-15
4.657122e-01 5.249999628018e+00 4.889978e+00 3.600217e-01 -7.216450e-16 -6.383782e-16
4.646504e-01 5.249999627368e+00 4.878829e+00 3.711703e-01 -1.165734e-15 -2.609024e-15
4.635726e-01 5.249999627341e+00 4.867513e+00 3.824869e-01 -2.053913e-15 -2.386980e-15
4.624789e-01 5.249999627961e+00 4.856029e+00 3.939710e-01 -1.693090e-15 -1.693090e-15
4.613692e-01 5.249999629253e+00 4.844377e+00 4.056226e-01 -9.992007e-16 -3.136380e-15
4.602437e-01 5.249999631243e+00 4.832558e+00 4.174413e-01 -8.604228e-16 -2.414735e-15
4.591022e-01 5.249999633956e+00 4.820573e+00 4.294269e-01 -4.163336e-16 -3.358425e-15
4.579448e-01 5.249999637416e+00 4.808421e+00 4.415790e-01 -1.970646e-15 -2.442491e-15
4.567716e-01 5.249999641649e+00 4.796102e+00 4.538974e-01 -1.526557e-15 -1.387779e-15
4.555827e-01 5.249999646681e+00 4.783618e+00 4.663818e-01 -1.915135e-15 -1.693090e-15
4.543779e-01 5.249999652536e+00 4.770968e+00 4.790318e-01 -1.887379e-15 -1.415534e-15
4.531574e-01 5.249999659239e+00 4.758153e+00 4.918471e-01 -2.248202e-15 -1.970646e-15
4.519212e-01 5.249999666816e+00 4.745172e+00 5.048274e-01 3.053113e-16 -1.776357e-15
4.506693e-01 5.249999675291e+00 4.732028e+00 5.179721e-01 -1.554312e-15 -4.024558e-15
4.494018e-01 5.249999684690e+00 4.718719e+00 5.312810e-01 -2.858824e-15 -2.886580e-15
4.481187e-01 5.249999695036e+00 4.705246e+00 5.447537e-01 -5.828671e-16 -4.440892e-15
4.468200e-01 5.249999706355e+00 4.691610e+00 5.583897e-01 -9.159340e-16 -2.498002e-15
4.455058e-01 5.249999718670e+00 4.677811e+00 5.721885e-01 -1.748601e-15 -2.553513e-15
4.441762e-01 5.249999732006e+00 4.663850e+00 5.861498e-01 -1.776357e-15 -3.386180e-15
4.428311e-01 5.249999746388e+00 4.649727e+00 6.002730e-01 5.828671e-16 -3.386180e-15
4.414707e-01 5.249999761838e+00 4.635442e+00 6.145576e-01 -1.054712e-15 -2.442491e-15
4.400949e-01 5.249999778380e+00 4.620997e+00 6.290031e-01 -1.609823e-15 -3.358425e-15
4.387039e-01 5.249999796037e+00 4.606391e+00 6.436090e-01 -1.804112e-15 -3.164136e-15
4.372976e-01 5.249999814833e+00 4.591625e+00 6.583747e-01 -2.137179e-15 -2.442491e-15
4.358762e-01 5.249999834790e+00 4.576700e+00 6.732997e-01 -1.221245e-15 -3.108624e-15
4.344397e-01 5.249999855931e+00 4.561616e+00 6.883834e-01 -1.360023e-15 -8.881784e-16
4.329881e-01 5.249999878277e+00 4.546375e+00 7.036251e-01 -1.026956e-15 -2.470246e-15
4.315215e-01 5.249999901850e+00 4.530976e+00 7.190242e-01 -1.609823e-15 -3.774758e-15
4.300400e-01 5.249999926671e+00 4.515420e+00 7.345800e-01 -1.054712e-15 -1.582068e-15
4.285436e-01 5.249999952761e+00 4.499708e+00 7.502919e-01 -8.604228e-16 -4.357625e-15
4.270325e-01 5.249999980141e+00 4.483841e+00 7.661592e-01 -1.249001e-15 -2.220446e-16
4.255066e-01 5.250000008830e+00 4.467819e+00 7.821812e-01 -2.026157e-15 -1.110223e-15
4.239660e-01 5.250000038848e+00 4.451643e+00 7.983571e-01 -9.714451e-16 -3.885781e-15
4.224108e-01 5.250000070214e+00 4.435314e+00 8.146862e-01 -1.054712e-15 -2.831069e-15
4.208412e-01 5.250000102946e+00 4.418833e+00 8.311676e-01 -8.881784e-16 -6.661338e-16
4.192571e-01 5.250000137063e+00 4.402200e+00 8.478006e-01 -2.581269e-15 -4.440892e-16
4.176586e-01 5.250000172581e+00 4.385416e+00 8.645843e-01 -1.249001e-15 -4.274359e-15
4.160459e-01 5.250000209519e+00 4.368482e+00 8.815180e-01 -2.164935e-15 -7.216450e-16
4.144190e-01 5.250000247890e+00 4.351400e+00 8.986006e-01 -2.359224e-15 -2.386980e-15
4.127780e-01 5.250000287713e+00 4.334169e+00 9.158314e-01 -1.193490e-15 -4.496403e-15
4.111230e-01 5.250000329001e+00 4.316791e+00 9.332093e-01 -3.053113e-16 -2.331468e-15
4.094540e-01 5.250000371769e+00 4.299267e+00 9.507335e-01 -1.609823e-15 -3.774758e-15
4.077712e-01 5.250000416030e+00 4.281597e+00 9.684029e-01 -6.938894e-16 -4.496403e-15
4.060746e-01 5.250000461798e+00 4.263784e+00 9.862167e-01 2.775558e-17 -2.775558e-15
4.043645e-01 5.250000509086e+00 4.245827e+00 1.004174e+00 -4.440892e-16 -3.164136e-15
4.026407e-01 5.250000557904e+00 4.227728e+00 1.022273e+00 -3.413936e-15 -2.164935e-15
4.009036e-01 5.250000608264e+00 4.209487e+00 1.040513e+00 -1.332268e-15 -1.998401e-15
3.991531e-01 5.250000660175e+00 4.191107e+00 1.058894e+00 5.828671e-16 -2.775558e-16
3.973893e-01 5.250000713648e+00 4.172588e+00 1.077413e+00 -7.216450e-16 -5.495604e-15
3.956124e-01 5.250000768691e+00 4.153931e+00 1.096070e+00 3.608225e-16 -1.110223e-16
3.938226e-01 5.250000825312e+00 4.135137e+00 1.114864e+00 -4.996004e-16 -4.163336e-15
3.920198e-01 5.250000883518e+00 4.116208e+00 1.133793e+00 -1.942890e-16 -2.331468e-15
3.902042e-01 5.250000943315e+00 4.097144e+00 1.152856e+00 -8.604228e-16 -2.664535e-15
3.883760e-01 5.250001004709e+00 4.077948e+00 1.172053e+00 8.604228e-16 -3.830269e-15
3.865353e-01 5.250001067704e+00 4.058620e+00 1.191381e+00 4.718448e-16 -1.110223e-15
3.846821e-01 5.250001132304e+00 4.039162e+00 1.210839e+00 -4.163336e-16 -4.662937e-15
3.828166e-01 5.250001198512e+00 4.019574e+00 1.230427e+00 9.159340e-16 -2.886580e-15
3.809389e-01 5.250001266330e+00 3.999859e+00 1.250142e+00 -7.216450e-16 -2.331468e-15
3.790493e-01 5.250001335760e+00 3.980017e+00 1.269984e+00 2.109424e-15 -5.107026e-15
3.771477e-01 5.250001406801e+00 3.960051e+00 1.289951e+00 1.304512e-15 -1.387779e-15
3.752343e-01 5.250001479453e+00 3.939960e+00 1.310041e+00 6.106227e-16 -4.218847e-15
3.733093e-01 5.250001553715e+00 3.919748e+00 1.330254e+00 -8.326673e-16 -4.496403e-15
3.713729e-01 5.250001629584e+00 3.899415e+00 1.350587e+00 1.942890e-16 -2.053913e-15
3.694250e-01 5.250001707058e+00 3.878963e+00 1.371039e+00 1.665335e-16 -2.942091e-15
3.674660e-01 5.250001786131e+00 3.858393e+00 1.391609e+00 5.828671e-16 -5.551115e-15
3.654959e-01 5.250001866799e+00 3.837707e+00 1.412295e+00 8.326673e-16 -4.274359e-15
3.635149e-01 5.250001949057e+00 3.816907e+00 1.433095e+00 -1.137979e-15 -4.829470e-15
3.615232e-01 5.250002032896e+00 3.795993e+00 1.454009e+00 -6.106227e-16 -1.609823e-15
3.595208e-01 5.250002118310e+00 3.774969e+00 1.475033e+00 -1.471046e-15 -5.273559e-15
3.575080e-01 5.250002205290e+00 3.753834e+00 1.496168e+00 6.106227e-16 -3.053113e-15
3.554849e-01 5.250002293825e+00 3.732592e+00 1.517410e+00 -1.665335e-16 -5.995204e-15
3.534517e-01 5.250002383907e+00 3.711243e+00 1.538759e+00 -8.049117e-16 -3.719247e-15
3.514086e-01 5.250002475524e+00 3.689790e+00 1.560213e+00 2.498002e-16 -6.328271e-15
3.493556e-01 5.250002568662e+00 3.668234e+00 1.581769e+00 9.992007e-16 -5.828671e-15
3.472930e-01 5.250002663310e+00 3.646576e+00 1.603426e+00 7.494005e-16 -1.665335e-15
3.452209e-01 5.250002759453e+00 3.624820e+00 1.625183e+00 1.387779e-16 -1.942890e-15
3.431396e-01 5.250002857077e+00 3.602966e+00 1.647037e+00 1.137979e-15 -5.440093e-15
3.410491e-01 5.250002956166e+00 3.581016e+00 1.668987e+00 2.775558e-16 -5.218048e-15
3.389497e-01 5.250003056702e+00 3.558972e+00 1.691031e+00 2.220446e-16 -2.331468e-15
3.368416e-01 5.250003158670e+00 3.536836e+00 1.713167e+00 -1.165734e-15 -1.665335e-15
3.347248e-01 5.250003262051e+00 3.514611e+00 1.735393e+00 -4.718448e-16 -1.609823e-15
3.325997e-01 5.250003366826e+00 3.492297e+00 1.757707e+00 4.163336e-16 -6.106227e-15
3.304663e-01 5.250003472974e+00 3.469896e+00 1.780107e+00 4.718448e-16 -3.885781e-15
3.283249e-01 5.250003580477e+00 3.447412e+00 1.802592e+00 2.775558e-17 -1.609823e-15
3.261757e-01 5.250003689311e+00 3.424845e+00 1.825158e+00 2.498002e-16 -4.718448e-15
3.240189e-01 5.250003799456e+00 3.402198e+00 1.847806e+00 4.996004e-16 -4.218847e-15
3.218546e-01 5.250003910889e+00 3.379473e+00 1.870531e+00 3.053113e-16 -2.720046e-15
3.196830e-01 5.250004023585e+00 3.356671e+00 1.893333e+00 8.049117e-16 -2.498002e-15
3.175043e-01 5.250004137522e+00 3.333795e+00 1.916209e+00 -3.053113e-16 -4.829470e-15
3.153188e-01 5.250004252673e+00 3.310847e+00 1.939157e+00 -5.273559e-16 -4.218847e-15
3.131266e-01 5.250004369014e+00 3.287830e+00 1.962175e+00 -2.775558e-17 -2.220446e-15
3.109280e-01 5.250004486519e+00 3.264744e+00 1.985261e+00 1.387779e-16 -5.440093e-15
3.087230e-01 5.250004605161e+00 3.241592e+00 2.008413e+00 -1.221245e-15 -1.776357e-15
3.065120e-01 5.250004724911e+00 3.218377e+00 2.031628e+00 2.498002e-16 -3.441691e-15
3.042952e-01 5.250004845744e+00 3.195100e+00 2.054905e+00 4.718448e-16 -4.607426e-15
3.020727e-01 5.250004967630e+00 3.171763e+00 2.078242e+00 -1.415534e-15 -7.271961e-15
2.998448e-01 5.250005090540e+00 3.148370e+00 2.101635e+00 3.053113e-16 -4.607426e-15
2.976116e-01 5.250005214445e+00 3.124922e+00 2.125084e+00 2.775558e-17 -5.551115e-16
2.953734e-01 5.250005339315e+00 3.101421e+00 2.148585e+00 1.415534e-15 -2.720046e-15
2.931304e-01 5.250005465120e+00 3.077869e+00 2.172136e+00 1.387779e-16 -4.385381e-15
2.908828e-01 5.250005591829e+00 3.054269e+00 2.195736e+00 -4.440892e-16 -5.162537e-15
2.886308e-01 5.250005719410e+00 3.030623e+00 2.219382e+00 6.661338e-16 -8.881784e-16
2.863747e-01 5.250005847834e+00 3.006934e+00 2.243072e+00 6.106227e-16 -3.497203e-15
2.841146e-01 5.250005977067e+00 2.983203e+00 2.266803e+00 1.387779e-16 -4.385381e-15
2.818507e-01 5.250006107077e+00 2.959433e+00 2.290573e+00 -1.137979e-15 -6.716849e-15
2.795834e-01 5.250006237833e+00 2.935626e+00 2.314381e+00 6.383782e-16 -4.496403e-15
2.773128e-01 5.250006369301e+00 2.911784e+00 2.338222e+00 -5.551115e-17 -3.108624e-15
2.750391e-01 5.250006501449e+00 2.887910e+00 2.362096e+00 8.326673e-16 -2.720046e-15
2.727625e-01 5.250006634244e+00 2.864007e+00 2.386000e+00 -5.551115e-16 -2.720046e-15
2.704834e-01 5.250006767653e+00 2.840075e+00 2.409931e+00 -4.718448e-16 -3.441691e-15
2.682018e-01 5.250006901641e+00 2.816119e+00 2.433888e+00 1.942890e-16 -5.606626e-15
2.659181e-01 5.250007036176e+00 2.792140e+00 2.457867e+00 2.775558e-16 -4.052314e-15
2.636324e-01 5.250007171225e+00 2.768140e+00 2.481867e+00 -4.996004e-16 -2.498002e-15
2.613450e-01 5.250007306753e+00 2.744122e+00 2.505885e+00 0.000000e+00 -5.329071e-15
2.590561e-01 5.250007442727e+00 2.720089e+00 2.529919e+00 -4.440892e-16 -4.329870e-15
2.567659e-01 5.250007579114e+00 2.696042e+00 2.553966e+00 -6.106227e-16 -5.107026e-15
2.544746e-01 5.250007715879e+00 2.671984e+00 2.578024e+00 -1.387779e-16 -4.496403e-15
2.521826e-01 5.250007852990e+00 2.647917e+00 2.602091e+00 -1.026956e-15 -5.329071e-15
2.498900e-01 5.250007990412e+00 2.623844e+00 2.626164e+00 1.193490e-15 -5.884182e-15
2.475970e-01 5.250008128113e+00 2.599768e+00 2.650240e+00 -1.137979e-15 -2.664535e-15
2.453038e-01 5.250008266059e+00 2.575690e+00 2.674318e+00 -1.387779e-16 -3.386180e-15
2.430108e-01 5.250008404217e+00 2.551613e+00 2.698395e+00 -2.775558e-17 -2.942091e-15
2.407181e-01 5.250008542555e+00 2.527540e+00 2.722469e+00 -1.942890e-16 -5.107026e-15
2.384259e-01 5.250008681039e+00 2.503472e+00 2.746536e+00 4.718448e-16 -5.939693e-15
2.361346e-01 5.250008819638e+00 2.479413e+00 2.770596e+00 -1.360023e-15 -6.772360e-15
2.338442e-01 5.250008958318e+00 2.455364e+00 2.794645e+00 -7.216450e-16 -4.274359e-15
2.315551e-01 5.250009097049e+00 2.431328e+00 2.818681e+00 4.718448e-16 -7.049916e-15
2.292674e-01 5.250009235799e+00 2.407308e+00 2.842701e+00 6.106227e-16 -2.553513e-15
2.269815e-01 5.250009374536e+00 2.383306e+00 2.866704e+00 -1.110223e-15 -8.493206e-15
2.246975e-01 5.250009513229e+00 2.359324e+00 2.890686e+00 -1.110223e-15 -2.609024e-15
2.224156e-01 5.250009651849e+00 2.335364e+00 2.914646e+00 1.387779e-16 -4.274359e-15
2.201362e-01 5.250009790364e+00 2.311430e+00 2.938580e+00 -8.326673e-17 -5.329071e-15
2.178593e-01 5.250009928745e+00 2.287523e+00 2.962487e+00 4.996004e-16 -6.106227e-15
2.155853e-01 5.250010066963e+00 2.263645e+00 2.986365e+00 9.436896e-16 -6.106227e-15
2.133143e-01 5.250010204988e+00 2.239800e+00 3.010210e+00 5.828671e-16 -6.161738e-15
2.110467e-01 5.250010342794e+00 2.215990e+00 3.034020e+00 5.551115e-17 -5.495604e-15
2.087825e-01 5.250010480350e+00 2.192217e+00 3.057794e+00 -4.163336e-16 -7.160939e-15
2.065221e-01 5.250010617631e+00 2.168483e+00 3.081528e+00 -8.326673e-17 -6.661338e-15
2.042657e-01 5.250010754608e+00 2.144790e+00 3.105221e+00 -3.330669e-16 -3.996803e-15
2.020135e-01 5.250010891256e+00 2.121142e+00 3.128869e+00 1.026956e-15 -4.884981e-15
1.997657e-01 5.250011027549e+00 2.097540e+00 3.152471e+00 -3.330669e-16 -7.105427e-15
1.975226e-01 5.250011163462e+00 2.073987e+00 3.176024e+00 8.604228e-16 -6.106227e-15
1.952843e-01 5.250011298969e+00 2.050485e+00 3.199526e+00 -2.775558e-17 -8.659740e-15
1.930511e-01 5.250011434046e+00 2.027036e+00 3.222975e+00 -2.775558e-16 -7.993606e-15
1.908232e-01 5.250011568671e+00 2.003643e+00 3.246368e+00 -1.665335e-16 -1.465494e-14
1.886008e-01 5.250011702819e+00 1.980309e+00 3.269703e+00 4.996004e-16 -1.143530e-14
1.863842e-01 5.250011836469e+00 1.957034e+00 3.292978e+00 8.326673e-17 -8.437695e-15
1.841736e-01 5.250011969598e+00 1.933823e+00 3.316189e+00 -4.163336e-16 -6.772360e-15
1.819691e-01 5.250012102186e+00 1.910676e+00 3.339336e+00 1.110223e-16 -8.548717e-15
1.797711e-01 5.250012234211e+00 1.887596e+00 3.362416e+00 1.387779e-16 -8.437695e-15
1.775796e-01 5.250012365655e+00 1.864586e+00 3.385426e+00 -3.330669e-16 -9.436896e-15
1.753950e-01 5.250012496497e+00 1.841648e+00 3.408365e+00 3.053113e-16 -4.551914e-15
1.732174e-01 5.250012626719e+00 1.818783e+00 3.431230e+00 2.775558e-17 -4.996004e-15
1.710471e-01 5.250012756302e+00 1.795995e+00 3.454018e+00 9.159340e-16 -4.996004e-15
1.688843e-01 5.250012885230e+00 1.773285e+00 3.476728e+00 3.330669e-16 -5.773160e-15
1.667291e-01 5.250013013486e+00 1.750656e+00 3.499357e+00 -5.551115e-16 -1.165734e-14
1.645818e-01 5.250013141054e+00 1.728109e+00 3.521904e+00 3.330669e-16 -1.054712e-14
1.624427e-01 5.250013267917e+00 1.705648e+00 3.544365e+00 -5.551115e-17 -4.551914e-15
1.603118e-01 5.250013394062e+00 1.683274e+00 3.566740e+00 1.026956e-15 -7.993606e-15
1.581894e-01 5.250013519475e+00 1.660989e+00 3.589025e+00 6.661338e-16 -6.106227e-15
1.560758e-01 5.250013644140e+00 1.638795e+00 3.611218e+00 1.082467e-15 -1.010303e-14
1.539710e-01 5.250013768047e+00 1.616696e+00 3.633318e+00 8.049117e-16 -9.325873e-15
1.518754e-01 5.250013891182e+00 1.594692e+00 3.655322e+00 0.000000e+00 -5.995204e-15
1.497891e-01 5.250014013534e+00 1.572785e+00 3.677229e+00 8.049117e-16 -4.884981e-15
1.477123e-01 5.250014135092e+00 1.550979e+00 3.699035e+00 2.775558e-16 -5.440093e-15
1.456452e-01 5.250014255846e+00 1.529275e+00 3.720740e+00 8.881784e-16 -5.440093e-15
1.435880e-01 5.250014375785e+00 1.507674e+00 3.742340e+00 8.326673e-16 -8.548717e-15
1.415410e-01 5.250014494901e+00 1.486180e+00 3.763834e+00 5.551115e-17 -5.551115e-15
1.395042e-01 5.250014613185e+00 1.464794e+00 3.785221e+00 4.440892e-16 -3.996803e-15
1.374779e-01 5.250014730629e+00 1.443518e+00 3.806497e+00 2.359224e-16 -7.549517e-15
1.354623e-01 5.250014847226e+00 1.422354e+00 3.827660e+00 4.857226e-16 -4.884981e-15
1.334576e-01 5.250014962970e+00 1.401305e+00 3.848710e+00 8.326673e-17 -4.884981e-15
1.314639e-01 5.250015077853e+00 1.380371e+00 3.869644e+00 2.498002e-16 -2.775558e-15
1.294815e-01 5.250015191870e+00 1.359556e+00 3.890459e+00 5.828671e-16 -7.327472e-15
1.275105e-01 5.250015305016e+00 1.338861e+00 3.911155e+00 -1.804112e-16 -3.774758e-15
1.255512e-01 5.250015417288e+00 1.318287e+00 3.931728e+00 2.220446e-16 -9.769963e-15
1.236036e-01 5.250015528679e+00 1.297838e+00 3.952178e+00 4.163336e-16 -4.551914e-15
1.216680e-01 5.250015639188e+00 1.277514e+00 3.972502e+00 3.053113e-16 -3.330669e-16
1.197446e-01 5.250015748811e+00 1.257318e+00 3.992698e+00 -1.110223e-16 -2.442491e-15
1.178335e-01 5.250015857546e+00 1.237252e+00 4.012764e+00 -4.024558e-16 -6.217249e-15
1.159349e-01 5.250015965390e+00 1.217316e+00 4.032700e+00 2.220446e-16 -9.658940e-15
1.140490e-01 5.250016072342e+00 1.197515e+00 4.052501e+00 7.355228e-16 -2.220446e-15
1.121760e-01 5.250016178401e+00 1.177848e+00 4.072168e+00 -5.551115e-17 -2.997602e-15
1.103160e-01 5.250016283567e+00 1.158318e+00 4.091698e+00 8.881784e-16 -2.220446e-15
1.084692e-01 5.250016387839e+00 1.138927e+00 4.111090e+00 3.885781e-16 -2.331468e-15
1.066358e-01 5.250016491216e+00 1.119676e+00 4.130341e+00 6.800116e-16 -5.995204e-15
1.048159e-01 5.250016593701e+00 1.100567e+00 4.149449e+00 6.522560e-16 -9.325873e-15
1.030098e-01 5.250016695294e+00 1.081602e+00 4.168414e+00 4.163336e-17 -3.663736e-15
1.012175e-01 5.250016795996e+00 1.062783e+00 4.187233e+00 2.636780e-16 -5.440093e-15
9.943922e-02 5.250016895809e+00 1.044112e+00 4.205905e+00 -8.604228e-16 -7.438494e-15
9.767518e-02 5.250016994736e+00 1.025589e+00 4.224428e+00 3.469447e-16 -9.214851e-15
9.592549e-02 5.250017092777e+00 1.007218e+00 4.242799e+00 4.163336e-17 -8.437695e-15
9.419033e-02 5.250017189937e+00 9.889985e-01 4.261019e+00 -3.885781e-16 -1.021405e-14
9.246984e-02 5.250017286218e+00 9.709334e-01 4.279084e+00 1.082467e-15 -6.772360e-15
9.076419e-02 5.250017381624e+00 9.530240e-01 4.296993e+00 5.828671e-16 -1.032507e-14
8.907353e-02 5.250017476158e+00 9.352721e-01 4.314745e+00 -1.387779e-16 -4.329870e-15
8.739802e-02 5.250017569824e+00 9.176792e-01 4.332338e+00 1.137979e-15 -1.210143e-14
8.573780e-02 5.250017662627e+00 9.002469e-01 4.349771e+00 4.163336e-17 -5.440093e-15
8.409302e-02 5.250017754569e+00 8.829767e-01 4.367041e+00 8.326673e-16 -4.329870e-15
8.246384e-02 5.250017845657e+00 8.658704e-01 4.384147e+00 6.938894e-17 -3.108624e-15
8.085041e-02 5.250017935895e+00 8.489293e-01 4.401089e+00 -3.191891e-16 -6.328271e-15
7.925287e-02 5.250018025288e+00 8.321551e-01 4.417863e+00 8.326673e-17 -1.021405e-14
7.767136e-02 5.250018113840e+00 8.155493e-01 4.434469e+00 -5.273559e-16 -7.549517e-15
7.610603e-02 5.250018201558e+00 7.991133e-01 4.450905e+00 -1.804112e-16 -6.550316e-15
7.455702e-02 5.250018288447e+00 7.828488e-01 4.467170e+00 -1.665335e-16 -8.548717e-15
7.302448e-02 5.250018374513e+00 7.667571e-01 4.483261e+00 -2.498002e-16 -1.021405e-14
7.150855e-02 5.250018459761e+00 7.508397e-01 4.499179e+00 -2.081668e-16 -9.992007e-15
7.000935e-02 5.250018544198e+00 7.350982e-01 4.514920e+00 1.387779e-16 -9.103829e-15
6.852703e-02 5.250018627829e+00 7.195339e-01 4.530485e+00 -4.579670e-16 -7.771561e-15
6.706173e-02 5.250018710661e+00 7.041482e-01 4.545871e+00 3.608225e-16 -8.992806e-15
6.561358e-02 5.250018792699e+00 6.889426e-01 4.561076e+00 2.498002e-16 -6.439294e-15
6.418272e-02 5.250018873952e+00 6.739185e-01 4.576100e+00 3.330669e-16 -3.552714e-15
6.276926e-02 5.250018954424e+00 6.590773e-01 4.590942e+00 2.775558e-17 -4.218847e-15
6.137336e-02 5.250019034123e+00 6.444203e-01 4.605599e+00 -3.608225e-16 -1.199041e-14
5.999513e-02 5.250019113055e+00 6.299489e-01 4.620070e+00 -1.387779e-16 -4.440892e-15
5.863471e-02 5.250019191227e+00 6.156644e-01 4.634355e+00 -1.526557e-16 -7.216450e-15
5.729222e-02 5.250019268646e+00 6.015683e-01 4.648451e+00 6.106227e-16 -8.437695e-15
5.596778e-02 5.250019345319e+00 5.876617e-01 4.662358e+00 2.775558e-17 -6.106227e-15
5.466153e-02 5.250019421252e+00 5.739461e-01 4.676073e+00 2.359224e-16 -7.660539e-15
5.337358e-02 5.250019496454e+00 5.604226e-01 4.689597e+00 -9.714451e-17 -1.665335e-15
5.210407e-02 5.250019570931e+00 5.470927e-01 4.702927e+00 -1.387779e-17 -4.884981e-15
5.085310e-02 5.250019644689e+00 5.339575e-01 4.716062e+00 -2.081668e-16 -3.441691e-15
4.962080e-02 5.250019717738e+00 5.210184e-01 4.729001e+00 2.081668e-16 -5.773160e-15
4.840729e-02 5.250019790083e+00 5.082765e-01 4.741743e+00 1.942890e-16 -3.441691e-15
4.721268e-02 5.250019861732e+00 4.957332e-01 4.754287e+00 3.469447e-16 -5.218048e-15
4.603710e-02 5.250019932692e+00 4.833896e-01 4.766630e+00 5.551115e-17 -5.329071e-15
4.488066e-02 5.250020002971e+00 4.712469e-01 4.778773e+00 -5.551115e-17 -7.327472e-15
4.374346e-02 5.250020072576e+00 4.593064e-01 4.790714e+00 -2.914335e-16 -8.215650e-15
4.262564e-02 5.250020141515e+00 4.475692e-01 4.802451e+00 -6.938894e-17 -2.220446e-15
4.152729e-02 5.250020209794e+00 4.360365e-01 4.813984e+00 2.636780e-16 -9.992007e-16
4.044853e-02 5.250020277423e+00 4.247096e-01 4.825311e+00 9.714451e-17 -6.661338e-16
3.938947e-02 5.250020344407e+00 4.135894e-01 4.836431e+00 2.775558e-17 -6.661338e-16
3.835022e-02 5.250020410755e+00 4.026773e-01 4.847343e+00 8.326673e-17 -1.665335e-15
3.733088e-02 5.250020476473e+00 3.919742e-01 4.858046e+00 -1.665335e-16 -1.665335e-15
3.633157e-02 5.250020541570e+00 3.814814e-01 4.868539e+00 1.526557e-16 -2.664535e-15
3.535238e-02 5.250020606053e+00 3.712000e-01 4.878821e+00 7.910339e-16 -9.992007e-16
3.439343e-02 5.250020669929e+00 3.611310e-01 4.888890e+00 2.636780e-16 -4.107825e-15
3.345482e-02 5.250020733204e+00 3.512756e-01 4.898745e+00 2.775558e-17 -5.440093e-15
3.253664e-02 5.250020795887e+00 3.416348e-01 4.908386e+00 -1.665335e-16 -3.441691e-15
3.163901e-02 5.250020857984e+00 3.322096e-01 4.917811e+00 3.469447e-17 -6.550316e-15
3.076203e-02 5.250020919502e+00 3.230013e-01 4.927020e+00 -1.873501e-16 9.992007e-16
2.990578e-02 5.250020980448e+00 3.140107e-01 4.936010e+00 1.734723e-16 -6.772360e-15
2.907038e-02 5.250021040828e+00 3.052390e-01 4.944782e+00 1.595946e-16 -1.365574e-14
2.825593e-02 5.250021100647e+00 2.966872e-01 4.953334e+00 1.179612e-16 -9.436896e-15
2.746251e-02 5.250021159912e+00 2.883563e-01 4.961665e+00 1.595946e-16 -5.662137e-15
2.669022e-02 5.250021218629e+00 2.802473e-01 4.969774e+00 3.122502e-16 -3.663736e-15
2.593916e-02 5.250021276802e+00 2.723612e-01 4.977660e+00 3.191891e-16 -6.439294e-15
2.520943e-02 5.250021334436e+00 2.646990e-01 4.985322e+00 6.938894e-18 -4.996004e-15
2.450112e-02 5.250021391535e+00 2.572618e-01 4.992760e+00 4.996004e-16 -6.883383e-15
2.381432e-02 5.250021448103e+00 2.500503e-01 4.999971e+00 4.510281e-16 1.665335e-15
2.314912e-02 5.250021504142e+00 2.430658e-01 5.006956e+00 2.844947e-16 -5.329071e-15
2.250562e-02 5.250021559655e+00 2.363090e-01 5.013713e+00 5.204170e-16 -1.076916e-14
2.188390e-02 5.250021614644e+00 2.297809e-01 5.020241e+00 3.885781e-16 -7.327472e-15
2.128405e-02 5.250021669109e+00 2.234825e-01 5.026539e+00 4.926615e-16 -1.554312e-15
2.070617e-02 5.250021723049e+00 2.174147e-01 5.032607e+00 2.289835e-16 -7.660539e-15
2.015033e-02 5.250021776465e+00 2.115785e-01 5.038443e+00 4.926615e-16 -8.548717e-15
1.961663e-02 5.250021829353e+00 2.059747e-01 5.044047e+00 3.330669e-16 1.665335e-15
1.910516e-02 5.250021881711e+00 2.006041e-01 5.049418e+00 4.579670e-16 -1.332268e-15
1.861599e-02 5.250021933533e+00 1.954679e-01 5.054554e+00 3.053113e-16 -5.440093e-15
1.814921e-02 5.250021984815e+00 1.905667e-01 5.059455e+00 6.383782e-16 -5.329071e-15
1.770490e-02 5.250022035548e+00 1.859015e-01 5.064121e+00 2.081668e-16 -5.995204e-15
1.728315e-02 5.250022085725e+00 1.814731e-01 5.068549e+00 4.302114e-16 -5.662137e-15
1.688404e-02 5.250022135334e+00 1.772825e-01 5.072740e+00 2.983724e-16 1.998401e-15
1.650765e-02 5.250022184365e+00 1.733303e-01 5.076692e+00 4.857226e-16 -5.662137e-15
1.615405e-02 5.250022232804e+00 1.696176e-01 5.080405e+00 4.510281e-16 -7.105427e-15
1.582333e-02 5.250022280635e+00 1.661450e-01 5.083877e+00 3.122502e-16 -5.107026e-15
1.551556e-02 5.250022327841e+00 1.629134e-01 5.087109e+00 2.359224e-16 1.332268e-15
1.523082e-02 5.250022374403e+00 1.599237e-01 5.090099e+00 3.400058e-16 -4.218847e-15
1.496919e-02 5.250022420299e+00 1.571765e-01 5.092846e+00 3.400058e-16 -3.330669e-15
1.473073e-02 5.250022465507e+00 1.546727e-01 5.095350e+00 4.579670e-16 -4.218847e-15
1.451553e-02 5.250022510000e+00 1.524130e-01 5.097609e+00 4.718448e-16 6.661338e-16
1.432365e-02 5.250022553752e+00 1.503983e-01 5.099624e+00 2.220446e-16 -2.220446e-16
1.415516e-02 5.250022596731e+00 1.486292e-01 5.101393e+00 4.232725e-16 -1.998401e-15
1.401013e-02 5.250022638906e+00 1.471064e-01 5.102916e+00 1.491862e-16 -8.548717e-15
1.388864e-02 5.250022680241e+00 1.458307e-01 5.104192e+00 2.983724e-16 -2.331468e-15
1.379075e-02 5.250022720699e+00 1.448029e-01 5.105220e+00 3.053113e-16 1.221245e-15
1.371652e-02 5.250022760241e+00 1.440234e-01 5.105999e+00 2.185752e-16 -4.996004e-15
1.366601e-02 5.250022798824e+00 1.434931e-01 5.106530e+00 2.706169e-16 -1.221245e-15
1.363930e-02 5.250022836404e+00 1.432126e-01 5.106810e+00 2.289835e-16 -1.665335e-15
1.363643e-02 5.250022872933e+00 1.431826e-01 5.106840e+00 2.879641e-16 -5.107026e-15
1.365748e-02 5.250022908362e+00 1.434035e-01 5.106619e+00 3.330669e-16 -2.664535e-15
1.370249e-02 5.250022942639e+00 1.438762e-01 5.106147e+00 1.804112e-16 -3.774758e-15
1.377152e-02 5.250022975709e+00 1.446010e-01 5.105422e+00 2.220446e-16 1.887379e-15
1.386463e-02 5.250023007516e+00 1.455786e-01 5.104444e+00 3.226586e-16 -2.886580e-15
1.398187e-02 5.250023038001e+00 1.468096e-01 5.103213e+00 2.602085e-16 -1.332268e-15
1.412328e-02 5.250023067102e+00 1.482944e-01 5.101729e+00 1.422473e-16 1.110223e-16
1.428891e-02 5.250023094757e+00 1.500335e-01 5.099990e+00 1.873501e-16 1.998401e-15
1.447881e-02 5.250023120899e+00 1.520275e-01 5.097996e+00 2.949030e-16 1.776357e-15
1.469302e-02 5.250023145463e+00 1.542767e-01 5.095746e+00 2.532696e-16 -7.771561e-16
1.493158e-02 5.250023168379e+00 1.567816e-01 5.093242e+00 2.289835e-16 -1.443290e-15
1.519453e-02 5.250023189577e+00 1.595426e-01 5.090481e+00 2.636780e-16 1.443290e-15
1.548190e-02 5.250023208985e+00 1.625600e-01 5.087463e+00 1.804112e-16 -1.665335e-15
1.579373e-02 5.250023226531e+00 1.658342e-01 5.084189e+00 2.081668e-16 -7.771561e-16
1.613004e-02 5.250023242140e+00 1.693654e-01 5.080658e+00 3.018419e-16 -2.886580e-15
1.649086e-02 5.250023255737e+00 1.731540e-01 5.076869e+00 1.630640e-16 3.996803e-15
1.687621e-02 5.250023267247e+00 1.772002e-01 5.072823e+00 2.359224e-16 -1.776357e-15
1.728611e-02 5.250023276594e+00 1.815042e-01 5.068519e+00 2.758210e-16 0.000000e+00
1.772059e-02 5.250023283703e+00 1.860662e-01 5.063957e+00 1.595946e-16 -8.881784e-16
1.817964e-02 5.250023288497e+00 1.908862e-01 5.059137e+00 1.040834e-16 -8.881784e-16
1.866328e-02 5.250023290901e+00 1.959645e-01 5.054059e+00 1.092876e-16 -2.442491e-15
1.917152e-02 5.250023290839e+00 2.013010e-01 5.048722e+00 1.153591e-16 -1.887379e-15
1.970436e-02 5.250023288239e+00 2.068958e-01 5.043128e+00 3.139849e-16 -4.440892e-16
2.026179e-02 5.250023283026e+00 2.127488e-01 5.037274e+00 1.968911e-16 3.330669e-15
2.084381e-02 5.250023275130e+00 2.188600e-01 5.031163e+00 1.916869e-16 -3.219647e-15
2.145042e-02 5.250023264479e+00 2.252294e-01 5.024794e+00 2.289835e-16 2.331468e-15
2.208158e-02 5.250023251008e+00 2.318566e-01 5.018167e+00 3.361027e-16 1.998401e-15
2.273729e-02 5.250023234649e+00 2.387416e-01 5.011282e+00 3.486794e-16 -4.107825e-15
2.341753e-02 5.250023215340e+00 2.458840e-01 5.004139e+00 2.508844e-16 -6.661338e-16
2.412225e-02 5.250023193020e+00 2.532837e-01 4.996740e+00 2.975051e-16 -1.665335e-15
2.485144e-02 5.250023167632e+00 2.609402e-01 4.989083e+00 2.667679e-16 -1.110223e-16
2.560506e-02 5.250023139122e+00 2.688531e-01 4.981170e+00 6.527981e-16 3.330669e-15
2.638306e-02 5.250023107440e+00 2.770221e-01 4.973001e+00 4.161168e-16 -4.440892e-16
2.718539e-02 5.250023072537e+00 2.854466e-01 4.964576e+00 1.292369e-16 1.998401e-15
2.801201e-02 5.250023034372e+00 2.941261e-01 4.955897e+00 5.928417e-16 3.108624e-15
2.886286e-02 5.250022992907e+00 3.030600e-01 4.946963e+00 5.629178e-16 -4.329870e-15
2.973787e-02 5.250022948106e+00 3.122476e-01 4.937775e+00 4.623038e-16 -2.553513e-15
3.063698e-02 5.250022899940e+00 3.216883e-01 4.928335e+00 5.238865e-16 4.440892e-15
3.156012e-02 5.250022848384e+00 3.313813e-01 4.918642e+00 3.538836e-16 -2.220446e-15
3.250721e-02 5.250022793418e+00 3.413257e-01 4.908697e+00 5.941428e-16 2.442491e-15
3.347816e-02 5.250022735027e+00 3.515207e-01 4.898502e+00 4.614364e-16 -1.110223e-15
3.447290e-02 5.250022673201e+00 3.619655e-01 4.888057e+00 6.435824e-16 2.886580e-15
3.549132e-02 5.250022607935e+00 3.726589e-01 4.877364e+00 5.464379e-16 9.992007e-15
3.653334e-02 5.250022539229e+00 3.836000e-01 4.866423e+00 5.325601e-16 6.550316e-15
3.759883e-02 5.250022467088e+00 3.947877e-01 4.855235e+00 4.544976e-16 -2.220446e-15
3.868771e-02 5.250022391525e+00 4.062209e-01 4.843801e+00 6.158268e-16 8.770762e-15
3.979984e-02 5.250022312553e+00 4.178983e-01 4.832124e+00 4.007211e-16 -2.553513e-15
4.093512e-02 5.250022230196e+00 4.298188e-01 4.820203e+00 3.157197e-16 -7.771561e-16
4.209342e-02 5.250022144479e+00 4.419809e-01 4.808041e+00 5.256212e-16 3.774758e-15
4.327461e-02 5.250022055433e+00 4.543834e-01 4.795639e+00 5.342948e-16 2.775558e-15
4.447856e-02 5.250021963095e+00 4.670248e-01 4.782997e+00 3.261280e-16 1.110223e-16
4.570512e-02 5.250021867506e+00 4.799037e-01 4.770118e+00 3.885781e-16 7.771561e-16
4.695415e-02 5.250021768711e+00 4.930186e-01 4.757003e+00 2.393918e-16 2.109424e-15
4.822550e-02 5.250021666761e+00 5.063678e-01 4.743654e+00 4.475587e-16 -6.661338e-16
4.951902e-02 5.250021561710e+00 5.199497e-01 4.730072e+00 4.857226e-16 6.439294e-15
5.083455e-02 5.250021453617e+00 5.337628e-01 4.716259e+00 3.885781e-16 -1.110223e-15
5.217192e-02 5.250021342543e+00 5.478052e-01 4.702216e+00 -3.469447e-17 2.442491e-15
5.353097e-02 5.250021228555e+00 5.620752e-01 4.687946e+00 9.367507e-17 7.771561e-16
5.491152e-02 5.250021111722e+00 5.765710e-01 4.673450e+00 -8.673617e-17 3.219647e-15
5.631340e-02 5.250020992115e+00 5.912907e-01 4.658730e+00 4.232725e-16 6.106227e-15
5.773642e-02 5.250020869810e+00 6.062324e-01 4.643788e+00 -2.046974e-16 3.108624e-15
5.918040e-02 5.250020744883e+00 6.213942e-01 4.628627e+00 -4.857226e-17 4.551914e-15
6.064515e-02 5.250020617413e+00 6.367741e-01 4.613247e+00 -2.116363e-16 1.776357e-15
6.213047e-02 5.250020487483e+00 6.523699e-01 4.597651e+00 -7.598089e-16 -8.881784e-16
6.363617e-02 5.250020355174e+00 6.681798e-01 4.581841e+00 3.261280e-16 7.771561e-16
6.516204e-02 5.250020220570e+00 6.842015e-01 4.565819e+00 7.979728e-17 1.665335e-15
6.670789e-02 5.250020083755e+00 7.004328e-01 4.549587e+00 -2.844947e-16 8.881784e-16
6.827349e-02 5.250019944814e+00 7.168717e-01 4.533148e+00 -1.595946e-16 -6.661338e-16
6.985865e-02 5.250019803833e+00 7.335158e-01 4.516504e+00 -1.033895e-15 2.664535e-15
7.146314e-02 5.250019660896e+00 7.503630e-01 4.499657e+00 -4.718448e-16 7.771561e-16
7.308674e-02 5.250019516088e+00 7.674108e-01 4.482609e+00 -3.538836e-16 9.992007e-16
7.472925e-02 5.250019369493e+00 7.846571e-01 4.465362e+00 -9.020562e-17 3.219647e-15
7.639042e-02 5.250019221194e+00 8.020994e-01 4.447920e+00 -6.591949e-16 1.443290e-15
7.807004e-02 5.250019071273e+00 8.197354e-01 4.430284e+00 -6.938894e-18 1.887379e-15
7.976787e-02 5.250018919809e+00 8.375626e-01 4.412456e+00 -1.387779e-16 -4.440892e-16
8.148368e-02 5.250018766881e+00 8.555787e-01 4.394440e+00 -6.245005e-17 3.330669e-15
8.321724e-02 5.250018612567e+00 8.737811e-01 4.376238e+00 5.551115e-17 7.438494e-15
8.496832e-02 5.250018456939e+00 8.921673e-01 4.357851e+00 4.232725e-16 3.108624e-15
8.673666e-02 5.250018300072e+00 9.107350e-01 4.339283e+00 -1.595946e-16 -4.107825e-15
8.852204e-02 5.250018142034e+00 9.294814e-01 4.320537e+00 1.013079e-15 1.554312e-15
9.032421e-02 5.250017982892e+00 9.484042e-01 4.301614e+00 -1.942890e-16 3.330669e-15
9.214292e-02 5.250017822712e+00 9.675007e-01 4.282517e+00 7.632783e-16 -1.554312e-15
9.397793e-02 5.250017661555e+00 9.867682e-01 4.263249e+00 5.967449e-16 8.881784e-16
9.582898e-02 5.250017499480e+00 1.006204e+00 4.243813e+00 3.608225e-16 5.551115e-16
9.769584e-02 5.250017336543e+00 1.025806e+00 4.224211e+00 -4.163336e-16 1.443290e-15
9.957824e-02 5.250017172798e+00 1.045572e+00 4.204446e+00 -6.245005e-17 -9.992007e-16
1.014759e-01 5.250017008295e+00 1.065497e+00 4.184520e+00 2.151057e-16 -2.220446e-15
1.033887e-01 5.250016843082e+00 1.085581e+00 4.164436e+00 8.396062e-16 3.663736e-15
1.053162e-01 5.250016677203e+00 1.105820e+00 4.144197e+00 2.359224e-16 9.992007e-16
1.072582e-01 5.250016510700e+00 1.126212e+00 4.123805e+00 -1.110223e-16 -7.771561e-16
1.092146e-01 5.250016343613e+00 1.146753e+00 4.103263e+00 2.289835e-16 6.439294e-15
1.111849e-01 5.250016175978e+00 1.167441e+00 4.082575e+00 -3.191891e-16 4.440892e-16
1.131690e-01 5.250016007829e+00 1.188274e+00 4.061742e+00 -3.677614e-16 -1.665335e-15
1.151665e-01 5.250015839199e+00 1.209249e+00 4.040767e+00 -4.163336e-17 8.881784e-16
1.171773e-01 5.250015670117e+00 1.230362e+00 4.019654e+00 8.326673e-17 4.440892e-16
1.192011e-01 5.250015500611e+00 1.251611e+00 3.998404e+00 3.261280e-16 3.885781e-15
1.212375e-01 5.250015330705e+00 1.272994e+00 3.977021e+00 2.359224e-16 -7.771561e-16
1.232864e-01 5.250015160424e+00 1.294507e+00 3.955508e+00 -2.636780e-16 5.329071e-15
1.253474e-01 5.250014989791e+00 1.316148e+00 3.933867e+00 4.996004e-16 -1.443290e-15
1.274204e-01 5.250014818825e+00 1.337914e+00 3.912101e+00 -4.857226e-16 -2.886580e-15
1.295050e-01 5.250014647546e+00 1.359802e+00 3.890212e+00 7.632783e-17 -4.662937e-15
1.316009e-01 5.250014475972e+00 1.381810e+00 3.868205e+00 -5.551115e-17 2.997602e-15
1.337079e-01 5.250014304121e+00 1.403933e+00 3.846081e+00 -4.371503e-16 2.442491e-15
1.358258e-01 5.250014132010e+00 1.426171e+00 3.823843e+00 6.453171e-16 -6.994405e-15
1.379542e-01 5.250013959653e+00 1.448519e+00 3.801495e+00 1.665335e-16 -4.662937e-15
1.400929e-01 5.250013787067e+00 1.470975e+00 3.779038e+00 -3.747003e-16 -3.663736e-15
1.422416e-01 5.250013614266e+00 1.493537e+00 3.756477e+00 1.110223e-16 -3.663736e-15
1.444000e-01 5.250013441265e+00 1.516200e+00 3.733813e+00 -3.885781e-16 2.442491e-15
1.465679e-01 5.250013268080e+00 1.538963e+00 3.711050e+00 -3.191891e-16 -4.218847e-15
1.487450e-01 5.250013094724e+00 1.561823e+00 3.688190e+00 -1.249001e-16 -2.442491e-15
1.509310e-01 5.250012921214e+00 1.584776e+00 3.665237e+00 9.714451e-17 1.443290e-15
1.531257e-01 5.250012747564e+00 1.607820e+00 3.642193e+00 6.106227e-16 -2.775558e-15
1.553287e-01 5.250012573791e+00 1.630951e+00 3.619061e+00 -1.124101e-15 6.661338e-16
1.575398e-01 5.250012399909e+00 1.654168e+00 3.595844e+00 1.387779e-16 -1.221245e-15
1.597587e-01 5.250012225937e+00 1.677467e+00 3.572546e+00 -1.387779e-17 -6.772360e-15
1.619852e-01 5.250012051891e+00 1.700845e+00 3.549168e+00 4.579670e-16 -5.995204e-15
1.642189e-01 5.250011877790e+00 1.724299e+00 3.525713e+00 3.469447e-16 -7.438494e-15
1.664596e-01 5.250011703652e+00 1.747826e+00 3.502186e+00 -4.718448e-16 -1.554312e-15
1.687070e-01 5.250011529497e+00 1.771424e+00 3.478588e+00 3.885781e-16 2.220446e-16
1.709608e-01 5.250011355345e+00 1.795089e+00 3.454923e+00 3.608225e-16 -6.994405e-15
1.732208e-01 5.250011181217e+00 1.818819e+00 3.431193e+00 3.191891e-16 -3.996803e-15
1.754867e-01 5.250011007134e+00 1.842610e+00 3.407401e+00 -2.636780e-16 -6.328271e-15
1.777581e-01 5.250010833119e+00 1.866460e+00 3.383551e+00 -4.302114e-16 -4.329870e-15
1.800348e-01 5.250010659196e+00 1.890366e+00 3.359645e+00 -1.942890e-16 -6.439294e-15
1.823166e-01 5.250010485388e+00 1.914324e+00 3.335686e+00 -6.245005e-16 -5.551115e-15
1.846031e-01 5.250010311721e+00 1.938333e+00 3.311677e+00 4.579670e-16 -5.440093e-15
1.868941e-01 5.250010138219e+00 1.962389e+00 3.287622e+00 -4.857226e-16 -5.107026e-15
1.891893e-01 5.250009964910e+00 1.986488e+00 3.263522e+00 -6.938894e-17 -7.771561e-16
1.914885e-01 5.250009791819e+00 2.010629e+00 3.239381e+00 5.551115e-17 -5.884182e-15
1.937912e-01 5.250009618975e+00 2.034808e+00 3.215202e+00 -9.020562e-16 -5.551115e-15
1.960973e-01 5.250009446405e+00 2.059022e+00 3.190988e+00 2.775558e-17 -4.107825e-15
1.984065e-01 5.250009274139e+00 2.083268e+00 3.166741e+00 -8.326673e-17 -3.108624e-15
2.007185e-01 5.250009102205e+00 2.107544e+00 3.142465e+00 -2.775558e-17 -3.996803e-15
2.030330e-01 5.250008930633e+00 2.131846e+00 3.118163e+00 5.828671e-16 -6.217249e-15
2.053497e-01 5.250008759455e+00 2.156172e+00 3.093837e+00 -1.804112e-16 -3.219647e-15
2.076684e-01 5.250008588700e+00 2.180519e+00 3.069490e+00 3.191891e-16 -2.886580e-15
2.099888e-01 5.250008418401e+00 2.204883e+00 3.045126e+00 2.775558e-17 -4.440892e-15
2.123106e-01 5.250008248589e+00 2.229262e+00 3.020747e+00 -1.387779e-16 -6.661338e-16
2.146336e-01 5.250008079296e+00 2.253653e+00 2.996356e+00 5.551115e-17 -5.773160e-15
2.169574e-01 5.250007910557e+00 2.278053e+00 2.971955e+00 5.967449e-16 -7.438494e-15
2.192818e-01 5.250007742403e+00 2.302459e+00 2.947549e+00 1.942890e-16 -1.110223e-15
2.216065e-01 5.250007574870e+00 2.326868e+00 2.923140e+00 9.575674e-16 -3.219647e-15
2.239312e-01 5.250007407993e+00 2.351278e+00 2.898730e+00 9.020562e-16 -2.442491e-15
2.262557e-01 5.250007241805e+00 2.375685e+00 2.874322e+00 -1.387779e-17 -3.885781e-15
2.285797e-01 5.250007076344e+00 2.400087e+00 2.849920e+00 -4.718448e-16 -2.775558e-15
2.309029e-01 5.250006911646e+00 2.424481e+00 2.825526e+00 -1.249001e-16 -3.330669e-15
2.332251e-01 5.250006747748e+00 2.448863e+00 2.801143e+00 5.828671e-16 3.330669e-16
2.355460e-01 5.250006584688e+00 2.473232e+00 2.776774e+00 4.579670e-16 -2.886580e-15
2.378652e-01 5.250006422506e+00 2.497585e+00 2.752422e+00 -1.804112e-16 -6.328271e-15
2.401827e-01 5.250006261241e+00 2.521918e+00 2.728088e+00 -5.273559e-16 -3.774758e-15
2.424980e-01 5.250006100934e+00 2.546229e+00 2.703777e+00 8.187895e-16 -4.773959e-15
2.448109e-01 5.250005941627e+00 2.570515e+00 2.679491e+00 -2.914335e-16 -2.775558e-15
2.471212e-01 5.250005783361e+00 2.594773e+00 2.655233e+00 2.636780e-16 -3.330669e-15
2.494286e-01 5.250005626182e+00 2.619000e+00 2.631005e+00 -1.804112e-16 -3.996803e-15
2.517329e-01 5.250005470133e+00 2.643195e+00 2.606810e+00 -6.800116e-16 -8.881784e-16
2.540337e-01 5.250005315262e+00 2.667354e+00 2.582651e+00 9.714451e-17 -5.884182e-15
2.563309e-01 5.250005161614e+00 2.691474e+00 2.558531e+00 8.326673e-16 -4.107825e-15
2.586241e-01 5.250005009240e+00 2.715553e+00 2.534452e+00 -8.465451e-16 -7.771561e-15
2.609132e-01 5.250004858187e+00 2.739588e+00 2.510416e+00 1.956768e-15 -9.992007e-16
2.631978e-01 5.250004708508e+00 2.763577e+00 2.486428e+00 1.387779e-15 -6.994405e-15
2.654778e-01 5.250004560254e+00 2.787517e+00 2.462488e+00 8.465451e-16 -5.440093e-15
2.677529e-01 5.250004413480e+00 2.811405e+00 2.438599e+00 5.412337e-16 -8.881784e-16
2.700228e-01 5.250004268239e+00 2.835239e+00 2.414765e+00 3.885781e-16 -7.216450e-15
2.722873e-01 5.250004124589e+00 2.859016e+00 2.390988e+00 1.804112e-16 -4.884981e-15
2.745461e-01 5.250003982586e+00 2.882735e+00 2.367269e+00 1.387779e-16 -5.440093e-15
2.767991e-01 5.250003842290e+00 2.906391e+00 2.343613e+00 1.013079e-15 -2.997602e-15
2.790460e-01 5.250003703759e+00 2.929983e+00 2.320020e+00 8.326673e-17 -2.553513e-15
2.812866e-01 5.250003567055e+00 2.953509e+00 2.296494e+00 6.938894e-16 -6.439294e-15
2.835206e-01 5.250003432240e+00 2.976966e+00 2.273037e+00 3.191891e-16 -5.218048e-15
2.857478e-01 5.250003299376e+00 3.000352e+00 2.249652e+00 3.053113e-16 -4.440892e-15
2.879680e-01 5.250003168528e+00 3.023664e+00 2.226339e+00 1.179612e-15 -2.664535e-15
2.901810e-01 5.250003039758e+00 3.046900e+00 2.203103e+00 1.249001e-16 -2.775558e-15
2.923865e-01 5.250002913133e+00 3.070058e+00 2.179945e+00 9.159340e-16 -2.220446e-15
2.945844e-01 5.250002788717e+00 3.093136e+00 2.156867e+00 -6.383782e-16 -5.662137e-15
2.967744e-01 5.250002666577e+00 3.116131e+00 2.133872e+00 -5.134781e-16 -3.885781e-15
2.989563e-01 5.250002546777e+00 3.139041e+00 2.110961e+00 6.661338e-16 -2.220446e-15
3.011300e-01 5.250002429385e+00 3.161865e+00 2.088138e+00 -5.551115e-16 -4.773959e-15
3.032952e-01 5.250002314464e+00 3.184599e+00 2.065403e+00 1.304512e-15 -2.442491e-15
3.054517e-01 5.250002202080e+00 3.207243e+00 2.042759e+00 -1.471046e-15 -3.774758e-15
3.075994e-01 5.250002092298e+00 3.229794e+00 2.020208e+00 -5.551115e-17 -7.660539e-15
3.097381e-01 5.250001985181e+00 3.252250e+00 1.997752e+00 3.053113e-16 -4.440892e-15
3.118675e-01 5.250001880791e+00 3.274609e+00 1.975393e+00 -2.498002e-16 -4.662937e-15
3.139876e-01 5.250001779189e+00 3.296870e+00 1.953132e+00 3.885781e-16 -1.887379e-15
3.160981e-01 5.250001680435e+00 3.319030e+00 1.930972e+00 -5.551115e-17 -4.551914e-15
3.181988e-01 5.250001584587e+00 3.341088e+00 1.908914e+00 -8.049117e-16 -1.221245e-15
3.202897e-01 5.250001491700e+00 3.363042e+00 1.886960e+00 1.221245e-15 -1.665335e-15
3.223705e-01 5.250001401828e+00 3.384890e+00 1.865112e+00 1.110223e-15 -3.330669e-16
3.244410e-01 5.250001315020e+00 3.406631e+00 1.843370e+00 -2.498002e-16 -1.443290e-15
3.265012e-01 5.250001231326e+00 3.428263e+00 1.821738e+00 -2.498002e-16 -4.440892e-15
3.285509e-01 5.250001150789e+00 3.449785e+00 1.800216e+00 2.775558e-17 -4.773959e-15
3.305900e-01 5.250001073452e+00 3.471195e+00 1.778806e+00 -2.775558e-16 -2.886580e-15
3.326182e-01 5.250000999352e+00 3.492491e+00 1.757510e+00 9.159340e-16 6.661338e-16
3.346356e-01 5.250000928523e+00 3.513673e+00 1.736328e+00 6.938894e-16 -1.221245e-15
3.366418e-01 5.250000860995e+00 3.534739e+00 1.715261e+00 1.720846e-15 -3.330669e-15
3.386370e-01 5.250000796795e+00 3.555688e+00 1.694313e+00 -3.053113e-16 -6.106227e-15
3.406208e-01 5.250000735942e+00 3.576518e+00 1.673482e+00 -2.026157e-15 -3.441691e-15
3.425933e-01 5.250000678454e+00 3.597229e+00 1.652772e+00 -2.498002e-16 -2.775558e-15
3.445542e-01 5.250000624342e+00 3.617819e+00 1.632181e+00 7.771561e-16 -4.551914e-15
3.465036e-01 5.250000573612e+00 3.638287e+00 1.611713e+00 -2.775558e-16 -4.773959e-15
3.484412e-01 5.250000526266e+00 3.658633e+00 1.591368e+00 -4.440892e-16 -4.107825e-15
3.503671e-01 5.250000482299e+00 3.678854e+00 1.571146e+00 7.216450e-16 -1.665335e-15
3.522811e-01 5.250000441701e+00 3.698951e+00 1.551049e+00 -1.665335e-16 -2.664535e-15
3.541831e-01 5.250000404456e+00 3.718923e+00 1.531078e+00 4.440892e-16 -5.662137e-15
3.560732e-01 5.250000370543e+00 3.738768e+00 1.511232e+00 -3.330669e-16 2.220446e-16
3.579511e-01 5.250000339933e+00 3.758486e+00 1.491514e+00 -1.387779e-15 -2.997602e-15
3.598169e-01 5.250000312594e+00 3.778077e+00 1.471923e+00 -2.442491e-15 -4.107825e-15
3.616704e-01 5.250000288484e+00 3.797539e+00 1.452461e+00 -1.720846e-15 -3.774758e-15
3.635117e-01 5.250000267560e+00 3.816873e+00 1.433128e+00 -1.582068e-15 -2.220446e-15
3.653406e-01 5.250000249767e+00 3.836077e+00 1.413924e+00 1.054712e-15 -4.773959e-15
3.671572e-01 5.250000235048e+00 3.855151e+00 1.394850e+00 -9.159340e-16 -7.216450e-16
3.689614e-01 5.250000223337e+00 3.874094e+00 1.375906e+00 -4.163336e-16 -1.165734e-15
3.707531e-01 5.250000214566e+00 3.892908e+00 1.357093e+00 -4.163336e-16 -3.996803e-15
3.725323e-01 5.250000208655e+00 3.911590e+00 1.338411e+00 -9.992007e-16 -1.776357e-15
3.742991e-01 5.250000205523e+00 3.930140e+00 1.319860e+00 -1.693090e-15 -4.329870e-15
3.760533e-01 5.250000205081e+00 3.948559e+00 1.301441e+00 -9.159340e-16 -3.108624e-15
3.777949e-01 5.250000207235e+00 3.966847e+00 1.283153e+00 -1.110223e-16 -4.829470e-15
3.795240e-01 5.250000211883e+00 3.985002e+00 1.264998e+00 -5.551115e-16 -5.384582e-15
3.812405e-01 5.250000218921e+00 4.003026e+00 1.246975e+00 -9.436896e-16 -6.328271e-15
3.829445e-01 5.250000228236e+00 4.020917e+00 1.229083e+00 -4.440892e-16 -4.607426e-15
3.846358e-01 5.250000239714e+00 4.038676e+00 1.211324e+00 -3.025358e-15 -3.219647e-15
3.863145e-01 5.250000253232e+00 4.056303e+00 1.193698e+00 -1.526557e-15 -5.773160e-15
3.879807e-01 5.250000268666e+00 4.073797e+00 1.176203e+00 -6.938894e-16 0.000000e+00
3.896343e-01 5.250000285884e+00 4.091160e+00 1.158841e+00 -1.415534e-15 -2.386980e-15
3.912752e-01 5.250000304752e+00 4.108390e+00 1.141610e+00 -6.938894e-16 -4.662937e-15
3.929037e-01 5.250000325132e+00 4.125488e+00 1.124512e+00 2.775558e-17 -3.885781e-16
3.945195e-01 5.250000346881e+00 4.142455e+00 1.107545e+00 -2.498002e-15 -2.942091e-15
3.961229e-01 5.250000369855e+00 4.159290e+00 1.090710e+00 -1.748601e-15 -2.664535e-15
3.977136e-01 5.250000393905e+00 4.175993e+00 1.074007e+00 -1.082467e-15 -4.940492e-15
3.992919e-01 5.250000418880e+00 4.192565e+00 1.057435e+00 -1.582068e-15 -2.831069e-15
4.008577e-01 5.250000444627e+00 4.209006e+00 1.040994e+00 -3.858025e-15 -5.440093e-15
4.024111e-01 5.250000470990e+00 4.225316e+00 1.024684e+00 -2.609024e-15 -4.884981e-15
4.039519e-01 5.250000497813e+00 4.241495e+00 1.008505e+00 -1.804112e-15 -4.662937e-15
4.054804e-01 5.250000524938e+00 4.257544e+00 9.924565e-01 -1.582068e-15 -2.775558e-15
4.069964e-01 5.250000552205e+00 4.273463e+00 9.765380e-01 -2.359224e-15 -4.440892e-16
4.085001e-01 5.250000579456e+00 4.289251e+00 9.607495e-01 -1.637579e-15 -4.385381e-15
4.099914e-01 5.250000606530e+00 4.304910e+00 9.450908e-01 -1.804112e-15 -1.554312e-15
4.114704e-01 5.250000633269e+00 4.320439e+00 9.295616e-01 -3.719247e-15 -4.718448e-15
4.129370e-01 5.250000659514e+00 4.335839e+00 9.141617e-01 -1.221245e-15 -2.109424e-15
4.143914e-01 5.250000685108e+00 4.351110e+00 8.988909e-01 -1.415534e-15 -1.720846e-15
4.158335e-01 5.250000709894e+00 4.366252e+00 8.837489e-01 -2.720046e-15 -2.664535e-15
4.172634e-01 5.250000733720e+00 4.381265e+00 8.687355e-01 -2.609024e-15 -1.831868e-15
4.186810e-01 5.250000756432e+00 4.396150e+00 8.538505e-01 -5.828671e-16 -3.719247e-15
4.200864e-01 5.250000777883e+00 4.410907e+00 8.390939e-01 -1.415534e-15 -1.276756e-15
4.214796e-01 5.250000797927e+00 4.425536e+00 8.244653e-01 -2.692291e-15 -2.498002e-15
4.228606e-01 5.250000816421e+00 4.440036e+00 8.099647e-01 -7.494005e-16 -3.497203e-15
4.242294e-01 5.250000833228e+00 4.454409e+00 7.955919e-01 -2.053913e-15 -3.219647e-15
4.255861e-01 5.250000848213e+00 4.468654e+00 7.813469e-01 -2.775558e-16 -3.275158e-15
4.269306e-01 5.250000861247e+00 4.482771e+00 7.672296e-01 -2.442491e-15 -4.496403e-15
4.282630e-01 5.250000872206e+00 4.496761e+00 7.532399e-01 -3.136380e-15 -3.830269e-15
4.295831e-01 5.250000880972e+00 4.510623e+00 7.393778e-01 -2.137179e-15 -4.052314e-15
4.308912e-01 5.250000887433e+00 4.524357e+00 7.256434e-01 -1.776357e-15 -3.719247e-15
4.321871e-01 5.250000891481e+00 4.537964e+00 7.120368e-01 -2.609024e-15 -3.164136e-15
4.334708e-01 5.250000893018e+00 4.551443e+00 6.985579e-01 -2.747802e-15 -4.773959e-15
4.347423e-01 5.250000891952e+00 4.564794e+00 6.852070e-01 -8.881784e-16 -3.996803e-15
4.360016e-01 5.250000888196e+00 4.578017e+00 6.719841e-01 -1.443290e-15 -4.385381e-15
4.372487e-01 5.250000881674e+00 4.591111e+00 6.588896e-01 -1.804112e-15 -2.331468e-15
4.384835e-01 5.250000872316e+00 4.604077e+00 6.459236e-01 -1.387779e-15 -5.828671e-15
4.397061e-01 5.250000860062e+00 4.616914e+00 6.330865e-01 -1.110223e-16 -2.553513e-15
4.409164e-01 5.250000844859e+00 4.629622e+00 6.203785e-01 -7.216450e-16 -1.720846e-15
4.421144e-01 5.250000826665e+00 4.642201e+00 6.078001e-01 -2.581269e-15 -3.885781e-15
4.432999e-01 5.250000805446e+00 4.654649e+00 5.953516e-01 -1.554312e-15 -4.773959e-15
4.444731e-01 5.250000781177e+00 4.666967e+00 5.830334e-01 -1.471046e-15 -5.662137e-15
4.456338e-01 5.250000753844e+00 4.679155e+00 5.708462e-01 -2.081668e-15 -2.609024e-15
4.467819e-01 5.250000723443e+00 4.691210e+00 5.587904e-01 -9.714451e-16 -1.665335e-15
4.479175e-01 5.250000689980e+00 4.703134e+00 5.468666e-01 -8.881784e-16 -3.053113e-15
4.490405e-01 5.250000653472e+00 4.714925e+00 5.350754e-01 -3.302913e-15 -2.886580e-15
4.501508e-01 5.250000613945e+00 4.726583e+00 5.234176e-01 -1.859624e-15 -3.885781e-15
4.512483e-01 5.250000571436e+00 4.738107e+00 5.118937e-01 -1.693090e-15 -3.830269e-15
4.523329e-01 5.250000525996e+00 4.749496e+00 5.005047e-01 -3.608225e-15 -4.218847e-15
4.534047e-01 5.250000477682e+00 4.760749e+00 4.892511e-01 -1.831868e-15 -3.885781e-15
4.544635e-01 5.250000426566e+00 4.771866e+00 4.781340e-01 -8.604228e-16 -2.553513e-15
4.555092e-01 5.250000372728e+00 4.782846e+00 4.671541e-01 -3.247402e-15 -4.052314e-15
4.565417e-01 5.250000316261e+00 4.793688e+00 4.563123e-01 -1.249001e-15 -3.941292e-15
4.575610e-01 5.250000257267e+00 4.804391e+00 4.456097e-01 -2.164935e-15 -3.996803e-15
4.585670e-01 5.250000195860e+00 4.814953e+00 4.350471e-01 -1.776357e-15 -4.163336e-15
4.595595e-01 5.250000132165e+00 4.825375e+00 4.246256e-01 -1.526557e-15 -3.608225e-15
4.605385e-01 5.250000066314e+00 4.835654e+00 4.143462e-01 -1.026956e-15 -3.275158e-15
4.615038e-01 5.249999998452e+00 4.845790e+00 4.042099e-01 -2.498002e-16 -3.719247e-15
4.624554e-01 5.249999928734e+00 4.855782e+00 3.942178e-01 -2.331468e-15 -4.440892e-15
4.633932e-01 5.249999857321e+00 4.865629e+00 3.843712e-01 -1.859624e-15 -3.164136e-15
4.643170e-01 5.249999784386e+00 4.875329e+00 3.746709e-01 -9.436896e-16 -4.274359e-15
4.652268e-01 5.249999710110e+00 4.884881e+00 3.651183e-01 -1.609823e-15 -3.108624e-15
4.661224e-01 5.249999634679e+00 4.894285e+00 3.557144e-01 -1.415534e-15 -2.775558e-15
4.670037e-01 5.249999558291e+00 4.903539e+00 3.464605e-01 -3.608225e-16 -3.830269e-15
4.678707e-01 5.249999481145e+00 4.912642e+00 3.373576e-01 2.775558e-17 -3.830269e-15
4.687231e-01 5.249999403451e+00 4.921592e+00 3.284070e-01 -1.054712e-15 -4.163336e-15
4.695609e-01 5.249999325422e+00 4.930389e+00 3.196099e-01 -1.443290e-15 -5.551115e-15
4.703840e-01 5.249999247274e+00 4.939032e+00 3.109673e-01 -1.748601e-15 -5.329071e-15
4.711923e-01 5.249999169228e+00 4.947519e+00 3.024805e-01 -1.332268e-15 -4.163336e-15
4.719856e-01 5.249999091509e+00 4.955848e+00 2.941507e-01 -1.082467e-15 -3.053113e-15
4.727638e-01 5.249999014340e+00 4.964020e+00 2.859789e-01 -1.637579e-15 -4.940492e-15
4.735269e-01 5.249998937948e+00 4.972033e+00 2.779664e-01 -2.081668e-15 -2.997602e-15
4.742747e-01 5.249998862557e+00 4.979885e+00 2.701141e-01 -2.775558e-17 -3.663736e-15
4.750072e-01 5.249998788393e+00 4.987576e+00 2.624233e-01 -2.220446e-15 -3.386180e-15
4.757242e-01 5.249998715675e+00 4.995104e+00 2.548949e-01 -2.414735e-15 -4.274359e-15
4.764256e-01 5.249998644622e+00 5.002469e+00 2.475299e-01 -1.804112e-15 -3.330669e-15
4.771113e-01 5.249998575445e+00 5.009669e+00 2.403294e-01 -2.609024e-15 -4.773959e-15
4.777813e-01 5.249998508352e+00 5.016704e+00 2.332944e-01 -2.331468e-15 -3.719247e-15
4.784355e-01 5.249998443542e+00 5.023573e+00 2.264256e-01 -2.331468e-15 -4.662937e-15
4.790737e-01 5.249998381204e+00 5.030274e+00 2.197241e-01 -1.748601e-15 -4.551914e-15
4.796960e-01 5.249998321520e+00 5.036808e+00 2.131905e-01 -2.275957e-15 -4.607426e-15
4.803021e-01 5.249998264659e+00 5.043172e+00 2.068258e-01 -1.387779e-15 -4.551914e-15
4.808922e-01 5.249998210780e+00 5.049368e+00 2.006306e-01 8.326673e-17 -4.135581e-15
4.814660e-01 5.249998160025e+00 5.055393e+00 1.946055e-01 2.775558e-16 -4.524159e-15
4.820235e-01 5.249998112526e+00 5.061247e+00 1.887512e-01 -2.775558e-16 -4.024558e-15
4.825647e-01 5.249998068395e+00 5.066930e+00 1.830682e-01 -1.471046e-15 -4.218847e-15
4.830896e-01 5.249998027730e+00 5.072441e+00 1.775570e-01 -4.440892e-16 -4.163336e-15
4.835981e-01 5.249997990610e+00 5.077780e+00 1.722181e-01 -1.748601e-15 -4.968248e-15
4.840901e-01 5.249997957095e+00 5.082946e+00 1.670518e-01 -8.604228e-16 -4.801715e-15
4.845657e-01 5.249997927225e+00 5.087940e+00 1.620584e-01 -1.665335e-16 -4.829470e-15
4.850247e-01 5.249997901020e+00 5.092760e+00 1.572381e-01 -1.360023e-15 -4.551914e-15
4.854673e-01 5.249997878477e+00 5.097407e+00 1.525911e-01 -8.326673e-16 -4.440892e-15
4.858934e-01 5.249997859572e+00 5.101880e+00 1.481176e-01 -2.164935e-15 -4.329870e-15
4.863029e-01 5.249997844257e+00 5.106180e+00 1.438174e-01 7.771561e-16 -4.524159e-15
4.866959e-01 5.249997832463e+00 5.110307e+00 1.396908e-01 7.771561e-16 -4.191092e-15
4.870724e-01 5.249997824092e+00 5.114260e+00 1.357374e-01 -8.881784e-16 -3.691492e-15
4.874324e-01 5.249997819027e+00 5.118041e+00 1.319572e-01 -5.551115e-17 -4.773959e-15
4.877760e-01 5.249997817122e+00 5.121648e+00 1.283501e-01 3.330669e-16 -4.996004e-15
4.881031e-01 5.249997818210e+00 5.125082e+00 1.249156e-01 -1.165734e-15 -4.579670e-15
4.884137e-01 5.249997822097e+00 5.128344e+00 1.216535e-01 -6.106227e-16 -5.134781e-15
4.887080e-01 5.249997828565e+00 5.131434e+00 1.185635e-01 -2.997602e-15 -4.829470e-15
4.889860e-01 5.249997837371e+00 5.134353e+00 1.156451e-01 -1.609823e-15 -4.801715e-15
4.892476e-01 5.249997848250e+00 5.137100e+00 1.128978e-01 -2.331468e-15 -4.718448e-15
4.894930e-01 5.249997860911e+00 5.139677e+00 1.103212e-01 -2.220446e-15 -4.773959e-15
4.897222e-01 5.249997875043e+00 5.142083e+00 1.079146e-01 -1.776357e-15 -4.357625e-15
4.899353e-01 5.249997890311e+00 5.144320e+00 1.056776e-01 -1.387779e-15 -4.607426e-15
4.901322e-01 5.249997906359e+00 5.146388e+00 1.036096e-01 -2.053913e-15 -4.829470e-15
4.903131e-01 5.249997922814e+00 5.148288e+00 1.017099e-01 -2.775558e-16 -4.968248e-15
4.904781e-01 5.249997939281e+00 5.150020e+00 9.997783e-02 2.220446e-16 -4.773959e-15
4.906272e-01 5.249997955349e+00 5.151585e+00 9.841285e-02 -1.942890e-15 -4.773959e-15
4.907604e-01 5.249997970592e+00 5.152984e+00 9.701429e-02 -8.881784e-16 -4.968248e-15
4.908778e-01 5.249997984569e+00 5.154216e+00 9.578150e-02 -1.054712e-15 -4.940492e-15
4.909794e-01 5.249997996827e+00 5.155284e+00 9.471385e-02 -1.665335e-15 -5.051515e-15
4.910655e-01 5.249998006901e+00 5.156187e+00 9.381075e-02 -2.109424e-15 -5.190293e-15
4.911358e-01 5.249998014321e+00 5.156926e+00 9.307160e-02 -1.776357e-15 -5.134781e-15
4.911907e-01 5.249998018607e+00 5.157502e+00 9.249585e-02 -2.164935e-15 -5.148659e-15
4.912300e-01 5.249998019278e+00 5.157915e+00 9.208299e-02 6.661338e-16 -5.218048e-15
4.912539e-01 5.249998015848e+00 5.158165e+00 9.183254e-02 -1.498801e-15 -5.218048e-15
4.912623e-01 5.249998007833e+00 5.158254e+00 9.174411e-02 -1.276756e-15 -5.231926e-15
4.912553e-01 5.249997994753e+00 5.158181e+00 9.181733e-02 -2.609024e-15 -5.190293e-15
4.912330e-01 5.249997976132e+00 5.157946e+00 9.205192e-02 -1.831868e-15 -5.245804e-15
4.911953e-01 5.249997951502e+00 5.157550e+00 9.244768e-02 -9.992007e-16 -5.287437e-15
4.911422e-01 5.249997920407e+00 5.156993e+00 9.300447e-02 1.665335e-16 -5.315193e-15
4.910739e-01 5.249997882403e+00 5.156276e+00 9.372226e-02 -8.326673e-16 -5.315193e-15
4.909902e-01 5.249997837061e+00 5.155397e+00 9.460110e-02 -1.276756e-15 -5.287437e-15
4.908911e-01 5.249997783972e+00 5.154357e+00 9.564117e-02 -1.221245e-15 -5.329071e-15
4.907767e-01 5.249997722747e+00 5.153155e+00 9.684272e-02 -6.106227e-16 -5.190293e-15
4.906468e-01 5.249997653020e+00 5.151792e+00 9.820614e-02 -6.106227e-16 -5.273559e-15
4.905015e-01 5.249997574452e+00 5.150266e+00 9.973194e-02 -3.608225e-15 -5.301315e-15
4.903406e-01 5.249997486731e+00 5.148577e+00 1.014207e-01 -2.053913e-15 -5.398459e-15
4.901642e-01 5.249997389575e+00 5.146724e+00 1.032733e-01 -1.554312e-15 -5.634382e-15
4.899721e-01 5.249997282735e+00 5.144707e+00 1.052905e-01 -1.720846e-15 -5.308254e-15
4.897642e-01 5.249997165996e+00 5.142524e+00 1.074733e-01 -5.551115e-16 -5.370704e-15
4.895404e-01 5.249997039180e+00 5.140174e+00 1.098230e-01 -2.664535e-15 -5.273559e-15
4.893006e-01 5.249996902146e+00 5.137656e+00 1.123408e-01 -2.164935e-15 -5.037637e-15
4.890446e-01 5.249996754790e+00 5.134969e+00 1.150282e-01 -1.054712e-15 -5.322132e-15
4.887724e-01 5.249996597051e+00 5.132110e+00 1.178868e-01 -2.109424e-15 -5.516421e-15
4.884836e-01 5.249996428908e+00 5.129078e+00 1.209183e-01 -7.216450e-16 -5.294376e-15
4.881782e-01 5.249996250382e+00 5.125872e+00 1.241247e-01 -1.054712e-15 -5.093148e-15
4.878560e-01 5.249996061533e+00 5.122488e+00 1.275078e-01 -7.771561e-16 -5.776629e-15
4.875168e-01 5.249995862468e+00 5.118926e+00 1.310699e-01 -1.332268e-15 -5.398459e-15
4.871602e-01 5.249995653331e+00 5.115182e+00 1.348134e-01 -1.554312e-15 -5.627443e-15
4.867862e-01 5.249995434310e+00 5.111255e+00 1.387407e-01 -1.110223e-15 -5.197232e-15
4.863944e-01 5.249995205633e+00 5.107141e+00 1.428543e-01 -1.054712e-15 -5.472185e-15
4.859846e-01 5.249994967565e+00 5.102838e+00 1.471570e-01 -9.436896e-16 -5.335142e-15
4.855565e-01 5.249994720412e+00 5.098343e+00 1.516516e-01 -1.110223e-15 -5.212844e-15
4.851098e-01 5.249994464512e+00 5.093653e+00 1.563411e-01 -1.554312e-15 -5.519890e-15
4.846443e-01 5.249994200239e+00 5.088766e+00 1.612286e-01 -2.275957e-15 -5.089679e-15
4.841597e-01 5.249993927996e+00 5.083677e+00 1.663173e-01 -1.665335e-15 -5.752343e-15
4.836555e-01 5.249993648216e+00 5.078383e+00 1.716105e-01 -2.442491e-15 -5.721118e-15
4.831316e-01 5.249993361356e+00 5.072882e+00 1.771116e-01 -1.110223e-15 -5.950102e-15
4.825875e-01 5.249993067894e+00 5.067169e+00 1.828240e-01 -1.554312e-15 -5.176415e-15
4.820230e-01 5.249992768326e+00 5.061241e+00 1.887514e-01 -9.436896e-16 -5.946632e-15
4.814376e-01 5.249992463165e+00 5.055095e+00 1.948974e-01 -1.609823e-15 -5.259682e-15
4.808311e-01 5.249992152931e+00 5.048726e+00 2.012657e-01 -2.109424e-15 -6.612766e-15
4.802030e-01 5.249991838151e+00 5.042132e+00 2.078600e-01 -2.386980e-15 -5.051515e-15
4.795531e-01 5.249991519356e+00 5.035307e+00 2.146842e-01 -1.054712e-15 -5.918877e-15
4.788809e-01 5.249991197073e+00 5.028249e+00 2.217422e-01 -2.275957e-15 -5.578871e-15
4.781860e-01 5.249990871822e+00 5.020953e+00 2.290378e-01 -2.053913e-15 -5.315193e-15
4.774681e-01 5.249990544116e+00 5.013416e+00 2.365750e-01 -1.498801e-15 -5.634382e-15
4.767269e-01 5.249990214449e+00 5.005633e+00 2.443576e-01 -1.387779e-15 -6.730727e-15
4.759619e-01 5.249989883301e+00 4.997600e+00 2.523896e-01 -3.663736e-15 -5.731526e-15
4.751728e-01 5.249989551129e+00 4.989315e+00 2.606750e-01 -1.776357e-15 -6.411538e-15
4.743592e-01 5.249989218364e+00 4.980772e+00 2.692177e-01 -2.331468e-15 -5.564993e-15
4.735207e-01 5.249988885413e+00 4.971967e+00 2.780215e-01 -2.831069e-15 -5.481726e-15
4.726570e-01 5.249988552649e+00 4.962898e+00 2.870904e-01 -1.665335e-15 -6.925016e-15
4.717676e-01 5.249988220419e+00 4.953560e+00 2.964282e-01 -7.771561e-16 -6.508682e-15
4.708523e-01 5.249987889034e+00 4.943949e+00 3.060389e-01 -3.830269e-15 -6.175616e-15
4.699106e-01 5.249987558776e+00 4.934062e+00 3.159260e-01 -3.053113e-15 -6.161738e-15
4.689423e-01 5.249987229892e+00 4.923894e+00 3.260935e-01 -1.942890e-15 -6.439294e-15
4.679468e-01 5.249986902602e+00 4.913442e+00 3.365451e-01 -2.386980e-15 -6.911138e-15
4.669240e-01 5.249986577096e+00 4.902702e+00 3.472842e-01 -2.220446e-15 -5.190293e-15
4.658735e-01 5.249986253540e+00 4.891672e+00 3.583147e-01 -9.436896e-16 -6.494805e-15
4.647949e-01 5.249985932079e+00 4.880346e+00 3.696400e-01 -2.386980e-15 -8.215650e-15
4.636878e-01 5.249985612843e+00 4.868722e+00 3.812635e-01 -2.164935e-15 -5.329071e-15
4.625520e-01 5.249985295955e+00 4.856796e+00 3.931888e-01 -2.220446e-15 -7.854828e-15
