5.000000e-01 5.250000000000e+00 5.250000e+00 0.000000e+00 -1.137979e-15 0.000000e+00
4.999911e-01 5.249999999792e+00 5.249907e+00 9.340038e-05 -7.771561e-16 -2.341877e-17
4.999644e-01 5.249999999170e+00 5.249626e+00 3.736023e-04 -3.136380e-15 -4.857226e-17
4.999199e-01 5.249999998133e+00 5.249159e+00 8.406084e-04 -3.025358e-15 -1.457168e-16
4.998577e-01 5.249999996684e+00 5.248506e+00 1.494423e-03 -3.386180e-15 -2.116363e-16
4.997776e-01 5.249999994824e+00 5.247665e+00 2.335051e-03 -1.054712e-15 -1.994932e-16
4.996798e-01 5.249999992558e+00 5.246637e+00 3.362500e-03 -1.776357e-15 -3.816392e-17
4.995641e-01 5.249999989888e+00 5.245423e+00 4.576780e-03 -1.554312e-15 -3.955170e-16
4.994307e-01 5.249999986819e+00 5.244022e+00 5.977900e-03 -2.053913e-15 -1.873501e-16
4.992794e-01 5.249999983356e+00 5.242434e+00 7.565872e-03 -2.109424e-15 -1.110223e-16
4.991104e-01 5.249999979504e+00 5.240659e+00 9.340710e-03 -8.326673e-16 -2.706169e-16
4.989236e-01 5.249999975269e+00 5.238698e+00 1.130243e-02 -9.436896e-16 -3.851086e-16
4.987189e-01 5.249999970659e+00 5.236549e+00 1.345104e-02 -2.248202e-15 -2.636780e-16
4.984965e-01 5.249999965681e+00 5.234213e+00 1.578657e-02 8.326673e-17 -8.326673e-17
4.982563e-01 5.249999960343e+00 5.231691e+00 1.830902e-02 -2.442491e-15 -5.689893e-16
4.979982e-01 5.249999954654e+00 5.228982e+00 2.101843e-02 -1.498801e-15 -3.261280e-16
4.977224e-01 5.249999948624e+00 5.226085e+00 2.391480e-02 -2.109424e-15 -9.714451e-17
4.974287e-01 5.249999942262e+00 5.223002e+00 2.699816e-02 -2.386980e-15 -6.869505e-16
4.971173e-01 5.249999935579e+00 5.219731e+00 3.026852e-02 -1.387779e-15 -4.579670e-16
4.967880e-01 5.249999928588e+00 5.216274e+00 3.372592e-02 -2.720046e-15 -9.228729e-16
4.964409e-01 5.249999921299e+00 5.212630e+00 3.737036e-02 -1.942890e-15 -2.636780e-16
4.960760e-01 5.249999913725e+00 5.208798e+00 4.120188e-02 -1.887379e-15 -7.632783e-16
4.956933e-01 5.249999905880e+00 5.204779e+00 4.522049e-02 -2.081668e-15 -2.775558e-16
4.952927e-01 5.249999897778e+00 5.200574e+00 4.942620e-02 -2.525757e-15 -4.163336e-16
4.948744e-01 5.249999889433e+00 5.196181e+00 5.381905e-02 -2.997602e-15 -2.775558e-16
4.944382e-01 5.249999880860e+00 5.191601e+00 5.839905e-02 -3.330669e-15 -1.249001e-16
4.939842e-01 5.249999872074e+00 5.186834e+00 6.316621e-02 -2.303713e-15 -3.608225e-16
4.935123e-01 5.249999863093e+00 5.181879e+00 6.812056e-02 -1.831868e-15 -2.081668e-16
4.930226e-01 5.249999853933e+00 5.176738e+00 7.326211e-02 -2.747802e-15 -4.163336e-16
4.925151e-01 5.249999844612e+00 5.171409e+00 7.859087e-02 -2.692291e-15 -9.714451e-17
4.919898e-01 5.249999835147e+00 5.165893e+00 8.410685e-02 -4.024558e-15 -6.245005e-16
4.914466e-01 5.249999825558e+00 5.160190e+00 8.981007e-02 -3.802514e-15 1.249001e-16
4.908856e-01 5.249999815863e+00 5.154299e+00 9.570052e-02 -4.274359e-15 -1.013079e-15
4.903068e-01 5.249999806082e+00 5.148222e+00 1.017782e-01 -3.275158e-15 -1.124101e-15
4.897102e-01 5.249999796236e+00 5.141957e+00 1.080432e-01 -2.858824e-15 -9.714451e-17
4.890957e-01 5.249999786345e+00 5.135504e+00 1.144953e-01 -2.303713e-15 -7.494005e-16
4.884633e-01 5.249999776431e+00 5.128865e+00 1.211348e-01 -3.330669e-15 -5.967449e-16
4.878132e-01 5.249999766516e+00 5.122038e+00 1.279614e-01 -2.275957e-15 -3.191891e-16
4.871452e-01 5.249999756622e+00 5.115025e+00 1.349753e-01 -2.747802e-15 -6.106227e-16
4.864594e-01 5.249999746773e+00 5.107823e+00 1.421763e-01 -5.273559e-15 -7.771561e-16
4.857557e-01 5.249999736991e+00 5.100435e+00 1.495645e-01 -3.191891e-15 -4.440892e-16
4.850343e-01 5.249999727301e+00 5.092860e+00 1.571399e-01 -3.691492e-15 -1.207368e-15
4.842950e-01 5.249999717727e+00 5.085097e+00 1.649023e-01 -3.358425e-15 -9.298118e-16
4.835379e-01 5.249999708294e+00 5.077148e+00 1.728518e-01 -2.053913e-15 -9.714451e-16
4.827630e-01 5.249999699028e+00 5.069011e+00 1.809884e-01 -4.857226e-15 -2.775558e-16
4.819703e-01 5.249999689954e+00 5.060688e+00 1.893119e-01 -3.275158e-15 -1.415534e-15
4.811598e-01 5.249999681098e+00 5.052177e+00 1.978223e-01 -4.329870e-15 -5.551115e-16
4.803314e-01 5.249999672487e+00 5.043480e+00 2.065195e-01 -2.164935e-15 -4.163336e-16
4.794853e-01 5.249999664149e+00 5.034596e+00 2.154035e-01 -2.803313e-15 2.220446e-16
4.786215e-01 5.249999656110e+00 5.025525e+00 2.244742e-01 -3.802514e-15 -5.828671e-16
4.777398e-01 5.249999648399e+00 5.016268e+00 2.337314e-01 -2.997602e-15 -1.748601e-15
4.768404e-01 5.249999641044e+00 5.006824e+00 2.431752e-01 -2.720046e-15 -5.551115e-17
4.759233e-01 5.249999634073e+00 4.997194e+00 2.528053e-01 -3.219647e-15 -1.082467e-15
4.749884e-01 5.249999627515e+00 4.987378e+00 2.626217e-01 -3.774758e-15 -9.159340e-16
4.740358e-01 5.249999621400e+00 4.977375e+00 2.726242e-01 -2.914335e-15 -6.106227e-16
4.730654e-01 5.249999615757e+00 4.967187e+00 2.828126e-01 -2.775558e-15 -2.775558e-16
4.720774e-01 5.249999610615e+00 4.956813e+00 2.931869e-01 -4.413137e-15 -3.441691e-15
4.710717e-01 5.249999606006e+00 4.946253e+00 3.037469e-01 -1.665335e-15 -1.831868e-15
4.700483e-01 5.249999601958e+00 4.935507e+00 3.144923e-01 -2.442491e-15 -1.748601e-15
4.690073e-01 5.249999598504e+00 4.924577e+00 3.254231e-01 -1.887379e-15 -8.604228e-16
4.679486e-01 5.249999595673e+00 4.913461e+00 3.365390e-01 -2.831069e-15 1.942890e-16
4.668724e-01 5.249999593496e+00 4.902160e+00 3.478397e-01 -3.247402e-15 -1.471046e-15
4.657785e-01 5.249999592006e+00 4.890674e+00 3.593251e-01 -3.136380e-15 -3.580469e-15
4.646671e-01 5.249999591232e+00 4.879005e+00 3.709950e-01 -3.469447e-15 -6.383782e-16
4.635382e-01 5.249999591206e+00 4.867151e+00 3.828490e-01 -1.498801e-15 -2.636780e-15
4.623917e-01 5.249999591961e+00 4.855113e+00 3.948869e-01 -1.887379e-15 -2.331468e-15
4.612277e-01 5.249999593527e+00 4.842891e+00 4.071084e-01 -3.080869e-15 -2.581269e-15
4.600463e-01 5.249999595936e+00 4.830486e+00 4.195132e-01 -2.275957e-15 -1.665335e-16
4.588475e-01 5.249999599220e+00 4.817899e+00 4.321011e-01 -3.830269e-15 -2.192690e-15
4.576312e-01 5.249999603411e+00 4.805128e+00 4.448716e-01 -3.469447e-15 -2.331468e-15
4.563976e-01 5.249999608540e+00 4.792175e+00 4.578244e-01 -3.885781e-15 -1.582068e-15
4.551467e-01 5.249999614639e+00 4.779040e+00 4.709591e-01 -2.886580e-15 -1.026956e-15
4.538785e-01 5.249999621740e+00 4.765724e+00 4.842754e-01 -2.609024e-15 -1.332268e-15
4.525930e-01 5.249999629874e+00 4.752227e+00 4.977729e-01 -4.135581e-15 -2.692291e-15
4.512903e-01 5.249999639074e+00 4.738549e+00 5.114511e-01 -1.942890e-15 -1.970646e-15
4.499705e-01 5.249999649369e+00 4.724690e+00 5.253096e-01 -3.747003e-15 -1.831868e-15
4.486335e-01 5.249999660792e+00 4.710652e+00 5.393479e-01 -2.498002e-15 -8.049117e-16
4.472794e-01 5.249999673373e+00 4.696434e+00 5.535655e-01 -4.690692e-15 -2.137179e-15
4.459084e-01 5.249999687143e+00 4.682038e+00 5.679620e-01 -1.026956e-15 -2.775558e-17
4.445203e-01 5.249999702133e+00 4.667463e+00 5.825368e-01 -3.330669e-15 -8.881784e-16
4.431153e-01 5.249999718373e+00 4.652710e+00 5.972894e-01 -3.608225e-15 -2.442491e-15
4.416934e-01 5.249999735893e+00 4.637781e+00 6.122192e-01 -2.914335e-15 -1.110223e-15
4.402547e-01 5.249999754723e+00 4.622674e+00 6.273256e-01 -2.442491e-15 -5.273559e-16
4.387992e-01 5.249999774892e+00 4.607392e+00 6.426080e-01 -3.497203e-15 -3.441691e-15
4.373271e-01 5.249999796429e+00 4.591934e+00 6.580657e-01 -2.997602e-15 -5.273559e-16
4.358382e-01 5.249999819362e+00 4.576302e+00 6.736982e-01 -3.913536e-15 -1.693090e-15
4.343329e-01 5.249999843721e+00 4.560495e+00 6.895047e-01 -3.164136e-15 -2.386980e-15
4.328110e-01 5.249999869532e+00 4.544515e+00 7.054845e-01 -2.081668e-15 -6.938894e-16
4.312727e-01 5.249999896822e+00 4.528363e+00 7.216369e-01 -2.803313e-15 4.163336e-16
4.297180e-01 5.249999925619e+00 4.512039e+00 7.379612e-01 -1.859624e-15 -3.330669e-15
4.281470e-01 5.249999955949e+00 4.495543e+00 7.544565e-01 -3.469447e-15 -4.440892e-16
4.265598e-01 5.249999987836e+00 4.478878e+00 7.711220e-01 -1.970646e-15 -1.554312e-15
4.249565e-01 5.250000021307e+00 4.462043e+00 7.879570e-01 -3.358425e-15 -8.881784e-16
4.233371e-01 5.250000056385e+00 4.445040e+00 8.049605e-01 -5.384582e-15 -1.831868e-15
4.217018e-01 5.250000093095e+00 4.427868e+00 8.221317e-01 -3.330669e-15 -1.498801e-15
4.200505e-01 5.250000131458e+00 4.410531e+00 8.394696e-01 -3.386180e-15 7.216450e-16
4.183835e-01 5.250000171498e+00 4.393027e+00 8.569734e-01 -2.720046e-15 -9.436896e-16
4.167008e-01 5.250000213236e+00 4.375358e+00 8.746420e-01 -1.970646e-15 2.164935e-15
4.150025e-01 5.250000256692e+00 4.357526e+00 8.924745e-01 -2.498002e-15 3.497203e-15
4.132886e-01 5.250000301888e+00 4.339531e+00 9.104698e-01 -2.775558e-15 7.771561e-16
4.115594e-01 5.250000348841e+00 4.321374e+00 9.286268e-01 -1.859624e-15 -1.554312e-15
4.098148e-01 5.250000397571e+00 4.303056e+00 9.469446e-01 -3.247402e-15 -2.053913e-15
4.080551e-01 5.250000448095e+00 4.284578e+00 9.654220e-01 -3.386180e-15 -2.109424e-15
4.062803e-01 5.250000500430e+00 4.265943e+00 9.840578e-01 -3.302913e-15 -2.609024e-15
4.044904e-01 5.250000554591e+00 4.247150e+00 1.002851e+00 -3.358425e-15 -8.881784e-16
4.026858e-01 5.250000610593e+00 4.228200e+00 1.021800e+00 -3.302913e-15 1.665335e-15
4.008663e-01 5.250000668450e+00 4.209096e+00 1.040904e+00 -2.525757e-15 1.332268e-15
3.990323e-01 5.250000728174e+00 4.189839e+00 1.060162e+00 -2.692291e-15 -2.220446e-16
3.971837e-01 5.250000789778e+00 4.170429e+00 1.079572e+00 -3.386180e-15 -6.106227e-16
3.953208e-01 5.250000853273e+00 4.150868e+00 1.099133e+00 -3.275158e-15 -1.054712e-15
3.934436e-01 5.250000918668e+00 4.131157e+00 1.118844e+00 -2.664535e-15 -4.996004e-16
3.915522e-01 5.250000985971e+00 4.111298e+00 1.138703e+00 -3.108624e-15 4.996004e-16
3.896469e-01 5.250001055192e+00 4.091293e+00 1.158708e+00 -2.442491e-15 -2.331468e-15
3.877278e-01 5.250001126335e+00 4.071141e+00 1.178860e+00 -2.914335e-15 -1.887379e-15
3.857949e-01 5.250001199408e+00 4.050846e+00 1.199155e+00 -2.331468e-15 -7.771561e-16
3.838484e-01 5.250001274413e+00 4.030409e+00 1.219593e+00 -3.191891e-15 -3.719247e-15
3.818886e-01 5.250001351355e+00 4.009830e+00 1.240171e+00 -3.663736e-15 -1.665335e-16
3.799154e-01 5.250001430235e+00 3.989112e+00 1.260890e+00 -2.192690e-15 2.220446e-15
3.779291e-01 5.250001511054e+00 3.968256e+00 1.281746e+00 -2.720046e-15 -1.831868e-15
3.759299e-01 5.250001593813e+00 3.947264e+00 1.302738e+00 -2.498002e-15 -1.609823e-15
3.739178e-01 5.250001678509e+00 3.926137e+00 1.323864e+00 -3.080869e-15 -6.106227e-16
3.718931e-01 5.250001765141e+00 3.904878e+00 1.345124e+00 -4.357625e-15 -2.775558e-15
3.698559e-01 5.250001853704e+00 3.883487e+00 1.366515e+00 -4.218847e-15 -3.996803e-15
3.678064e-01 5.250001944194e+00 3.861967e+00 1.388035e+00 -5.134781e-15 -4.218847e-15
3.657447e-01 5.250002036604e+00 3.840319e+00 1.409683e+00 -1.748601e-15 -3.330669e-15
3.636710e-01 5.250002130927e+00 3.818546e+00 1.431456e+00 -3.108624e-15 -3.275158e-15
3.615855e-01 5.250002227155e+00 3.796648e+00 1.453354e+00 -3.969047e-15 -3.219647e-15
3.594884e-01 5.250002325278e+00 3.774628e+00 1.475374e+00 -3.913536e-15 -3.497203e-15
3.573798e-01 5.250002425284e+00 3.752488e+00 1.497514e+00 -2.275957e-15 -1.276756e-15
3.552600e-01 5.250002527163e+00 3.730230e+00 1.519773e+00 -4.052314e-15 -2.220446e-15
3.531291e-01 5.250002630901e+00 3.707855e+00 1.542148e+00 -4.191092e-15 -1.110223e-16
3.509872e-01 5.250002736483e+00 3.685366e+00 1.564637e+00 -1.970646e-15 -1.443290e-15
3.488347e-01 5.250002843894e+00 3.662764e+00 1.587239e+00 -3.219647e-15 6.661338e-16
3.466716e-01 5.250002953116e+00 3.640052e+00 1.609951e+00 -3.025358e-15 1.443290e-15
3.444982e-01 5.250003064133e+00 3.617231e+00 1.632772e+00 -4.080070e-15 -4.607426e-15
3.423147e-01 5.250003176926e+00 3.594304e+00 1.655699e+00 -2.192690e-15 -2.442491e-15
3.401213e-01 5.250003291473e+00 3.571273e+00 1.678730e+00 -3.635980e-15 -4.440892e-15
3.379181e-01 5.250003407754e+00 3.548140e+00 1.701863e+00 -4.024558e-15 -2.609024e-15
3.357055e-01 5.250003525746e+00 3.524907e+00 1.725096e+00 -4.662937e-15 7.216450e-16
3.334835e-01 5.250003645426e+00 3.501577e+00 1.748427e+00 -3.469447e-15 -1.665335e-15
3.312524e-01 5.250003766770e+00 3.478150e+00 1.771853e+00 -2.164935e-15 1.054712e-15
3.290125e-01 5.250003889752e+00 3.454631e+00 1.795373e+00 -3.969047e-15 -5.273559e-15
3.267639e-01 5.250004014346e+00 3.431021e+00 1.818983e+00 -2.969847e-15 -5.828671e-15
3.245068e-01 5.250004140524e+00 3.407322e+00 1.842683e+00 -3.247402e-15 -2.164935e-15
3.222415e-01 5.250004268257e+00 3.383536e+00 1.866468e+00 -3.774758e-15 -2.609024e-15
3.199683e-01 5.250004397517e+00 3.359667e+00 1.890338e+00 -3.497203e-15 -3.219647e-15
3.176872e-01 5.250004528273e+00 3.335715e+00 1.914289e+00 -4.107825e-15 -1.221245e-15
3.153986e-01 5.250004660493e+00 3.311685e+00 1.938320e+00 -3.469447e-15 -4.385381e-15
3.131026e-01 5.250004794146e+00 3.287578e+00 1.962427e+00 -3.164136e-15 -1.276756e-15
3.107996e-01 5.250004929199e+00 3.263396e+00 1.986609e+00 -2.664535e-15 -1.443290e-15
3.084897e-01 5.250005065618e+00 3.239142e+00 2.010863e+00 -3.552714e-15 -1.665335e-15
3.061732e-01 5.250005203368e+00 3.214818e+00 2.035187e+00 -3.275158e-15 -1.498801e-15
3.038502e-01 5.250005342415e+00 3.190427e+00 2.059578e+00 -1.165734e-15 -2.609024e-15
3.015212e-01 5.250005482722e+00 3.165972e+00 2.084033e+00 -1.693090e-15 -4.551914e-15
2.991862e-01 5.250005624254e+00 3.141455e+00 2.108551e+00 -3.747003e-15 -6.106227e-16
2.968455e-01 5.250005766972e+00 3.116878e+00 2.133128e+00 -3.219647e-15 -2.886580e-15
2.944994e-01 5.250005910839e+00 3.092244e+00 2.157762e+00 -3.108624e-15 -1.887379e-15
2.921481e-01 5.250006055816e+00 3.067555e+00 2.182451e+00 -3.302913e-15 -2.997602e-15
2.897919e-01 5.250006201865e+00 3.042815e+00 2.207191e+00 -2.053913e-15 -4.107825e-15
2.874310e-01 5.250006348946e+00 3.018026e+00 2.231981e+00 -3.941292e-15 -2.275957e-15
2.850657e-01 5.250006497020e+00 2.993189e+00 2.256817e+00 -3.358425e-15 -2.220446e-15
2.826961e-01 5.250006646045e+00 2.968309e+00 2.281697e+00 -2.747802e-15 -2.498002e-15
2.803226e-01 5.250006795982e+00 2.943388e+00 2.306619e+00 -2.275957e-15 -1.332268e-15
2.779455e-01 5.250006946789e+00 2.918427e+00 2.331579e+00 -3.108624e-15 -4.440892e-15
2.755649e-01 5.250007098426e+00 2.893431e+00 2.356576e+00 -4.246603e-15 -3.774758e-15
2.731811e-01 5.250007250849e+00 2.868401e+00 2.381606e+00 -3.830269e-15 -3.830269e-15
2.707944e-01 5.250007404019e+00 2.843341e+00 2.406666e+00 -3.441691e-15 -2.109424e-15
2.684050e-01 5.250007557892e+00 2.818253e+00 2.431755e+00 -4.385381e-15 -3.719247e-15
2.660132e-01 5.250007712427e+00 2.793139e+00 2.456869e+00 -2.636780e-15 -5.884182e-15
2.636193e-01 5.250007867580e+00 2.768003e+00 2.482005e+00 -3.386180e-15 -4.718448e-15
2.612235e-01 5.250008023311e+00 2.742847e+00 2.507161e+00 -3.524958e-15 -2.220446e-15
2.588260e-01 5.250008179576e+00 2.717673e+00 2.532335e+00 -3.136380e-15 -1.998401e-15
2.564272e-01 5.250008336334e+00 2.692486e+00 2.557523e+00 -2.747802e-15 -6.161738e-15
2.540273e-01 5.250008493541e+00 2.667286e+00 2.582722e+00 -3.969047e-15 -3.108624e-15
2.516265e-01 5.250008651156e+00 2.642078e+00 2.607930e+00 -3.996803e-15 -6.661338e-15
2.492251e-01 5.250008809137e+00 2.616864e+00 2.633145e+00 -3.580469e-15 -3.386180e-15
2.468234e-01 5.250008967441e+00 2.591646e+00 2.658363e+00 -3.053113e-15 -3.497203e-15
2.444217e-01 5.250009126026e+00 2.566428e+00 2.683581e+00 -2.858824e-15 -5.495604e-15
2.420202e-01 5.250009284852e+00 2.541212e+00 2.708798e+00 -3.164136e-15 -2.386980e-15
2.396191e-01 5.250009443877e+00 2.516000e+00 2.734009e+00 -1.859624e-15 -6.272760e-15
2.372187e-01 5.250009603059e+00 2.490797e+00 2.759213e+00 -4.718448e-15 -6.716849e-15
2.348194e-01 5.250009762358e+00 2.465603e+00 2.784406e+00 -3.025358e-15 -6.272760e-15
2.324213e-01 5.250009921735e+00 2.440423e+00 2.809587e+00 -3.386180e-15 -6.217249e-15
2.300247e-01 5.250010081148e+00 2.415259e+00 2.834751e+00 -3.719247e-15 -5.828671e-15
2.276299e-01 5.250010240558e+00 2.390114e+00 2.859897e+00 -3.080869e-15 -8.160139e-15
2.252371e-01 5.250010399926e+00 2.364990e+00 2.885021e+00 -2.498002e-15 -6.827872e-15
2.228467e-01 5.250010559214e+00 2.339890e+00 2.910121e+00 -4.801715e-15 -7.660539e-15
2.204588e-01 5.250010718383e+00 2.314817e+00 2.935194e+00 -3.108624e-15 -7.605028e-15
2.180737e-01 5.250010877396e+00 2.289774e+00 2.960237e+00 -3.830269e-15 -6.494805e-15
2.156918e-01 5.250011036216e+00 2.264764e+00 2.985247e+00 -4.773959e-15 -9.048318e-15
2.133132e-01 5.250011194806e+00 2.239788e+00 3.010223e+00 -4.052314e-15 -9.325873e-15
2.109382e-01 5.250011353131e+00 2.214851e+00 3.035160e+00 -2.525757e-15 -6.272760e-15
2.085671e-01 5.250011511155e+00 2.189954e+00 3.060057e+00 -2.831069e-15 -6.383782e-15
2.062001e-01 5.250011668844e+00 2.165101e+00 3.084911e+00 -3.386180e-15 -1.210143e-14
2.038375e-01 5.250011826163e+00 2.140294e+00 3.109718e+00 -3.469447e-15 -1.054712e-14
2.014796e-01 5.250011983081e+00 2.115535e+00 3.134477e+00 -3.858025e-15 -8.992806e-15
1.991265e-01 5.250012139563e+00 2.090829e+00 3.159184e+00 -4.246603e-15 -6.772360e-15
1.967787e-01 5.250012295579e+00 2.066176e+00 3.183836e+00 -4.052314e-15 -1.010303e-14
1.944362e-01 5.250012451098e+00 2.041580e+00 3.208432e+00 -4.468648e-15 -8.548717e-15
1.920994e-01 5.250012606089e+00 2.017044e+00 3.232968e+00 -4.135581e-15 -6.661338e-15
1.897686e-01 5.250012760522e+00 1.992570e+00 3.257442e+00 -4.607426e-15 -8.437695e-15
1.874439e-01 5.250012914370e+00 1.968161e+00 3.281852e+00 -4.440892e-15 -7.216450e-15
1.851257e-01 5.250013067604e+00 1.943820e+00 3.306193e+00 -3.941292e-15 -9.658940e-15
1.828141e-01 5.250013220197e+00 1.919549e+00 3.330465e+00 -4.496403e-15 -8.104628e-15
1.805095e-01 5.250013372123e+00 1.895350e+00 3.354663e+00 -4.857226e-15 -1.609823e-14
1.782121e-01 5.250013523356e+00 1.871227e+00 3.378787e+00 -4.635181e-15 -8.548717e-15
1.759221e-01 5.250013673873e+00 1.847182e+00 3.402832e+00 -4.163336e-15 -9.214851e-15
1.736397e-01 5.250013823648e+00 1.823217e+00 3.426797e+00 -3.996803e-15 -1.088019e-14
1.713653e-01 5.250013972660e+00 1.799336e+00 3.450678e+00 -4.996004e-15 -7.327472e-15
1.690990e-01 5.250014120886e+00 1.775540e+00 3.474474e+00 -5.467848e-15 -1.154632e-14
1.668411e-01 5.250014268305e+00 1.751832e+00 3.498182e+00 -4.163336e-15 -1.487699e-14
1.645919e-01 5.250014414896e+00 1.728215e+00 3.521799e+00 -3.386180e-15 -8.104628e-15
1.623516e-01 5.250014560641e+00 1.704691e+00 3.545323e+00 -4.635181e-15 -1.476597e-14
1.601203e-01 5.250014705520e+00 1.681263e+00 3.568751e+00 -4.968248e-15 -1.143530e-14
1.578984e-01 5.250014849516e+00 1.657934e+00 3.592081e+00 -4.718448e-15 -1.376677e-14
1.556862e-01 5.250014992611e+00 1.634705e+00 3.615310e+00 -4.163336e-15 -8.326673e-15
1.534837e-01 5.250015134790e+00 1.611579e+00 3.638436e+00 -4.857226e-15 -1.187939e-14
1.512913e-01 5.250015276037e+00 1.588558e+00 3.661457e+00 -4.718448e-15 -9.658940e-15
1.491091e-01 5.250015416338e+00 1.565646e+00 3.684370e+00 -4.662937e-15 -1.099121e-14
1.469375e-01 5.250015555680e+00 1.542844e+00 3.707172e+00 -4.607426e-15 -1.465494e-14
1.447766e-01 5.250015694049e+00 1.520154e+00 3.729861e+00 -5.773160e-15 -1.543210e-14
1.426267e-01 5.250015831433e+00 1.497580e+00 3.752436e+00 -4.468648e-15 -1.409983e-14
1.404879e-01 5.250015967822e+00 1.475123e+00 3.774893e+00 -4.579670e-15 -1.443290e-14
1.383606e-01 5.250016103204e+00 1.452786e+00 3.797230e+00 -4.718448e-15 -1.254552e-14
1.362449e-01 5.250016237571e+00 1.430571e+00 3.819445e+00 -4.940492e-15 -1.310063e-14
1.341410e-01 5.250016370914e+00 1.408480e+00 3.841536e+00 -4.524159e-15 -1.065814e-14
1.320492e-01 5.250016503224e+00 1.386516e+00 3.863500e+00 -4.274359e-15 -1.054712e-14
1.299697e-01 5.250016634494e+00 1.364681e+00 3.885335e+00 -3.955170e-15 -1.409983e-14
1.279026e-01 5.250016764717e+00 1.342977e+00 3.907039e+00 -5.537237e-15 -1.687539e-14
1.258483e-01 5.250016893888e+00 1.321407e+00 3.928610e+00 -3.927414e-15 -1.498801e-14
1.238069e-01 5.250017022002e+00 1.299972e+00 3.950045e+00 -4.343748e-15 -1.509903e-14
1.217785e-01 5.250017149053e+00 1.278675e+00 3.971342e+00 -4.510281e-15 -9.992007e-15
1.197636e-01 5.250017275039e+00 1.257518e+00 3.992500e+00 -5.440093e-15 -1.587619e-14
1.177621e-01 5.250017399956e+00 1.236502e+00 4.013515e+00 -4.829470e-15 -1.487699e-14
1.157744e-01 5.250017523801e+00 1.215631e+00 4.034386e+00 -5.037637e-15 -7.771561e-15
1.138006e-01 5.250017646572e+00 1.194907e+00 4.055111e+00 -5.662137e-15 -1.465494e-14
1.118410e-01 5.250017768269e+00 1.174331e+00 4.075687e+00 -4.662937e-15 -1.698641e-14
1.098957e-01 5.250017888891e+00 1.153905e+00 4.096113e+00 -4.940492e-15 -1.287859e-14
1.079649e-01 5.250018008436e+00 1.133632e+00 4.116386e+00 -5.495604e-15 -1.487699e-14
1.060489e-01 5.250018126907e+00 1.113513e+00 4.136505e+00 -5.176415e-15 -1.632028e-14
1.041477e-01 5.250018244303e+00 1.093551e+00 4.156467e+00 -5.148659e-15 -1.765255e-14
1.022617e-01 5.250018360626e+00 1.073748e+00 4.176271e+00 -4.926615e-15 -1.632028e-14
1.003910e-01 5.250018475878e+00 1.054105e+00 4.195913e+00 -4.954370e-15 -1.487699e-14
9.853571e-02 5.250018590061e+00 1.034625e+00 4.215394e+00 -4.912737e-15 -1.565414e-14
9.669612e-02 5.250018703179e+00 1.015309e+00 4.234709e+00 -5.023759e-15 -1.554312e-14
9.487239e-02 5.250018815234e+00 9.961601e-01 4.253859e+00 -5.467848e-15 -1.365574e-14
9.306469e-02 5.250018926230e+00 9.771792e-01 4.272840e+00 -6.009082e-15 -1.765255e-14
9.127320e-02 5.250019036171e+00 9.583686e-01 4.291650e+00 -5.412337e-15 -1.787459e-14
8.949811e-02 5.250019145061e+00 9.397301e-01 4.310289e+00 -4.593548e-15 -1.398881e-14
8.773959e-02 5.250019252906e+00 9.212657e-01 4.328754e+00 -5.301315e-15 -1.532108e-14
8.599781e-02 5.250019359711e+00 9.029770e-01 4.347042e+00 -5.009881e-15 -1.576517e-14
8.427295e-02 5.250019465480e+00 8.848660e-01 4.365153e+00 -5.051515e-15 -1.509903e-14
8.256518e-02 5.250019570220e+00 8.669344e-01 4.383085e+00 -5.342948e-15 -2.042810e-14
8.087468e-02 5.250019673937e+00 8.491841e-01 4.400836e+00 -3.913536e-15 -1.376677e-14
7.920160e-02 5.250019776637e+00 8.316168e-01 4.418403e+00 -4.954370e-15 -9.325873e-15
7.754612e-02 5.250019878326e+00 8.142342e-01 4.435786e+00 -5.009881e-15 -8.104628e-15
7.590840e-02 5.250019979011e+00 7.970382e-01 4.452982e+00 -4.565792e-15 -1.942890e-14
7.428861e-02 5.250020078699e+00 7.800304e-01 4.469990e+00 -4.482525e-15 -1.343370e-14
7.268690e-02 5.250020177398e+00 7.632124e-01 4.486808e+00 -4.912737e-15 -1.532108e-14
7.110344e-02 5.250020275114e+00 7.465861e-01 4.503434e+00 -4.107825e-15 -1.532108e-14
6.953839e-02 5.250020371856e+00 7.301531e-01 4.519867e+00 -5.342948e-15 -1.776357e-14
6.799190e-02 5.250020467631e+00 7.139149e-01 4.536106e+00 -5.426215e-15 -1.676437e-14
6.646413e-02 5.250020562447e+00 6.978734e-01 4.552147e+00 -4.454770e-15 -1.743050e-14
6.495524e-02 5.250020656312e+00 6.820300e-01 4.567991e+00 -4.787837e-15 -1.609823e-14
6.346537e-02 5.250020749233e+00 6.663864e-01 4.583634e+00 -4.704570e-15 -1.210143e-14
6.199468e-02 5.250020841221e+00 6.509441e-01 4.599077e+00 -4.773959e-15 -1.576517e-14
6.054331e-02 5.250020932281e+00 6.357048e-01 4.614316e+00 -4.676814e-15 -1.354472e-14
5.911143e-02 5.250021022424e+00 6.206700e-01 4.629351e+00 -4.315992e-15 -1.976197e-14
5.769916e-02 5.250021111658e+00 6.058412e-01 4.644180e+00 -4.996004e-15 -1.543210e-14
5.630666e-02 5.250021199992e+00 5.912199e-01 4.658801e+00 -4.413137e-15 -1.088019e-14
5.493407e-02 5.250021287434e+00 5.768077e-01 4.673214e+00 -4.218847e-15 -1.554312e-14
5.358154e-02 5.250021373993e+00 5.626061e-01 4.687415e+00 -5.037637e-15 -1.332268e-14
5.224919e-02 5.250021459678e+00 5.486165e-01 4.701405e+00 -4.579670e-15 -1.176836e-14
5.093719e-02 5.250021544498e+00 5.348404e-01 4.715181e+00 -4.621303e-15 -1.310063e-14
4.964565e-02 5.250021628463e+00 5.212793e-01 4.728742e+00 -4.871104e-15 -1.088019e-14
4.837472e-02 5.250021711581e+00 5.079345e-01 4.742087e+00 -4.524159e-15 -9.880985e-15
4.712453e-02 5.250021793862e+00 4.948076e-01 4.755214e+00 -4.302114e-15 -1.465494e-14
4.589522e-02 5.250021875315e+00 4.818998e-01 4.768122e+00 -4.496403e-15 -1.743050e-14
4.468692e-02 5.250021955949e+00 4.692127e-01 4.780809e+00 -4.454770e-15 -1.509903e-14
4.349976e-02 5.250022035774e+00 4.567475e-01 4.793275e+00 -3.677614e-15 -1.743050e-14
4.233387e-02 5.250022114799e+00 4.445057e-01 4.805516e+00 -4.177214e-15 -1.820766e-14
4.118938e-02 5.250022193033e+00 4.324885e-01 4.817534e+00 -4.496403e-15 -1.976197e-14
4.006642e-02 5.250022270486e+00 4.206974e-01 4.829325e+00 -4.274359e-15 -1.965095e-14
3.896511e-02 5.250022347167e+00 4.091336e-01 4.840889e+00 -4.440892e-15 -1.831868e-14
3.788558e-02 5.250022423086e+00 3.977985e-01 4.852224e+00 -4.551914e-15 -1.820766e-14
3.682794e-02 5.250022498252e+00 3.866934e-01 4.863329e+00 -3.969047e-15 -1.598721e-14
3.579233e-02 5.250022572674e+00 3.758195e-01 4.874203e+00 -4.163336e-15 -1.643130e-14
3.477887e-02 5.250022646362e+00 3.651781e-01 4.884845e+00 -4.093947e-15 -1.887379e-14
3.378767e-02 5.250022719324e+00 3.547705e-01 4.895252e+00 -4.579670e-15 -1.687539e-14
3.281885e-02 5.250022791570e+00 3.445979e-01 4.905425e+00 -4.565792e-15 -1.476597e-14
3.187253e-02 5.250022863108e+00 3.346616e-01 4.915361e+00 -4.704570e-15 -2.264855e-14
3.094883e-02 5.250022933948e+00 3.249627e-01 4.925060e+00 -4.066192e-15 -1.787459e-14
3.004786e-02 5.250023004097e+00 3.155025e-01 4.934520e+00 -4.107825e-15 -1.509903e-14
2.916974e-02 5.250023073563e+00 3.062822e-01 4.943741e+00 -4.378442e-15 -2.242651e-14
2.831457e-02 5.250023142355e+00 2.973030e-01 4.952720e+00 -3.740064e-15 -2.209344e-14
2.748248e-02 5.250023210480e+00 2.885661e-01 4.961457e+00 -4.489464e-15 -1.798561e-14
2.667357e-02 5.250023277944e+00 2.800725e-01 4.969951e+00 -4.343748e-15 -1.587619e-14
2.588795e-02 5.250023344753e+00 2.718235e-01 4.978200e+00 -4.427014e-15 -1.465494e-14
2.512573e-02 5.250023410915e+00 2.638202e-01 4.986203e+00 -4.364564e-15 -2.298162e-14
2.438702e-02 5.250023476433e+00 2.560637e-01 4.993960e+00 -4.274359e-15 -1.587619e-14
2.367192e-02 5.250023541313e+00 2.485552e-01 5.001468e+00 -4.149459e-15 -1.942890e-14
2.298054e-02 5.250023605557e+00 2.412957e-01 5.008728e+00 -4.010681e-15 -2.031708e-14
2.231299e-02 5.250023669169e+00 2.342864e-01 5.015737e+00 -3.774758e-15 -1.709743e-14
2.166936e-02 5.250023732150e+00 2.275283e-01 5.022495e+00 -3.927414e-15 -1.254552e-14
2.104976e-02 5.250023794501e+00 2.210225e-01 5.029001e+00 -3.892719e-15 -1.842970e-14
2.045430e-02 5.250023856220e+00 2.147701e-01 5.035254e+00 -3.753942e-15 -1.920686e-14
1.988306e-02 5.250023917307e+00 2.087721e-01 5.041252e+00 -4.121703e-15 -1.787459e-14
1.933615e-02 5.250023977757e+00 2.030296e-01 5.046994e+00 -4.003742e-15 -1.798561e-14
1.881368e-02 5.250024037566e+00 1.975436e-01 5.052480e+00 -3.948231e-15 -2.342571e-14
1.831572e-02 5.250024096727e+00 1.923151e-01 5.057709e+00 -4.024558e-15 -2.153833e-14
1.784239e-02 5.250024155232e+00 1.873451e-01 5.062679e+00 -3.767819e-15 -1.965095e-14
1.739377e-02 5.250024213070e+00 1.826346e-01 5.067390e+00 -3.885781e-15 -2.176037e-14
1.696996e-02 5.250024270229e+00 1.781846e-01 5.071840e+00 -4.024558e-15 -2.076117e-14
1.657105e-02 5.250024326695e+00 1.739961e-01 5.076028e+00 -3.816392e-15 -2.142730e-14
1.619714e-02 5.250024382452e+00 1.700700e-01 5.079954e+00 -3.858025e-15 -2.031708e-14
1.584831e-02 5.250024437480e+00 1.664073e-01 5.083617e+00 -3.878842e-15 -1.620926e-14
1.552465e-02 5.250024491757e+00 1.630088e-01 5.087016e+00 -3.906597e-15 -1.743050e-14
1.522625e-02 5.250024545260e+00 1.598757e-01 5.090149e+00 -3.871903e-15 -1.765255e-14
1.495320e-02 5.250024597962e+00 1.570086e-01 5.093016e+00 -3.906597e-15 -1.965095e-14
1.470558e-02 5.250024649833e+00 1.544086e-01 5.095616e+00 -3.830269e-15 -1.865175e-14
1.448348e-02 5.250024700841e+00 1.520765e-01 5.097948e+00 -3.927414e-15 -1.398881e-14
1.428697e-02 5.250024750950e+00 1.500132e-01 5.100012e+00 -4.010681e-15 -2.231548e-14
1.411614e-02 5.250024800122e+00 1.482195e-01 5.101805e+00 -3.795575e-15 -1.854072e-14
1.397107e-02 5.250024848316e+00 1.466963e-01 5.103329e+00 -3.837208e-15 -1.454392e-14
1.385184e-02 5.250024895486e+00 1.454443e-01 5.104581e+00 -3.729655e-15 -1.776357e-14
1.375852e-02 5.250024941585e+00 1.444644e-01 5.105561e+00 -3.858025e-15 -1.965095e-14
1.369118e-02 5.250024986561e+00 1.437574e-01 5.106268e+00 -3.844147e-15 -1.798561e-14
1.364990e-02 5.250025030360e+00 1.433240e-01 5.106701e+00 -3.840678e-15 -1.743050e-14
1.363476e-02 5.250025072924e+00 1.431649e-01 5.106860e+00 -3.955170e-15 -2.209344e-14
1.364581e-02 5.250025114192e+00 1.432810e-01 5.106744e+00 -3.962108e-15 -1.909584e-14
1.368312e-02 5.250025154100e+00 1.436728e-01 5.106352e+00 -3.986395e-15 -1.976197e-14
1.374677e-02 5.250025192580e+00 1.443410e-01 5.105684e+00 -3.892719e-15 -2.409184e-14
1.383680e-02 5.250025229563e+00 1.452864e-01 5.104739e+00 -3.941292e-15 -1.543210e-14
1.395329e-02 5.250025264973e+00 1.465096e-01 5.103516e+00 -3.917006e-15 -1.643130e-14
1.409629e-02 5.250025298736e+00 1.480110e-01 5.102014e+00 -4.007211e-15 -2.053913e-14
1.426585e-02 5.250025330771e+00 1.497914e-01 5.100234e+00 -3.965578e-15 -2.231548e-14
1.446202e-02 5.250025360998e+00 1.518512e-01 5.098174e+00 -4.041906e-15 -2.475797e-14
1.468486e-02 5.250025389331e+00 1.541910e-01 5.095834e+00 -3.896189e-15 -1.842970e-14
1.493441e-02 5.250025415684e+00 1.568113e-01 5.093214e+00 -3.982925e-15 -1.576517e-14
1.521071e-02 5.250025439969e+00 1.597125e-01 5.090313e+00 -4.093947e-15 -2.187139e-14
1.551381e-02 5.250025462095e+00 1.628950e-01 5.087130e+00 -4.003742e-15 -2.142730e-14
1.584373e-02 5.250025481970e+00 1.663592e-01 5.083666e+00 -4.062722e-15 -2.342571e-14
1.620052e-02 5.250025499500e+00 1.701055e-01 5.079920e+00 -4.055783e-15 -1.898481e-14
1.658420e-02 5.250025514592e+00 1.741341e-01 5.075891e+00 -4.021089e-15 -2.042810e-14
1.699480e-02 5.250025527149e+00 1.784454e-01 5.071580e+00 -4.074865e-15 -1.876277e-14
1.743234e-02 5.250025537077e+00 1.830395e-01 5.066986e+00 -4.194561e-15 -1.865175e-14
1.789683e-02 5.250025544279e+00 1.879167e-01 5.062109e+00 -4.055783e-15 -1.587619e-14
1.838829e-02 5.250025548661e+00 1.930771e-01 5.056948e+00 -3.974251e-15 -2.275957e-14
1.890673e-02 5.250025550126e+00 1.985207e-01 5.051505e+00 -4.093947e-15 -1.842970e-14
1.945216e-02 5.250025548581e+00 2.042476e-01 5.045778e+00 -4.177214e-15 -2.431388e-14
2.002456e-02 5.250025543934e+00 2.102579e-01 5.039768e+00 -4.156397e-15 -1.965095e-14
2.062395e-02 5.250025536093e+00 2.165514e-01 5.033474e+00 -4.156397e-15 -1.842970e-14
2.125030e-02 5.250025524970e+00 2.231281e-01 5.026897e+00 -4.078335e-15 -2.098322e-14
2.190360e-02 5.250025510478e+00 2.299878e-01 5.020038e+00 -4.076166e-15 -2.653433e-14
2.258384e-02 5.250025492533e+00 2.371303e-01 5.012895e+00 -4.066192e-15 -1.865175e-14
2.329098e-02 5.250025471055e+00 2.445553e-01 5.005470e+00 -4.182201e-15 -1.854072e-14
2.402500e-02 5.250025445967e+00 2.522625e-01 4.997763e+00 -3.927848e-15 -1.754152e-14
2.478586e-02 5.250025417196e+00 2.602516e-01 4.989774e+00 -3.921700e-15 -2.498002e-14
2.557352e-02 5.250025384673e+00 2.685220e-01 4.981503e+00 -4.033015e-15 -2.597922e-14
2.638793e-02 5.250025348335e+00 2.770732e-01 4.972952e+00 -3.754592e-15 -2.575717e-14
2.722903e-02 5.250025308122e+00 2.859048e-01 4.964121e+00 -3.841979e-15 -2.486900e-14
2.809677e-02 5.250025263981e+00 2.950161e-01 4.955009e+00 -3.867132e-15 -2.808864e-14
2.899108e-02 5.250025215863e+00 3.044063e-01 4.945619e+00 -3.548377e-15 -2.542411e-14
2.991189e-02 5.250025163725e+00 3.140748e-01 4.935950e+00 -3.875372e-15 -1.931788e-14
3.085912e-02 5.250025107532e+00 3.240207e-01 4.926004e+00 -3.772156e-15 -2.298162e-14
3.183269e-02 5.250025047254e+00 3.342432e-01 4.915782e+00 -3.912669e-15 -2.053913e-14
3.283250e-02 5.250024982866e+00 3.447413e-01 4.905284e+00 -3.814657e-15 -2.009504e-14
3.385847e-02 5.250024914351e+00 3.555139e-01 4.894511e+00 -3.927414e-15 -1.953993e-14
3.491048e-02 5.250024841700e+00 3.665600e-01 4.883465e+00 -3.816392e-15 -2.242651e-14
3.598843e-02 5.250024764908e+00 3.778785e-01 4.872146e+00 -4.097417e-15 -2.342571e-14
3.709220e-02 5.250024683979e+00 3.894681e-01 4.860557e+00 -3.946496e-15 -2.220446e-14
3.822168e-02 5.250024598924e+00 4.013276e-01 4.848697e+00 -4.102621e-15 -1.898481e-14
3.937673e-02 5.250024509759e+00 4.134556e-01 4.836569e+00 -3.847617e-15 -2.187139e-14
4.055721e-02 5.250024416509e+00 4.258507e-01 4.824174e+00 -4.236195e-15 -2.287059e-14
4.176300e-02 5.250024319205e+00 4.385115e-01 4.811513e+00 -3.890985e-15 -2.153833e-14
4.299393e-02 5.250024217884e+00 4.514363e-01 4.798588e+00 -4.437423e-15 -1.332268e-14
4.424986e-02 5.250024112591e+00 4.646235e-01 4.785401e+00 -4.041906e-15 -2.231548e-14
4.553063e-02 5.250024003375e+00 4.780716e-01 4.771952e+00 -3.903128e-15 -2.031708e-14
4.683608e-02 5.250023890294e+00 4.917788e-01 4.758245e+00 -3.774758e-15 -1.942890e-14
4.816602e-02 5.250023773410e+00 5.057432e-01 4.744281e+00 -3.903128e-15 -1.643130e-14
4.952029e-02 5.250023652791e+00 5.199631e-01 4.730061e+00 -4.152928e-15 -1.632028e-14
5.089870e-02 5.250023528512e+00 5.344364e-01 4.715587e+00 -4.093947e-15 -2.131628e-14
5.230107e-02 5.250023400649e+00 5.491612e-01 4.700862e+00 -3.871903e-15 -2.131628e-14
5.372720e-02 5.250023269288e+00 5.641356e-01 4.685888e+00 -3.910067e-15 -2.131628e-14
5.517689e-02 5.250023134514e+00 5.793573e-01 4.670666e+00 -4.371503e-15 -1.965095e-14
5.664993e-02 5.250022996420e+00 5.948243e-01 4.655199e+00 -3.694961e-15 -2.109424e-14
5.814612e-02 5.250022855100e+00 6.105343e-01 4.639489e+00 -4.000272e-15 -1.809664e-14
5.966524e-02 5.250022710653e+00 6.264850e-01 4.623538e+00 -3.583939e-15 -1.976197e-14
6.120708e-02 5.250022563179e+00 6.426743e-01 4.607348e+00 -3.701900e-15 -2.275957e-14
6.277140e-02 5.250022412780e+00 6.590997e-01 4.590923e+00 -3.847617e-15 -1.731948e-14
6.435798e-02 5.250022259562e+00 6.757588e-01 4.574263e+00 -3.486794e-15 -1.565414e-14
6.596659e-02 5.250022103630e+00 6.926492e-01 4.557373e+00 -3.962108e-15 -2.231548e-14
6.759698e-02 5.250021945092e+00 7.097683e-01 4.540254e+00 -3.167605e-15 -2.597922e-14
6.924892e-02 5.250021784053e+00 7.271137e-01 4.522908e+00 -3.184952e-15 -2.209344e-14
7.092216e-02 5.250021620622e+00 7.446827e-01 4.505339e+00 -3.622103e-15 -2.176037e-14
7.261646e-02 5.250021454906e+00 7.624728e-01 4.487549e+00 -3.760880e-15 -2.808864e-14
7.433155e-02 5.250021287010e+00 7.804813e-01 4.469540e+00 -4.107825e-15 -2.342571e-14
7.606718e-02 5.250021117039e+00 7.987054e-01 4.451316e+00 -3.240463e-15 -1.976197e-14
7.782309e-02 5.250020945097e+00 8.171425e-01 4.432878e+00 -4.198031e-15 -2.065015e-14
7.959903e-02 5.250020771285e+00 8.357898e-01 4.414231e+00 -3.712308e-15 -2.364775e-14
8.139471e-02 5.250020595702e+00 8.546445e-01 4.395376e+00 -4.232725e-15 -1.865175e-14
8.320988e-02 5.250020418446e+00 8.737037e-01 4.376317e+00 -3.379241e-15 -1.765255e-14
8.504425e-02 5.250020239609e+00 8.929647e-01 4.357056e+00 -3.025358e-15 -1.865175e-14
8.689757e-02 5.250020059284e+00 9.124245e-01 4.337596e+00 -3.878842e-15 -2.386980e-14
8.876954e-02 5.250019877557e+00 9.320802e-01 4.317940e+00 -3.698430e-15 -2.697842e-14
9.065990e-02 5.250019694514e+00 9.519289e-01 4.298091e+00 -3.504141e-15 -1.942890e-14
9.256835e-02 5.250019510235e+00 9.719677e-01 4.278052e+00 -3.747003e-15 -2.142730e-14
9.449461e-02 5.250019324797e+00 9.921935e-01 4.257826e+00 -3.219647e-15 -2.386980e-14
9.643841e-02 5.250019138274e+00 1.012603e+00 4.237416e+00 -3.913536e-15 -2.253753e-14
9.839945e-02 5.250018950735e+00 1.033194e+00 4.216825e+00 -3.670675e-15 -2.098322e-14
1.003774e-01 5.250018762246e+00 1.053963e+00 4.196056e+00 -3.483325e-15 -1.920686e-14
1.023721e-01 5.250018572870e+00 1.074907e+00 4.175112e+00 -4.031497e-15 -2.298162e-14
1.043831e-01 5.250018382665e+00 1.096022e+00 4.153996e+00 -3.830269e-15 -2.009504e-14
1.064102e-01 5.250018191685e+00 1.117307e+00 4.132711e+00 -4.052314e-15 -2.475797e-14
1.084530e-01 5.250017999981e+00 1.138757e+00 4.111261e+00 -3.316791e-15 -1.920686e-14
1.105114e-01 5.250017807602e+00 1.160370e+00 4.089648e+00 -3.851086e-15 -2.220446e-14
1.125849e-01 5.250017614591e+00 1.182142e+00 4.067876e+00 -4.399259e-15 -2.353673e-14
1.146733e-01 5.250017420989e+00 1.204070e+00 4.045948e+00 -4.080070e-15 -2.631229e-14
1.167763e-01 5.250017226835e+00 1.226151e+00 4.023866e+00 -3.753942e-15 -2.453593e-14
1.188936e-01 5.250017032164e+00 1.248382e+00 4.001635e+00 -4.093947e-15 -2.819966e-14
1.210248e-01 5.250016837008e+00 1.270760e+00 3.979257e+00 -3.573530e-15 -2.353673e-14
1.231697e-01 5.250016641397e+00 1.293282e+00 3.956735e+00 -4.045375e-15 -1.876277e-14
1.253279e-01 5.250016445361e+00 1.315943e+00 3.934073e+00 -4.635181e-15 -2.930989e-14
1.274993e-01 5.250016248924e+00 1.338742e+00 3.911274e+00 -4.503342e-15 -2.431388e-14
1.296833e-01 5.250016052111e+00 1.361675e+00 3.888341e+00 -3.261280e-15 -2.231548e-14
1.318798e-01 5.250015854946e+00 1.384738e+00 3.865278e+00 -3.372302e-15 -2.453593e-14
1.340885e-01 5.250015657450e+00 1.407929e+00 3.842087e+00 -3.330669e-15 -2.253753e-14
1.363089e-01 5.250015459643e+00 1.431244e+00 3.818772e+00 -3.191891e-15 -2.187139e-14
1.385409e-01 5.250015261545e+00 1.454679e+00 3.795336e+00 -3.406997e-15 -2.442491e-14
1.407841e-01 5.250015063177e+00 1.478233e+00 3.771782e+00 -3.302913e-15 -2.697842e-14
1.430381e-01 5.250014864555e+00 1.501900e+00 3.748115e+00 -3.080869e-15 -1.876277e-14
1.453027e-01 5.250014665700e+00 1.525679e+00 3.724336e+00 -3.108624e-15 -2.831069e-14
1.475776e-01 5.250014466630e+00 1.549565e+00 3.700450e+00 -3.094747e-15 -2.431388e-14
1.498624e-01 5.250014267364e+00 1.573555e+00 3.676459e+00 -2.775558e-15 -2.475797e-14
1.521569e-01 5.250014067921e+00 1.597647e+00 3.652367e+00 -3.289036e-15 -2.575717e-14
1.544606e-01 5.250013868320e+00 1.621836e+00 3.628178e+00 -3.594347e-15 -3.141931e-14
1.567733e-01 5.250013668582e+00 1.646120e+00 3.603893e+00 -3.608225e-15 -2.486900e-14
1.590948e-01 5.250013468728e+00 1.670495e+00 3.579518e+00 -3.358425e-15 -2.420286e-14
1.614246e-01 5.250013268779e+00 1.694958e+00 3.555055e+00 -3.136380e-15 -2.742251e-14
1.637624e-01 5.250013068758e+00 1.719505e+00 3.530508e+00 -2.414735e-15 -2.731149e-14
1.661079e-01 5.250012868687e+00 1.744133e+00 3.505880e+00 -3.386180e-15 -2.475797e-14
1.684609e-01 5.250012668592e+00 1.768839e+00 3.481174e+00 -2.151057e-15 -2.797762e-14
1.708209e-01 5.250012468498e+00 1.793619e+00 3.456393e+00 -3.191891e-15 -2.475797e-14
1.731877e-01 5.250012268431e+00 1.818471e+00 3.431542e+00 -3.635980e-15 -2.498002e-14
1.755609e-01 5.250012068419e+00 1.843390e+00 3.406622e+00 -2.400857e-15 -2.675637e-14
1.779403e-01 5.250011868489e+00 1.868373e+00 3.381639e+00 -2.553513e-15 -2.797762e-14
1.803254e-01 5.250011668672e+00 1.893417e+00 3.356595e+00 -3.025358e-15 -2.542411e-14
1.827161e-01 5.250011468997e+00 1.918519e+00 3.331493e+00 -2.192690e-15 -3.008704e-14
1.851119e-01 5.250011269497e+00 1.943675e+00 3.306337e+00 -3.649858e-15 -2.620126e-14
1.875125e-01 5.250011070203e+00 1.968881e+00 3.281130e+00 -2.553513e-15 -2.775558e-14
1.899177e-01 5.250010871149e+00 1.994135e+00 3.255875e+00 -2.470246e-15 -2.664535e-14
1.923270e-01 5.250010672368e+00 2.019434e+00 3.230577e+00 -2.206568e-15 -2.930989e-14
1.947402e-01 5.250010473897e+00 2.044773e+00 3.205238e+00 -2.789435e-15 -2.664535e-14
1.971570e-01 5.250010275770e+00 2.070149e+00 3.179862e+00 -3.427814e-15 -2.586820e-14
1.995770e-01 5.250010078024e+00 2.095559e+00 3.154451e+00 -3.844147e-15 -2.675637e-14
2.020000e-01 5.250009880696e+00 2.121000e+00 3.129010e+00 -3.955170e-15 -2.742251e-14
2.044255e-01 5.250009683825e+00 2.146468e+00 3.103542e+00 -2.289835e-15 -2.930989e-14
2.068533e-01 5.250009487449e+00 2.171960e+00 3.078050e+00 -2.622902e-15 -2.786660e-14
2.092831e-01 5.250009291608e+00 2.197472e+00 3.052537e+00 -2.650657e-15 -3.141931e-14
2.117145e-01 5.250009096341e+00 2.223002e+00 3.027007e+00 -2.817191e-15 -2.831069e-14
2.141472e-01 5.250008901689e+00 2.248546e+00 3.001463e+00 -1.665335e-15 -2.708944e-14
2.165810e-01 5.250008707694e+00 2.274100e+00 2.975909e+00 -1.873501e-15 -2.620126e-14
2.190154e-01 5.250008514398e+00 2.299662e+00 2.950347e+00 -4.024558e-15 -2.919887e-14
2.214502e-01 5.250008321845e+00 2.325227e+00 2.924781e+00 -2.747802e-15 -2.986500e-14
2.238851e-01 5.250008130076e+00 2.350793e+00 2.899215e+00 -3.663736e-15 -2.908784e-14
2.263197e-01 5.250007939138e+00 2.376357e+00 2.873651e+00 -3.178013e-15 -2.942091e-14
2.287537e-01 5.250007749075e+00 2.401914e+00 2.848094e+00 -3.719247e-15 -2.886580e-14
2.311869e-01 5.250007559933e+00 2.427463e+00 2.822545e+00 -3.011480e-15 -2.908784e-14
2.336189e-01 5.250007371760e+00 2.452998e+00 2.797009e+00 -2.539635e-15 -2.964295e-14
2.360494e-01 5.250007184604e+00 2.478519e+00 2.771489e+00 -2.373102e-15 -2.897682e-14
2.384781e-01 5.250006998514e+00 2.504020e+00 2.745987e+00 -2.040035e-15 -2.953193e-14
2.409047e-01 5.250006813540e+00 2.529499e+00 2.720508e+00 -2.206568e-15 -3.153033e-14
2.433289e-01 5.250006629735e+00 2.554953e+00 2.695053e+00 -1.512679e-15 -2.975398e-14
2.457504e-01 5.250006447151e+00 2.580379e+00 2.669628e+00 -2.400857e-15 -2.764455e-14
2.481688e-01 5.250006265842e+00 2.605773e+00 2.644234e+00 -3.136380e-15 -3.119727e-14
2.505840e-01 5.250006085865e+00 2.631132e+00 2.618874e+00 -3.858025e-15 -2.997602e-14
2.529955e-01 5.250005907276e+00 2.656453e+00 2.593553e+00 -2.248202e-15 -2.797762e-14
2.554032e-01 5.250005730134e+00 2.681734e+00 2.568272e+00 -2.289835e-15 -2.720046e-14
2.578067e-01 5.250005554500e+00 2.706970e+00 2.543035e+00 -2.720046e-15 -3.097522e-14
2.602057e-01 5.250005380436e+00 2.732160e+00 2.517846e+00 -2.400857e-15 -2.708944e-14
2.625999e-01 5.250005208005e+00 2.757299e+00 2.492706e+00 -1.693090e-15 -2.819966e-14
2.649891e-01 5.250005037274e+00 2.782385e+00 2.467620e+00 -2.470246e-15 -2.875478e-14
2.673729e-01 5.250004868308e+00 2.807415e+00 2.442589e+00 -3.996803e-15 -3.042011e-14
2.697511e-01 5.250004701177e+00 2.832387e+00 2.417618e+00 -3.094747e-15 -3.153033e-14
2.721234e-01 5.250004535952e+00 2.857296e+00 2.392708e+00 -2.442491e-15 -3.075318e-14
2.744896e-01 5.250004372705e+00 2.882141e+00 2.367863e+00 -3.039236e-15 -2.953193e-14
2.768493e-01 5.250004211509e+00 2.906918e+00 2.343086e+00 -2.248202e-15 -3.275158e-14
2.792024e-01 5.250004052439e+00 2.931625e+00 2.318379e+00 -3.719247e-15 -2.897682e-14
2.815484e-01 5.250003895573e+00 2.956259e+00 2.293745e+00 -3.871903e-15 -3.164136e-14
2.838873e-01 5.250003740989e+00 2.980816e+00 2.269188e+00 -5.204170e-15 -2.720046e-14
2.862186e-01 5.250003588766e+00 3.005295e+00 2.244708e+00 -3.927414e-15 -2.986500e-14
2.885422e-01 5.250003438983e+00 3.029693e+00 2.220310e+00 -3.094747e-15 -3.197442e-14
2.908578e-01 5.250003291723e+00 3.054007e+00 2.195996e+00 -2.928213e-15 -3.086420e-14
2.931652e-01 5.250003147068e+00 3.078235e+00 2.171768e+00 -4.066192e-15 -2.775558e-14
2.954641e-01 5.250003005099e+00 3.102373e+00 2.147630e+00 -3.538836e-15 -2.875478e-14
2.977543e-01 5.250002865900e+00 3.126420e+00 2.123583e+00 -4.551914e-15 -3.264056e-14
3.000355e-01 5.250002729554e+00 3.150373e+00 2.099630e+00 -3.164136e-15 -2.864375e-14
3.023076e-01 5.250002596143e+00 3.174230e+00 2.075773e+00 -3.358425e-15 -3.053113e-14
3.045703e-01 5.250002465750e+00 3.197988e+00 2.052015e+00 -2.775558e-15 -2.553513e-14
3.068233e-01 5.250002338455e+00 3.221644e+00 2.028358e+00 -3.552714e-15 -3.175238e-14
3.090665e-01 5.250002214340e+00 3.245198e+00 2.004804e+00 -2.997602e-15 -3.153033e-14
3.112996e-01 5.250002093483e+00 3.268646e+00 1.981356e+00 -3.108624e-15 -2.908784e-14
3.135225e-01 5.250001975963e+00 3.291986e+00 1.958016e+00 -3.747003e-15 -2.953193e-14
3.157350e-01 5.250001861854e+00 3.315217e+00 1.934785e+00 -3.524958e-15 -2.819966e-14
3.179367e-01 5.250001751230e+00 3.338336e+00 1.911666e+00 -3.941292e-15 -2.731149e-14
3.201277e-01 5.250001644160e+00 3.361341e+00 1.888661e+00 -3.191891e-15 -3.019807e-14
3.223076e-01 5.250001540714e+00 3.384230e+00 1.865772e+00 -2.636780e-15 -2.975398e-14
3.244763e-01 5.250001440954e+00 3.407002e+00 1.843000e+00 -4.135581e-15 -3.097522e-14
3.266337e-01 5.250001344942e+00 3.429654e+00 1.820348e+00 -5.107026e-15 -2.897682e-14
3.287795e-01 5.250001252732e+00 3.452185e+00 1.797816e+00 -2.886580e-15 -2.997602e-14
3.309136e-01 5.250001164378e+00 3.474593e+00 1.775408e+00 -4.690692e-15 -3.175238e-14
3.330359e-01 5.250001079927e+00 3.496877e+00 1.753124e+00 -4.218847e-15 -2.831069e-14
3.351461e-01 5.250000999420e+00 3.519034e+00 1.730967e+00 -3.691492e-15 -2.742251e-14
3.372442e-01 5.250000922893e+00 3.541064e+00 1.708937e+00 -2.553513e-15 -3.097522e-14
3.393300e-01 5.250000850379e+00 3.562965e+00 1.687036e+00 -4.385381e-15 -3.086420e-14
3.414034e-01 5.250000781901e+00 3.584736e+00 1.665265e+00 -3.164136e-15 -3.175238e-14
3.434642e-01 5.250000717478e+00 3.606374e+00 1.643626e+00 -3.858025e-15 -3.119727e-14
3.455124e-01 5.250000657122e+00 3.627880e+00 1.622120e+00 -3.441691e-15 -3.175238e-14
3.475478e-01 5.250000600838e+00 3.649252e+00 1.600749e+00 -1.748601e-15 -3.064216e-14
3.495703e-01 5.250000548623e+00 3.670488e+00 1.579512e+00 -3.330669e-15 -3.319567e-14
3.515799e-01 5.250000500468e+00 3.691589e+00 1.558412e+00 -1.915135e-15 -3.086420e-14
3.535763e-01 5.250000456356e+00 3.712551e+00 1.537449e+00 -3.580469e-15 -3.419487e-14
3.555596e-01 5.250000416262e+00 3.733376e+00 1.516624e+00 -4.413137e-15 -3.086420e-14
3.575297e-01 5.250000380154e+00 3.754061e+00 1.495939e+00 -1.831868e-15 -3.363976e-14
3.594864e-01 5.250000347990e+00 3.774607e+00 1.475393e+00 -2.581269e-15 -3.430589e-14
3.614297e-01 5.250000319723e+00 3.795012e+00 1.454988e+00 -4.440892e-15 -3.319567e-14
3.633596e-01 5.250000295295e+00 3.815276e+00 1.434725e+00 -4.163336e-15 -3.269607e-14
3.652759e-01 5.250000274642e+00 3.835397e+00 1.414603e+00 -3.552714e-15 -2.942091e-14
3.671787e-01 5.250000257690e+00 3.855377e+00 1.394624e+00 -4.940492e-15 -3.030909e-14
3.690679e-01 5.250000244358e+00 3.875213e+00 1.374787e+00 -3.302913e-15 -3.436140e-14
3.709434e-01 5.250000234556e+00 3.894906e+00 1.355094e+00 -3.663736e-15 -3.153033e-14
3.728052e-01 5.250000228188e+00 3.914455e+00 1.335545e+00 -3.025358e-15 -3.330669e-14
3.746533e-01 5.250000225147e+00 3.933860e+00 1.316140e+00 -5.023759e-15 -3.042011e-14
3.764877e-01 5.250000225320e+00 3.953121e+00 1.296880e+00 -4.829470e-15 -3.275158e-14
3.783082e-01 5.250000228588e+00 3.972237e+00 1.277764e+00 -4.607426e-15 -2.986500e-14
3.801150e-01 5.250000234820e+00 3.991208e+00 1.258792e+00 -1.998401e-15 -3.402834e-14
3.819080e-01 5.250000243882e+00 4.010034e+00 1.239966e+00 -2.470246e-15 -2.953193e-14
3.836872e-01 5.250000255632e+00 4.028715e+00 1.221285e+00 -3.941292e-15 -3.291811e-14
3.854526e-01 5.250000269920e+00 4.047252e+00 1.202748e+00 -2.664535e-15 -3.103073e-14
3.872041e-01 5.250000286591e+00 4.065643e+00 1.184357e+00 -2.442491e-15 -3.280709e-14
3.889418e-01 5.250000305483e+00 4.083889e+00 1.166111e+00 -3.497203e-15 -3.402834e-14
3.906658e-01 5.250000326430e+00 4.101991e+00 1.148010e+00 -2.470246e-15 -3.302913e-14
3.923759e-01 5.250000349258e+00 4.119947e+00 1.130053e+00 -2.858824e-15 -3.275158e-14
3.940723e-01 5.250000373790e+00 4.137759e+00 1.112241e+00 -3.663736e-15 -3.236300e-14
3.957549e-01 5.250000399844e+00 4.155427e+00 1.094574e+00 -2.164935e-15 -3.125278e-14
3.974238e-01 5.250000427235e+00 4.172950e+00 1.077051e+00 -3.941292e-15 -3.319567e-14
3.990789e-01 5.250000455772e+00 4.190328e+00 1.059672e+00 -3.580469e-15 -3.413936e-14
4.007203e-01 5.250000485263e+00 4.207564e+00 1.042437e+00 -2.220446e-15 -3.480549e-14
4.023481e-01 5.250000515512e+00 4.224655e+00 1.025346e+00 -2.969847e-15 -3.380629e-14
4.039622e-01 5.250000546322e+00 4.241603e+00 1.008398e+00 -3.969047e-15 -3.080869e-14
4.055626e-01 5.250000577494e+00 4.258408e+00 9.915928e-01 -3.580469e-15 -3.291811e-14
4.071495e-01 5.250000608827e+00 4.275070e+00 9.749309e-01 -2.914335e-15 -3.547163e-14
4.087228e-01 5.250000640120e+00 4.291589e+00 9.584115e-01 -3.025358e-15 -3.458345e-14
4.102825e-01 5.250000671173e+00 4.307966e+00 9.420344e-01 -3.164136e-15 -3.275158e-14
4.118287e-01 5.250000701784e+00 4.324201e+00 9.257994e-01 -2.886580e-15 -3.413936e-14
4.133614e-01 5.250000731754e+00 4.340295e+00 9.097061e-01 -3.108624e-15 -3.375078e-14
4.148806e-01 5.250000760886e+00 4.356246e+00 8.937543e-01 -3.025358e-15 -3.214096e-14
4.163864e-01 5.250000788984e+00 4.372057e+00 8.779438e-01 -5.856426e-15 -3.563816e-14
4.178787e-01 5.250000815854e+00 4.387727e+00 8.622743e-01 -3.247402e-15 -3.441691e-14
4.193576e-01 5.250000841307e+00 4.403255e+00 8.467456e-01 -4.302114e-15 -3.452794e-14
4.208232e-01 5.250000865157e+00 4.418643e+00 8.313575e-01 -3.885781e-15 -3.319567e-14
4.222753e-01 5.250000887223e+00 4.433891e+00 8.161099e-01 -3.552714e-15 -3.436140e-14
4.237141e-01 5.250000907328e+00 4.448998e+00 8.010026e-01 -3.580469e-15 -3.386180e-14
4.251396e-01 5.250000925301e+00 4.463966e+00 7.860354e-01 -2.192690e-15 -3.358425e-14
4.265517e-01 5.250000940976e+00 4.478793e+00 7.712083e-01 -3.413936e-15 -3.463896e-14
4.279504e-01 5.250000954197e+00 4.493480e+00 7.565213e-01 -4.468648e-15 -3.236300e-14
4.293359e-01 5.250000964812e+00 4.508027e+00 7.419743e-01 -5.634382e-15 -3.402834e-14
4.307080e-01 5.250000972676e+00 4.522434e+00 7.275673e-01 -4.857226e-15 -3.258505e-14
4.320667e-01 5.250000977656e+00 4.536701e+00 7.133004e-01 -3.524958e-15 -3.336220e-14
4.334121e-01 5.250000979625e+00 4.550827e+00 6.991737e-01 -4.302114e-15 -3.308465e-14
4.347442e-01 5.250000978465e+00 4.564814e+00 6.851873e-01 -3.747003e-15 -3.347322e-14
4.360628e-01 5.250000974068e+00 4.578659e+00 6.713415e-01 -3.663736e-15 -3.486100e-14
4.373681e-01 5.250000966339e+00 4.592365e+00 6.576364e-01 -4.302114e-15 -3.341771e-14
4.386599e-01 5.250000955190e+00 4.605929e+00 6.440724e-01 -5.329071e-15 -3.624878e-14
4.399382e-01 5.250000940546e+00 4.619351e+00 6.306497e-01 -4.413137e-15 -3.397282e-14
4.412031e-01 5.250000922343e+00 4.632632e+00 6.173688e-01 -6.467049e-15 -3.402834e-14
4.424544e-01 5.250000900530e+00 4.645771e+00 6.042301e-01 -5.023759e-15 -3.341771e-14
4.436921e-01 5.250000875066e+00 4.658767e+00 5.912341e-01 -4.302114e-15 -3.497203e-14
4.449161e-01 5.250000845926e+00 4.671620e+00 5.783813e-01 -4.246603e-15 -3.474998e-14
4.461265e-01 5.250000813096e+00 4.684328e+00 5.656723e-01 -3.663736e-15 -3.280709e-14
4.473231e-01 5.250000776576e+00 4.696893e+00 5.531078e-01 -4.746203e-15 -3.630429e-14
4.485059e-01 5.250000736378e+00 4.709312e+00 5.406883e-01 -4.329870e-15 -3.580469e-14
4.496748e-01 5.250000692531e+00 4.721586e+00 5.284148e-01 -3.191891e-15 -3.386180e-14
4.508298e-01 5.250000645075e+00 4.733713e+00 5.162879e-01 -4.690692e-15 -3.541611e-14
4.519707e-01 5.250000594067e+00 4.745692e+00 5.043085e-01 -4.718448e-15 -3.524958e-14
4.530974e-01 5.250000539577e+00 4.757523e+00 4.924776e-01 -2.803313e-15 -3.680389e-14
4.542100e-01 5.250000481688e+00 4.769205e+00 4.807959e-01 -3.774758e-15 -3.597123e-14
4.553082e-01 5.250000420500e+00 4.780736e+00 4.692646e-01 -3.580469e-15 -3.630429e-14
4.563920e-01 5.250000356125e+00 4.792116e+00 4.578847e-01 -2.525757e-15 -3.563816e-14
4.574612e-01 5.250000288691e+00 4.803343e+00 4.466572e-01 -5.828671e-15 -3.547163e-14
4.585159e-01 5.250000218340e+00 4.814417e+00 4.355833e-01 -2.720046e-15 -3.702594e-14
4.595558e-01 5.250000145226e+00 4.825336e+00 4.246640e-01 -3.358425e-15 -3.536060e-14
4.605809e-01 5.250000069519e+00 4.836099e+00 4.139006e-01 -3.524958e-15 -3.658185e-14
4.615910e-01 5.249999991400e+00 4.846706e+00 4.032943e-01 -4.968248e-15 -3.774758e-14
4.625861e-01 5.249999911064e+00 4.857154e+00 3.928463e-01 -3.885781e-15 -3.735900e-14
4.635659e-01 5.249999828717e+00 4.867442e+00 3.825580e-01 -3.524958e-15 -3.708145e-14
4.645304e-01 5.249999744579e+00 4.877569e+00 3.724305e-01 -4.718448e-15 -3.597123e-14
4.654795e-01 5.249999658877e+00 4.887534e+00 3.624653e-01 -5.329071e-15 -3.630429e-14
4.664130e-01 5.249999571853e+00 4.897336e+00 3.526636e-01 -4.662937e-15 -3.785861e-14
4.673307e-01 5.249999483755e+00 4.906973e+00 3.430267e-01 -4.274359e-15 -3.669287e-14
4.682327e-01 5.249999394839e+00 4.916443e+00 3.335561e-01 -2.747802e-15 -3.680389e-14
4.691187e-01 5.249999305371e+00 4.925746e+00 3.242531e-01 -4.302114e-15 -3.691492e-14
4.699886e-01 5.249999215621e+00 4.934880e+00 3.151190e-01 -5.884182e-15 -3.647083e-14
4.708423e-01 5.249999125866e+00 4.943844e+00 3.061552e-01 -3.497203e-15 -3.680389e-14
4.716796e-01 5.249999036386e+00 4.952636e+00 2.973630e-01 -6.272760e-15 -3.680389e-14
4.725005e-01 5.249998947464e+00 4.961255e+00 2.887437e-01 -3.774758e-15 -3.796963e-14
4.733048e-01 5.249998859384e+00 4.969700e+00 2.802986e-01 -5.412337e-15 -3.658185e-14
4.740924e-01 5.249998772431e+00 4.977970e+00 2.720290e-01 -5.023759e-15 -3.685940e-14
4.748631e-01 5.249998686887e+00 4.986062e+00 2.639362e-01 -3.774758e-15 -3.763656e-14
4.756169e-01 5.249998603031e+00 4.993977e+00 2.560214e-01 -3.053113e-15 -3.791412e-14
4.763536e-01 5.249998521140e+00 5.001713e+00 2.482857e-01 -5.245804e-15 -3.691492e-14
4.770732e-01 5.249998441481e+00 5.009268e+00 2.407303e-01 -2.858824e-15 -3.691492e-14
4.777754e-01 5.249998364315e+00 5.016642e+00 2.333563e-01 -4.329870e-15 -3.791412e-14
4.784603e-01 5.249998289893e+00 5.023833e+00 2.261648e-01 -5.162537e-15 -3.780309e-14
4.791278e-01 5.249998218456e+00 5.030842e+00 2.191567e-01 -4.024558e-15 -3.697043e-14
4.797776e-01 5.249998150231e+00 5.037665e+00 2.123330e-01 -4.607426e-15 -3.780309e-14
4.804099e-01 5.249998085430e+00 5.044304e+00 2.056946e-01 -5.467848e-15 -3.805289e-14
4.810244e-01 5.249998024248e+00 5.050756e+00 1.992422e-01 -4.940492e-15 -3.830269e-14
4.816211e-01 5.249997966865e+00 5.057021e+00 1.929767e-01 -4.246603e-15 -3.752554e-14
4.821999e-01 5.249997913438e+00 5.063099e+00 1.868986e-01 -3.941292e-15 -3.819167e-14
4.827609e-01 5.249997864104e+00 5.068989e+00 1.810088e-01 -5.606626e-15 -3.841372e-14
4.833038e-01 5.249997818979e+00 5.074690e+00 1.753075e-01 -4.801715e-15 -3.838596e-14
4.838288e-01 5.249997778153e+00 5.080202e+00 1.697954e-01 -2.942091e-15 -3.927414e-14
4.843357e-01 5.249997741690e+00 5.085525e+00 1.644728e-01 -4.329870e-15 -3.916312e-14
4.848245e-01 5.249997709629e+00 5.090658e+00 1.593400e-01 -2.858824e-15 -3.841372e-14
4.852953e-01 5.249997681979e+00 5.095600e+00 1.543972e-01 -3.774758e-15 -3.935741e-14
4.857479e-01 5.249997658722e+00 5.100353e+00 1.496446e-01 -1.720846e-15 -3.849698e-14
4.861824e-01 5.249997639808e+00 5.104915e+00 1.450823e-01 -3.552714e-15 -3.883005e-14
4.865988e-01 5.249997625158e+00 5.109287e+00 1.407103e-01 -1.221245e-15 -3.855249e-14
4.869971e-01 5.249997614660e+00 5.113469e+00 1.365284e-01 -3.830269e-15 -3.877454e-14
4.873772e-01 5.249997608171e+00 5.117461e+00 1.325365e-01 -3.774758e-15 -3.874678e-14
4.877393e-01 5.249997605514e+00 5.121263e+00 1.287345e-01 -4.829470e-15 -3.877454e-14
4.880834e-01 5.249997606482e+00 5.124876e+00 1.251219e-01 -3.663736e-15 -3.888556e-14
4.884094e-01 5.249997610832e+00 5.128299e+00 1.216985e-01 -4.163336e-15 -3.866352e-14
4.887175e-01 5.249997618292e+00 5.131534e+00 1.184639e-01 -6.883383e-15 -3.863576e-14
4.890076e-01 5.249997628556e+00 5.134580e+00 1.154174e-01 -3.830269e-15 -3.871903e-14
4.892799e-01 5.249997641286e+00 5.137439e+00 1.125587e-01 -2.386980e-15 -3.921863e-14
4.895343e-01 5.249997656114e+00 5.140111e+00 1.098870e-01 -4.052314e-15 -3.935741e-14
4.897710e-01 5.249997672643e+00 5.142596e+00 1.074019e-01 -5.773160e-15 -3.930190e-14
4.899900e-01 5.249997690445e+00 5.144895e+00 1.051026e-01 -3.219647e-15 -3.894107e-14
4.901914e-01 5.249997709068e+00 5.147009e+00 1.029885e-01 -5.051515e-15 -3.919087e-14
4.903751e-01 5.249997728030e+00 5.148939e+00 1.010587e-01 -3.663736e-15 -3.924638e-14
4.905414e-01 5.249997746829e+00 5.150685e+00 9.931273e-02 -4.551914e-15 -3.941292e-14
4.906903e-01 5.249997764939e+00 5.152248e+00 9.774967e-02 -5.107026e-15 -3.944067e-14
4.908218e-01 5.249997781812e+00 5.153629e+00 9.636885e-02 -4.163336e-15 -3.977374e-14
4.909360e-01 5.249997796888e+00 5.154828e+00 9.516953e-02 -4.440892e-15 -3.944067e-14
4.910330e-01 5.249997809586e+00 5.155847e+00 9.415099e-02 -3.941292e-15 -3.969047e-14
4.911129e-01 5.249997819316e+00 5.156685e+00 9.331257e-02 -2.997602e-15 -3.960721e-14
4.911756e-01 5.249997825478e+00 5.157344e+00 9.265360e-02 -2.442491e-15 -3.977374e-14
4.912214e-01 5.249997827465e+00 5.157824e+00 9.217348e-02 -5.384582e-15 -3.969047e-14
4.912501e-01 5.249997824667e+00 5.158126e+00 9.187167e-02 -2.609024e-15 -3.975986e-14
4.912619e-01 5.249997816473e+00 5.158250e+00 9.174766e-02 -3.053113e-15 -3.982925e-14
4.912568e-01 5.249997802276e+00 5.158197e+00 9.180104e-02 -3.219647e-15 -3.992640e-14
4.912349e-01 5.249997781476e+00 5.157966e+00 9.203147e-02 -3.219647e-15 -3.994027e-14
4.911961e-01 5.249997753483e+00 5.157559e+00 9.243871e-02 -3.774758e-15 -3.999578e-14
4.911405e-01 5.249997717719e+00 5.156975e+00 9.302261e-02 -2.720046e-15 -4.003742e-14
4.910681e-01 5.249997673626e+00 5.156215e+00 9.378312e-02 -4.884981e-15 -3.999578e-14
4.909788e-01 5.249997620665e+00 5.155277e+00 9.472031e-02 -2.831069e-15 -4.002354e-14
4.908727e-01 5.249997558322e+00 5.154163e+00 9.583440e-02 -3.441691e-15 -4.007905e-14
4.907497e-01 5.249997486112e+00 5.152872e+00 9.712569e-02 -2.775558e-15 -4.017620e-14
4.906098e-01 5.249997403579e+00 5.151403e+00 9.859466e-02 -2.442491e-15 -4.034273e-14
4.904529e-01 5.249997310304e+00 5.149755e+00 1.002419e-01 -3.885781e-15 -4.013456e-14
4.902789e-01 5.249997205905e+00 5.147929e+00 1.020682e-01 -3.330669e-15 -4.038436e-14
4.900879e-01 5.249997090039e+00 5.145923e+00 1.040745e-01 -4.329870e-15 -4.051620e-14
4.898795e-01 5.249996962411e+00 5.143735e+00 1.062618e-01 -2.386980e-15 -4.056477e-14
4.896538e-01 5.249996822767e+00 5.141365e+00 1.086315e-01 -2.053913e-15 -4.050232e-14
4.894107e-01 5.249996670905e+00 5.138812e+00 1.111848e-01 -3.053113e-15 -4.059947e-14
4.891498e-01 5.249996506673e+00 5.136073e+00 1.139235e-01 -2.386980e-15 -4.043293e-14
4.888712e-01 5.249996329971e+00 5.133147e+00 1.168492e-01 -1.942890e-15 -4.118927e-14
4.885745e-01 5.249996140752e+00 5.130032e+00 1.199638e-01 -2.997602e-15 -4.042600e-14
4.882596e-01 5.249995939025e+00 5.126726e+00 1.232696e-01 -3.108624e-15 -4.077294e-14
4.879264e-01 5.249995724853e+00 5.123227e+00 1.267688e-01 -1.887379e-15 -4.070355e-14
4.875744e-01 5.249995498355e+00 5.119532e+00 1.304638e-01 -3.108624e-15 -4.098111e-14
4.872036e-01 5.249995259705e+00 5.115638e+00 1.343573e-01 -2.831069e-15 -4.121009e-14
4.868136e-01 5.249995009132e+00 5.111543e+00 1.384521e-01 -2.609024e-15 -4.107999e-14
4.864042e-01 5.249994746918e+00 5.107244e+00 1.427511e-01 -3.164136e-15 -4.129249e-14
4.859750e-01 5.249994473396e+00 5.102737e+00 1.472574e-01 -3.108624e-15 -4.134800e-14
4.855257e-01 5.249994188949e+00 5.098020e+00 1.519744e-01 -2.831069e-15 -4.056824e-14
4.850560e-01 5.249993894008e+00 5.093088e+00 1.569054e-01 -3.330669e-15 -4.104356e-14
4.845657e-01 5.249993589046e+00 5.087940e+00 1.620540e-01 -5.051515e-15 -4.055783e-14
4.840542e-01 5.249993274578e+00 5.082569e+00 1.674239e-01 -2.664535e-15 -4.145989e-14
4.835213e-01 5.249992951154e+00 5.076974e+00 1.730189e-01 -4.385381e-15 -4.111295e-14
4.829666e-01 5.249992619357e+00 5.071150e+00 1.788429e-01 -4.662937e-15 -4.099499e-14
4.823897e-01 5.249992279798e+00 5.065092e+00 1.849000e-01 -2.220446e-15 -4.121703e-14
4.817902e-01 5.249991933109e+00 5.058798e+00 1.911943e-01 -2.664535e-15 -4.114764e-14
4.811678e-01 5.249991579939e+00 5.052262e+00 1.977301e-01 -4.163336e-15 -4.092560e-14
4.805219e-01 5.249991220950e+00 5.045480e+00 2.045115e-01 -3.885781e-15 -4.157785e-14
4.798522e-01 5.249990856807e+00 5.038448e+00 2.115430e-01 -3.108624e-15 -4.127254e-14
4.791582e-01 5.249990488179e+00 5.031161e+00 2.188290e-01 -3.386180e-15 -4.117540e-14
4.784396e-01 5.249990115725e+00 5.023616e+00 2.263739e-01 -4.274359e-15 -4.149459e-14
4.776960e-01 5.249989740096e+00 5.015807e+00 2.341823e-01 -3.164136e-15 -4.157785e-14
4.769267e-01 5.249989361923e+00 5.007731e+00 2.422585e-01 -4.385381e-15 -4.136969e-14
4.761316e-01 5.249988981816e+00 4.999382e+00 2.506072e-01 -3.719247e-15 -4.260481e-14
4.753101e-01 5.249988600358e+00 4.990756e+00 2.592329e-01 -4.385381e-15 -4.128642e-14
4.744617e-01 5.249988218101e+00 4.981848e+00 2.681401e-01 -4.662937e-15 -4.160561e-14
4.735862e-01 5.249987835559e+00 4.972655e+00 2.773332e-01 -4.884981e-15 -4.175826e-14
4.726829e-01 5.249987453211e+00 4.963171e+00 2.868168e-01 -2.275957e-15 -4.113376e-14
4.717516e-01 5.249987071493e+00 4.953392e+00 2.965953e-01 -4.829470e-15 -4.241052e-14
4.707918e-01 5.249986690798e+00 4.943314e+00 3.066731e-01 -3.330669e-15 -4.242440e-14
4.698030e-01 5.249986311480e+00 4.932932e+00 3.170546e-01 -4.218847e-15 -4.204970e-14
4.687849e-01 5.249985933847e+00 4.922242e+00 3.277440e-01 -4.829470e-15 -4.282685e-14
4.677371e-01 5.249985558170e+00 4.911240e+00 3.387457e-01 -5.773160e-15 -4.213296e-14
4.666592e-01 5.249985184683e+00 4.899921e+00 3.500637e-01 -2.442491e-15 -4.207745e-14
4.655507e-01 5.249984813589e+00 4.888283e+00 3.617023e-01 -4.773959e-15 -4.088396e-14
4.644113e-01 5.249984445066e+00 4.876319e+00 3.736654e-01 -4.551914e-15 -4.257705e-14
4.632407e-01 5.249984079273e+00 4.864027e+00 3.859570e-01 -5.162537e-15 -4.285461e-14
