5.000000e-01 5.250000000000e+00 5.250000e+00 0.000000e+00 -1.137979e-15 0.000000e+00
4.999902e-01 5.249999999750e+00 5.249898e+00 1.024590e-04 -2.109424e-15 -2.038300e-17
4.999610e-01 5.249999999001e+00 5.249590e+00 4.098368e-04 -4.163336e-16 -4.683753e-17
4.999122e-01 5.249999997753e+00 5.249078e+00 9.221365e-04 -1.665335e-16 -1.196959e-16
4.998439e-01 5.249999996010e+00 5.248361e+00 1.639363e-03 -2.525757e-15 -1.457168e-16
4.997560e-01 5.249999993774e+00 5.247438e+00 2.561524e-03 -3.885781e-16 -1.769418e-16
4.996487e-01 5.249999991049e+00 5.246311e+00 3.688626e-03 -4.163336e-16 -5.551115e-17
4.995218e-01 5.249999987839e+00 5.244979e+00 5.020683e-03 -3.247402e-15 -1.595946e-16
4.993755e-01 5.249999984151e+00 5.243442e+00 6.557704e-03 -1.554312e-15 -4.198031e-16
4.992095e-01 5.249999979991e+00 5.241700e+00 8.299706e-03 -2.359224e-15 -1.006140e-16
4.990241e-01 5.249999975367e+00 5.239753e+00 1.024670e-02 -2.636780e-15 -2.671474e-16
4.988192e-01 5.249999970286e+00 5.237601e+00 1.239871e-02 -2.442491e-15 -3.122502e-16
4.985947e-01 5.249999964758e+00 5.235244e+00 1.475575e-02 -2.470246e-15 -5.134781e-16
4.983507e-01 5.249999958792e+00 5.232682e+00 1.731785e-02 -2.026157e-15 -7.216450e-16
4.980871e-01 5.249999952400e+00 5.229915e+00 2.008501e-02 -2.581269e-15 -2.983724e-16
4.978041e-01 5.249999945593e+00 5.226943e+00 2.305727e-02 -4.163336e-16 -5.759282e-16
4.975015e-01 5.249999938384e+00 5.223765e+00 2.623464e-02 -1.998401e-15 -7.077672e-16
4.971793e-01 5.249999930785e+00 5.220383e+00 2.961716e-02 -8.326673e-16 -6.036838e-16
4.968376e-01 5.249999922812e+00 5.216795e+00 3.320483e-02 -1.110223e-15 -8.604228e-16
4.964764e-01 5.249999914479e+00 5.213002e+00 3.699770e-02 -2.192690e-15 -4.579670e-16
4.960956e-01 5.249999905802e+00 5.209004e+00 4.099577e-02 -2.664535e-15 -8.049117e-16
4.956953e-01 5.249999896797e+00 5.204801e+00 4.519909e-02 5.551115e-17 -6.661338e-16
4.952755e-01 5.249999887483e+00 5.200392e+00 4.960766e-02 -1.526557e-15 -6.383782e-16
4.948360e-01 5.249999877877e+00 5.195778e+00 5.422151e-02 -5.551115e-16 -4.996004e-16
4.943771e-01 5.249999867998e+00 5.190959e+00 5.904066e-02 -2.026157e-15 -1.235123e-15
4.938985e-01 5.249999857867e+00 5.185935e+00 6.406513e-02 -9.992007e-16 -5.273559e-16
4.934005e-01 5.249999847504e+00 5.180705e+00 6.929495e-02 -1.554312e-15 -9.020562e-16
4.928828e-01 5.249999836930e+00 5.175270e+00 7.473012e-02 -2.747802e-15 -2.359224e-16
4.923456e-01 5.249999826168e+00 5.169629e+00 8.037067e-02 -2.553513e-15 -8.049117e-16
4.917889e-01 5.249999815241e+00 5.163783e+00 8.621660e-02 -2.609024e-15 -7.910339e-16
4.912126e-01 5.249999804172e+00 5.157732e+00 9.226793e-02 -1.942890e-15 -4.302114e-16
4.906167e-01 5.249999792987e+00 5.151475e+00 9.852465e-02 -1.887379e-15 -7.494005e-16
4.900012e-01 5.249999781709e+00 5.145013e+00 1.049868e-01 -7.494005e-16 -4.579670e-16
4.893662e-01 5.249999770366e+00 5.138345e+00 1.116543e-01 -2.275957e-15 -1.457168e-15
4.887117e-01 5.249999758983e+00 5.131473e+00 1.185272e-01 -1.332268e-15 -6.800116e-16
4.880375e-01 5.249999747589e+00 5.124394e+00 1.256056e-01 -7.216450e-16 -1.526557e-15
4.873439e-01 5.249999736211e+00 5.117110e+00 1.328893e-01 -2.997602e-15 -8.049117e-16
4.866306e-01 5.249999724878e+00 5.109621e+00 1.403783e-01 -1.887379e-15 -1.595946e-15
4.858978e-01 5.249999713620e+00 5.101927e+00 1.480727e-01 -1.471046e-15 -1.013079e-15
4.851455e-01 5.249999702466e+00 5.094027e+00 1.559724e-01 -8.326673e-16 -4.857226e-16
4.843736e-01 5.249999691447e+00 5.085922e+00 1.640773e-01 -1.582068e-15 -1.054712e-15
4.835821e-01 5.249999680595e+00 5.077612e+00 1.723874e-01 -2.498002e-15 -9.714451e-16
4.827711e-01 5.249999669941e+00 5.069097e+00 1.809027e-01 -1.526557e-15 -2.081668e-15
4.819406e-01 5.249999659519e+00 5.060377e+00 1.896231e-01 -1.609823e-15 -1.498801e-15
4.810906e-01 5.249999649360e+00 5.051451e+00 1.985485e-01 -5.828671e-16 -1.443290e-15
4.802210e-01 5.249999639499e+00 5.042321e+00 2.076789e-01 -1.859624e-15 -1.637579e-15
4.793320e-01 5.249999629970e+00 5.032985e+00 2.170141e-01 -1.609823e-15 -1.415534e-15
4.784234e-01 5.249999620808e+00 5.023445e+00 2.265541e-01 -1.887379e-15 -1.554312e-15
4.774953e-01 5.249999612047e+00 5.013701e+00 2.362988e-01 -2.109424e-15 -1.970646e-15
4.765478e-01 5.249999603725e+00 5.003752e+00 2.462480e-01 -1.249001e-15 -1.526557e-15
4.755808e-01 5.249999595875e+00 4.993598e+00 2.564016e-01 -7.771561e-16 -1.276756e-15
4.745943e-01 5.249999588536e+00 4.983240e+00 2.667594e-01 -1.276756e-15 -1.387779e-15
4.735884e-01 5.249999581744e+00 4.972678e+00 2.773214e-01 -1.387779e-15 -1.471046e-15
4.725631e-01 5.249999575537e+00 4.961912e+00 2.880873e-01 -3.524958e-15 -1.804112e-15
4.715183e-01 5.249999569952e+00 4.950943e+00 2.990570e-01 -7.771561e-16 -1.082467e-15
4.704542e-01 5.249999565028e+00 4.939769e+00 3.102302e-01 -1.193490e-15 -1.831868e-15
4.693707e-01 5.249999560802e+00 4.928393e+00 3.216068e-01 -1.193490e-15 -9.436896e-16
4.682679e-01 5.249999557314e+00 4.916813e+00 3.331866e-01 -2.886580e-15 -4.440892e-16
4.671457e-01 5.249999554602e+00 4.905030e+00 3.449692e-01 -1.276756e-15 -3.191891e-15
4.660043e-01 5.249999552706e+00 4.893045e+00 3.569544e-01 -1.498801e-15 -3.219647e-15
4.648436e-01 5.249999551664e+00 4.880857e+00 3.691421e-01 -1.859624e-15 -1.332268e-15
4.636636e-01 5.249999551518e+00 4.868468e+00 3.815318e-01 -1.082467e-15 -1.859624e-15
4.624644e-01 5.249999552306e+00 4.855876e+00 3.941233e-01 -3.053113e-15 -1.332268e-15
4.612460e-01 5.249999554068e+00 4.843083e+00 4.069162e-01 -1.415534e-15 -1.526557e-15
4.600085e-01 5.249999556844e+00 4.830089e+00 4.199102e-01 -2.609024e-15 -1.471046e-15
4.587519e-01 5.249999560674e+00 4.816895e+00 4.331049e-01 -2.470246e-15 -1.693090e-15
4.574761e-01 5.249999565598e+00 4.803500e+00 4.465000e-01 -1.720846e-15 -2.858824e-15
4.561814e-01 5.249999571656e+00 4.789904e+00 4.600951e-01 -1.443290e-15 -2.026157e-15
4.548676e-01 5.249999578888e+00 4.776110e+00 4.738896e-01 -3.469447e-15 -1.887379e-15
4.535349e-01 5.249999587335e+00 4.762116e+00 4.878833e-01 -3.164136e-15 -3.663736e-15
4.521832e-01 5.249999597034e+00 4.747924e+00 5.020755e-01 -3.358425e-15 -2.914335e-15
4.508127e-01 5.249999608028e+00 4.733534e+00 5.164658e-01 -9.436896e-16 -2.831069e-15
4.494234e-01 5.249999620354e+00 4.718946e+00 5.310538e-01 -2.581269e-15 -2.303713e-15
4.480153e-01 5.249999634052e+00 4.704161e+00 5.458387e-01 -2.525757e-15 -3.469447e-15
4.465885e-01 5.249999649161e+00 4.689179e+00 5.608202e-01 -3.025358e-15 -2.831069e-15
4.451431e-01 5.249999665719e+00 4.674002e+00 5.759976e-01 -1.026956e-15 -4.718448e-16
4.436790e-01 5.249999683766e+00 4.658629e+00 5.913702e-01 -1.859624e-15 -2.775558e-15
4.421964e-01 5.249999703339e+00 4.643062e+00 6.069375e-01 -2.359224e-15 -2.109424e-15
4.406953e-01 5.249999724475e+00 4.627301e+00 6.226988e-01 -1.276756e-15 -1.859624e-15
4.391759e-01 5.249999747212e+00 4.611346e+00 6.386533e-01 -1.720846e-15 -3.969047e-15
4.376380e-01 5.249999771586e+00 4.595199e+00 6.548004e-01 -1.609823e-15 -4.218847e-15
4.360820e-01 5.249999797634e+00 4.578860e+00 6.711393e-01 -1.748601e-15 -1.471046e-15
4.345077e-01 5.249999825391e+00 4.562331e+00 6.876693e-01 -1.054712e-15 -3.108624e-15
4.329153e-01 5.249999854891e+00 4.545610e+00 7.043894e-01 -2.137179e-15 -2.220446e-15
4.313049e-01 5.249999886171e+00 4.528701e+00 7.212990e-01 -1.887379e-15 -3.913536e-15
4.296765e-01 5.249999919262e+00 4.511603e+00 7.383970e-01 -1.748601e-15 -2.470246e-15
4.280302e-01 5.249999954199e+00 4.494317e+00 7.556827e-01 -2.581269e-15 -1.360023e-15
4.263662e-01 5.249999991012e+00 4.476845e+00 7.731551e-01 -2.581269e-15 -2.664535e-15
4.246845e-01 5.250000029735e+00 4.459187e+00 7.908132e-01 -6.661338e-16 -8.881784e-16
4.229851e-01 5.250000070396e+00 4.441344e+00 8.086560e-01 -2.248202e-15 -3.719247e-15
4.212683e-01 5.250000113026e+00 4.423318e+00 8.266826e-01 -2.775558e-15 -2.720046e-15
4.195341e-01 5.250000157654e+00 4.405108e+00 8.448918e-01 -1.443290e-15 -3.885781e-15
4.177826e-01 5.250000204308e+00 4.386718e+00 8.632826e-01 -2.997602e-15 -5.162537e-15
4.160139e-01 5.250000253014e+00 4.368146e+00 8.818538e-01 -2.164935e-15 -3.497203e-15
4.142282e-01 5.250000303799e+00 4.349396e+00 9.006044e-01 -2.275957e-15 -2.386980e-15
4.124255e-01 5.250000356686e+00 4.330467e+00 9.195330e-01 -2.581269e-15 -6.439294e-15
4.106059e-01 5.250000411700e+00 4.311362e+00 9.386385e-01 -3.580469e-15 -3.330669e-15
4.087696e-01 5.250000468864e+00 4.292081e+00 9.579197e-01 -2.192690e-15 -5.717649e-15
4.069167e-01 5.250000528199e+00 4.272625e+00 9.773752e-01 -2.609024e-15 -3.996803e-15
4.050473e-01 5.250000589724e+00 4.252997e+00 9.970037e-01 -4.107825e-15 -6.383782e-15
4.031616e-01 5.250000653460e+00 4.233197e+00 1.016804e+00 -2.692291e-15 -4.107825e-15
4.012597e-01 5.250000719423e+00 4.213227e+00 1.036774e+00 -3.136380e-15 -5.051515e-15
3.993417e-01 5.250000787631e+00 4.193087e+00 1.056913e+00 -1.554312e-15 -2.831069e-15
3.974077e-01 5.250000858099e+00 4.172781e+00 1.077220e+00 -3.635980e-15 -4.496403e-15
3.954580e-01 5.250000930840e+00 4.152309e+00 1.097692e+00 -3.219647e-15 -5.329071e-15
3.934926e-01 5.250001005866e+00 4.131672e+00 1.118329e+00 -1.970646e-15 -5.218048e-15
3.915117e-01 5.250001083190e+00 4.110873e+00 1.139128e+00 -8.604228e-16 -2.553513e-15
3.895155e-01 5.250001162820e+00 4.089912e+00 1.160089e+00 -1.443290e-15 -3.108624e-15
3.875041e-01 5.250001244765e+00 4.068793e+00 1.181209e+00 -1.221245e-15 -5.551115e-15
3.854776e-01 5.250001329032e+00 4.047515e+00 1.202486e+00 -1.415534e-15 -5.440093e-15
3.834363e-01 5.250001415626e+00 4.026082e+00 1.223920e+00 -1.526557e-15 -3.885781e-15
3.813803e-01 5.250001504550e+00 4.004494e+00 1.245508e+00 -1.526557e-15 -4.662937e-15
3.793098e-01 5.250001595808e+00 3.982753e+00 1.267248e+00 -1.415534e-15 -3.219647e-15
3.772250e-01 5.250001689399e+00 3.960862e+00 1.289139e+00 -2.137179e-15 -4.274359e-15
3.751260e-01 5.250001785323e+00 3.938823e+00 1.311179e+00 -1.221245e-15 -4.940492e-15
3.730129e-01 5.250001883579e+00 3.916636e+00 1.333366e+00 -1.360023e-15 -1.887379e-15
3.708861e-01 5.250001984161e+00 3.894304e+00 1.355698e+00 0.000000e+00 -1.276756e-15
3.687457e-01 5.250002087064e+00 3.871830e+00 1.378172e+00 -4.718448e-16 -5.107026e-15
3.665919e-01 5.250002192283e+00 3.849215e+00 1.400788e+00 -3.053113e-16 -5.495604e-15
3.644248e-01 5.250002299807e+00 3.826460e+00 1.423542e+00 -1.498801e-15 3.885781e-16
3.622447e-01 5.250002409627e+00 3.803569e+00 1.446433e+00 -3.608225e-16 -2.220446e-15
3.600518e-01 5.250002521731e+00 3.780543e+00 1.469459e+00 -9.436896e-16 -4.052314e-15
3.578462e-01 5.250002636106e+00 3.757385e+00 1.492617e+00 5.828671e-16 -3.441691e-15
3.556283e-01 5.250002752738e+00 3.734097e+00 1.515906e+00 -3.330669e-16 -4.163336e-15
3.533981e-01 5.250002871609e+00 3.710680e+00 1.539323e+00 1.665335e-16 -4.551914e-15
3.511560e-01 5.250002992701e+00 3.687138e+00 1.562865e+00 -2.498002e-16 -5.551115e-15
3.489020e-01 5.250003115996e+00 3.663472e+00 1.586532e+00 -8.881784e-16 -5.329071e-15
3.466366e-01 5.250003241472e+00 3.639684e+00 1.610319e+00 -1.526557e-15 -8.493206e-15
3.443598e-01 5.250003369107e+00 3.615778e+00 1.634225e+00 -1.915135e-15 -4.329870e-15
3.420720e-01 5.250003498876e+00 3.591756e+00 1.658248e+00 -6.383782e-16 -1.998401e-15
3.397733e-01 5.250003630755e+00 3.567619e+00 1.682384e+00 -4.718448e-16 -6.328271e-15
3.374639e-01 5.250003764715e+00 3.543371e+00 1.706633e+00 -1.276756e-15 -4.440892e-15
3.351442e-01 5.250003900730e+00 3.519014e+00 1.730990e+00 -3.885781e-16 -3.774758e-15
3.328143e-01 5.250004038769e+00 3.494550e+00 1.755454e+00 -1.804112e-15 -7.327472e-15
3.304745e-01 5.250004178800e+00 3.469982e+00 1.780022e+00 -2.803313e-15 -8.326673e-16
3.281251e-01 5.250004320792e+00 3.445313e+00 1.804691e+00 4.163336e-16 -5.662137e-15
3.257662e-01 5.250004464710e+00 3.420545e+00 1.829459e+00 -1.887379e-15 -5.384582e-15
3.233982e-01 5.250004610519e+00 3.395681e+00 1.854324e+00 -6.938894e-16 -1.554312e-15
3.210213e-01 5.250004758184e+00 3.370723e+00 1.879282e+00 -8.049117e-16 -4.662937e-15
3.186357e-01 5.250004907665e+00 3.345675e+00 1.904330e+00 -1.165734e-15 -5.717649e-15
3.162417e-01 5.250005058925e+00 3.320538e+00 1.929467e+00 -6.938894e-16 -3.164136e-15
3.138396e-01 5.250005211923e+00 3.295316e+00 1.954689e+00 -1.387779e-15 -4.662937e-15
3.114297e-01 5.250005366619e+00 3.270012e+00 1.979994e+00 -7.216450e-16 -7.105427e-15
3.090121e-01 5.250005522969e+00 3.244627e+00 2.005378e+00 -7.771561e-16 -4.107825e-15
3.065872e-01 5.250005680931e+00 3.219166e+00 2.030840e+00 -3.330669e-16 -2.553513e-15
3.041553e-01 5.250005840461e+00 3.193631e+00 2.056375e+00 -1.942890e-15 -6.328271e-15
3.017166e-01 5.250006001514e+00 3.168024e+00 2.081982e+00 -1.804112e-15 -5.218048e-15
2.992713e-01 5.250006164043e+00 3.142349e+00 2.107657e+00 -1.165734e-15 -6.161738e-15
2.968199e-01 5.250006328002e+00 3.116609e+00 2.133398e+00 2.775558e-16 -5.051515e-15
2.943625e-01 5.250006493343e+00 3.090806e+00 2.159201e+00 -4.440892e-16 -4.496403e-15
2.918994e-01 5.250006660018e+00 3.064943e+00 2.185063e+00 -1.221245e-15 -5.828671e-15
2.894309e-01 5.250006827977e+00 3.039024e+00 2.210982e+00 -2.220446e-16 -6.494805e-15
2.869573e-01 5.250006997171e+00 3.013052e+00 2.236955e+00 -6.383782e-16 -5.051515e-15
2.844789e-01 5.250007167549e+00 2.987028e+00 2.262979e+00 -3.608225e-16 -6.661338e-15
2.819960e-01 5.250007339061e+00 2.960958e+00 2.289050e+00 3.608225e-16 -6.883383e-15
2.795088e-01 5.250007511655e+00 2.934842e+00 2.315165e+00 -5.551115e-16 -5.218048e-15
2.770177e-01 5.250007685279e+00 2.908686e+00 2.341322e+00 -4.440892e-16 -5.995204e-15
2.745229e-01 5.250007859882e+00 2.882490e+00 2.367518e+00 -4.440892e-16 -5.773160e-15
2.720247e-01 5.250008035410e+00 2.856260e+00 2.393748e+00 -8.049117e-16 -3.941292e-15
2.695235e-01 5.250008211811e+00 2.829997e+00 2.420011e+00 2.220446e-16 -7.271961e-15
2.670195e-01 5.250008389032e+00 2.803705e+00 2.446303e+00 -1.026956e-15 -2.942091e-15
2.645131e-01 5.250008567020e+00 2.777387e+00 2.472621e+00 -1.831868e-15 -4.996004e-15
2.620044e-01 5.250008745720e+00 2.751046e+00 2.498962e+00 7.216450e-16 -8.104628e-15
2.594939e-01 5.250008925081e+00 2.724686e+00 2.525323e+00 -3.608225e-16 -6.328271e-15
2.569818e-01 5.250009105048e+00 2.698309e+00 2.551701e+00 -6.938894e-16 -4.996004e-15
2.544684e-01 5.250009285569e+00 2.671918e+00 2.578091e+00 -4.163336e-16 -6.994405e-15
2.519540e-01 5.250009466589e+00 2.645517e+00 2.604493e+00 -1.609823e-15 -3.941292e-15
2.494389e-01 5.250009648055e+00 2.619109e+00 2.630901e+00 2.220446e-16 -1.942890e-15
2.469235e-01 5.250009829916e+00 2.592696e+00 2.657313e+00 -9.714451e-16 -2.831069e-15
2.444080e-01 5.250010012118e+00 2.566284e+00 2.683726e+00 1.665335e-16 -5.495604e-15
2.418927e-01 5.250010194608e+00 2.539873e+00 2.710137e+00 -1.165734e-15 -3.552714e-15
2.393779e-01 5.250010377335e+00 2.513468e+00 2.736543e+00 1.110223e-16 -2.331468e-15
2.368639e-01 5.250010560247e+00 2.487071e+00 2.762939e+00 -2.498002e-16 -4.773959e-15
2.343511e-01 5.250010743293e+00 2.460687e+00 2.789324e+00 -8.049117e-16 -4.996004e-15
2.318398e-01 5.250010926421e+00 2.434317e+00 2.815694e+00 9.714451e-16 -7.271961e-15
2.293301e-01 5.250011109583e+00 2.407966e+00 2.842045e+00 -8.326673e-16 -6.217249e-15
2.268225e-01 5.250011292727e+00 2.381636e+00 2.868375e+00 -2.220446e-16 -2.720046e-15
2.243172e-01 5.250011475805e+00 2.355331e+00 2.894680e+00 5.828671e-16 -3.219647e-15
2.218146e-01 5.250011658768e+00 2.329054e+00 2.920958e+00 1.665335e-16 -4.440892e-15
2.193149e-01 5.250011841569e+00 2.302807e+00 2.947205e+00 1.304512e-15 -5.051515e-15
2.168185e-01 5.250012024161e+00 2.276594e+00 2.973418e+00 2.775558e-16 -5.384582e-15
2.143256e-01 5.250012206497e+00 2.250419e+00 2.999593e+00 9.992007e-16 -8.215650e-15
2.118366e-01 5.250012388532e+00 2.224284e+00 3.025728e+00 1.942890e-16 -1.021405e-14
2.093517e-01 5.250012570221e+00 2.198192e+00 3.051820e+00 2.220446e-16 -6.605827e-15
2.068712e-01 5.250012751520e+00 2.172148e+00 3.077865e+00 1.249001e-15 -5.606626e-15
2.043955e-01 5.250012932386e+00 2.146152e+00 3.103861e+00 -5.551115e-16 -2.997602e-15
2.019248e-01 5.250013112778e+00 2.120210e+00 3.129803e+00 1.137979e-15 -8.548717e-15
1.994594e-01 5.250013292654e+00 2.094324e+00 3.155689e+00 1.193490e-15 -1.776357e-15
1.969997e-01 5.250013471974e+00 2.068497e+00 3.181517e+00 -8.326673e-17 -1.776357e-15
1.945459e-01 5.250013650699e+00 2.042731e+00 3.207282e+00 -2.775558e-17 -2.331468e-15
1.920982e-01 5.250013828790e+00 2.017032e+00 3.232982e+00 3.330669e-16 -5.773160e-15
1.896571e-01 5.250014006211e+00 1.991400e+00 3.258614e+00 1.942890e-16 -3.330669e-15
1.872228e-01 5.250014182925e+00 1.965840e+00 3.284174e+00 -2.498002e-16 -6.328271e-15
1.847956e-01 5.250014358897e+00 1.940354e+00 3.309661e+00 -2.775558e-17 -7.882583e-15
1.823757e-01 5.250014534093e+00 1.914945e+00 3.335069e+00 0.000000e+00 -9.658940e-15
1.799635e-01 5.250014708481e+00 1.889617e+00 3.360398e+00 -6.106227e-16 -7.438494e-15
1.775593e-01 5.250014882029e+00 1.864372e+00 3.385643e+00 -1.276756e-15 -5.329071e-15
1.751632e-01 5.250015054705e+00 1.839214e+00 3.410801e+00 4.996004e-16 -9.769963e-15
1.727757e-01 5.250015226480e+00 1.814145e+00 3.435871e+00 -1.110223e-15 -3.663736e-15
1.703969e-01 5.250015397327e+00 1.789168e+00 3.460848e+00 3.053113e-16 -7.438494e-15
1.680272e-01 5.250015567216e+00 1.764286e+00 3.485730e+00 -1.942890e-16 -4.884981e-15
1.656669e-01 5.250015736123e+00 1.739502e+00 3.510514e+00 2.220446e-16 -9.436896e-15
1.633161e-01 5.250015904021e+00 1.714819e+00 3.535197e+00 1.110223e-16 -3.663736e-15
1.609753e-01 5.250016070888e+00 1.690240e+00 3.559776e+00 -1.082467e-15 -2.664535e-15
1.586446e-01 5.250016236699e+00 1.665768e+00 3.584248e+00 -2.220446e-16 -2.220446e-15
1.563243e-01 5.250016401434e+00 1.641406e+00 3.608611e+00 -1.137979e-15 -4.662937e-15
1.540148e-01 5.250016565072e+00 1.617155e+00 3.632861e+00 -9.436896e-16 -1.110223e-15
1.517162e-01 5.250016727593e+00 1.593020e+00 3.656997e+00 2.775558e-16 -7.438494e-15
1.494288e-01 5.250016888978e+00 1.569003e+00 3.681014e+00 2.498002e-16 -7.216450e-15
1.471530e-01 5.250017049211e+00 1.545106e+00 3.704911e+00 -1.110223e-15 -4.773959e-15
1.448888e-01 5.250017208276e+00 1.521333e+00 3.728684e+00 -4.440892e-16 -2.109424e-15
1.426367e-01 5.250017366156e+00 1.497686e+00 3.752332e+00 -5.828671e-16 -2.220446e-15
1.403969e-01 5.250017522838e+00 1.474167e+00 3.775850e+00 -2.220446e-16 -5.662137e-15
1.381696e-01 5.250017678309e+00 1.450781e+00 3.799237e+00 -7.355228e-16 -3.441691e-15
1.359550e-01 5.250017832556e+00 1.427528e+00 3.822490e+00 -4.163336e-17 -2.997602e-15
1.337535e-01 5.250017985570e+00 1.404412e+00 3.845606e+00 -1.249001e-16 -3.330669e-15
1.315653e-01 5.250018137339e+00 1.381436e+00 3.868583e+00 2.636780e-16 -3.219647e-15
1.293906e-01 5.250018287855e+00 1.358601e+00 3.891417e+00 -2.775558e-16 -8.326673e-15
1.272296e-01 5.250018437110e+00 1.335911e+00 3.914107e+00 -9.159340e-16 -5.329071e-15
1.250827e-01 5.250018585096e+00 1.313368e+00 3.936650e+00 6.938894e-17 -2.664535e-15
1.229500e-01 5.250018731807e+00 1.290975e+00 3.959044e+00 1.665335e-16 -5.218048e-15
1.208318e-01 5.250018877238e+00 1.268734e+00 3.981285e+00 4.163336e-17 -4.884981e-15
1.187284e-01 5.250019021385e+00 1.246648e+00 4.003371e+00 -9.992007e-16 -1.554312e-15
1.166398e-01 5.250019164243e+00 1.224718e+00 4.025301e+00 -1.665335e-16 -5.107026e-15
1.145665e-01 5.250019305811e+00 1.202948e+00 4.047071e+00 8.326673e-17 -4.440892e-16
1.125086e-01 5.250019446086e+00 1.181341e+00 4.068679e+00 -1.665335e-16 -3.552714e-15
1.104664e-01 5.250019585067e+00 1.159897e+00 4.090123e+00 -7.632783e-16 -3.108624e-15
1.084400e-01 5.250019722753e+00 1.138620e+00 4.111400e+00 -2.498002e-16 -1.998401e-15
1.064297e-01 5.250019859145e+00 1.117512e+00 4.132508e+00 1.942890e-16 3.552714e-15
1.044358e-01 5.250019994244e+00 1.096576e+00 4.153444e+00 -5.551115e-17 -2.442491e-15
1.024583e-01 5.250020128052e+00 1.075813e+00 4.174207e+00 5.134781e-16 -1.665335e-15
1.004977e-01 5.250020260571e+00 1.055226e+00 4.194795e+00 -3.053113e-16 -4.218847e-15
9.855400e-02 5.250020391803e+00 1.034817e+00 4.215203e+00 8.049117e-16 -4.996004e-15
9.662750e-02 5.250020521753e+00 1.014589e+00 4.235432e+00 1.526557e-16 -1.332268e-15
9.471840e-02 5.250020650424e+00 9.945432e-01 4.255477e+00 4.163336e-16 -3.774758e-15
9.282690e-02 5.250020777821e+00 9.746825e-01 4.275338e+00 6.938894e-16 -1.332268e-15
9.095322e-02 5.250020903950e+00 9.550088e-01 4.295012e+00 4.718448e-16 2.220446e-16
8.909755e-02 5.250021028815e+00 9.355243e-01 4.314497e+00 -3.747003e-16 -4.440892e-16
8.726010e-02 5.250021152424e+00 9.162311e-01 4.333790e+00 3.608225e-16 -3.108624e-15
8.544108e-02 5.250021274782e+00 8.971313e-01 4.352890e+00 1.387779e-16 -3.441691e-15
8.364067e-02 5.250021395897e+00 8.782271e-01 4.371794e+00 2.359224e-16 -3.552714e-15
8.185909e-02 5.250021515775e+00 8.595204e-01 4.390501e+00 3.330669e-16 -7.327472e-15
8.009651e-02 5.250021634425e+00 8.410134e-01 4.409008e+00 -6.938894e-16 -1.665335e-15
7.835314e-02 5.250021751855e+00 8.227080e-01 4.427314e+00 2.775558e-17 -2.997602e-15
7.662917e-02 5.250021868073e+00 8.046063e-01 4.445416e+00 -2.081668e-16 -4.329870e-15
7.492478e-02 5.250021983088e+00 7.867102e-01 4.463312e+00 -9.020562e-16 -3.996803e-15
7.324016e-02 5.250022096908e+00 7.690217e-01 4.481000e+00 4.163336e-17 -3.330669e-16
7.157550e-02 5.250022209544e+00 7.515428e-01 4.498479e+00 -3.191891e-16 -7.771561e-16
6.993098e-02 5.250022321003e+00 7.342753e-01 4.515747e+00 1.387779e-17 -1.110223e-15
6.830678e-02 5.250022431297e+00 7.172212e-01 4.532801e+00 -6.938894e-17 -1.998401e-15
6.670308e-02 5.250022540434e+00 7.003824e-01 4.549640e+00 1.249001e-16 2.220446e-15
6.512006e-02 5.250022648426e+00 6.837606e-01 4.566262e+00 -2.081668e-16 -1.776357e-15
6.355789e-02 5.250022755281e+00 6.673579e-01 4.582665e+00 2.220446e-16 -1.776357e-15
6.201675e-02 5.250022861012e+00 6.511759e-01 4.598847e+00 1.387779e-17 1.110223e-16
6.049681e-02 5.250022965627e+00 6.352165e-01 4.614806e+00 -2.220446e-16 -3.219647e-15
5.899824e-02 5.250023069139e+00 6.194815e-01 4.630542e+00 -3.191891e-16 -1.221245e-15
5.752120e-02 5.250023171557e+00 6.039726e-01 4.646051e+00 -1.249001e-16 -4.218847e-15
5.606587e-02 5.250023272893e+00 5.886917e-01 4.661332e+00 -6.938894e-17 -3.552714e-15
5.463241e-02 5.250023373158e+00 5.736403e-01 4.676383e+00 1.387779e-16 -2.331468e-15
5.322098e-02 5.250023472363e+00 5.588203e-01 4.691203e+00 -2.914335e-16 1.110223e-16
5.183175e-02 5.250023570519e+00 5.442333e-01 4.705790e+00 4.024558e-16 -5.107026e-15
5.046486e-02 5.250023667638e+00 5.298811e-01 4.720143e+00 2.775558e-17 1.776357e-15
4.912049e-02 5.250023763731e+00 5.157652e-01 4.734259e+00 -1.387779e-17 -5.329071e-15
4.779879e-02 5.250023858811e+00 5.018873e-01 4.748137e+00 2.775558e-16 6.661338e-16
4.649991e-02 5.250023952887e+00 4.882490e-01 4.761775e+00 -2.775558e-17 -1.554312e-15
4.522400e-02 5.250024045973e+00 4.748520e-01 4.775172e+00 -2.081668e-16 -4.662937e-15
4.397122e-02 5.250024138080e+00 4.616979e-01 4.788326e+00 1.804112e-16 -7.105427e-15
4.274172e-02 5.250024229220e+00 4.487881e-01 4.801236e+00 9.714451e-17 -6.106227e-15
4.153565e-02 5.250024319404e+00 4.361243e-01 4.813900e+00 -1.387779e-17 -4.440892e-15
4.035314e-02 5.250024408645e+00 4.237080e-01 4.826316e+00 -2.359224e-16 -7.771561e-16
3.919435e-02 5.250024496954e+00 4.115407e-01 4.838484e+00 4.718448e-16 -7.327472e-15
3.805943e-02 5.250024584344e+00 3.996240e-01 4.850401e+00 8.326673e-17 -2.109424e-15
3.694850e-02 5.250024670825e+00 3.879593e-01 4.862065e+00 -3.747003e-16 -3.552714e-15
3.586172e-02 5.250024756411e+00 3.765481e-01 4.873477e+00 -1.665335e-16 -2.664535e-15
3.479922e-02 5.250024841111e+00 3.653918e-01 4.884633e+00 -2.498002e-16 -3.219647e-15
3.376115e-02 5.250024924939e+00 3.544920e-01 4.895533e+00 -8.049117e-16 -3.885781e-15
3.274763e-02 5.250025007905e+00 3.438501e-01 4.906175e+00 2.359224e-16 -5.107026e-15
3.175880e-02 5.250025090020e+00 3.334674e-01 4.916558e+00 -5.620504e-16 -1.010303e-14
3.079480e-02 5.250025171295e+00 3.233454e-01 4.926680e+00 -5.065393e-16 -3.441691e-15
2.985575e-02 5.250025251741e+00 3.134854e-01 4.936540e+00 -5.204170e-16 -4.551914e-15
2.894180e-02 5.250025331368e+00 3.038889e-01 4.946136e+00 -3.677614e-16 -5.551115e-15
2.805306e-02 5.250025410185e+00 2.945572e-01 4.955468e+00 -1.318390e-16 -3.996803e-15
2.718967e-02 5.250025488202e+00 2.854916e-01 4.964534e+00 -1.110223e-16 -3.219647e-15
2.635176e-02 5.250025565427e+00 2.766934e-01 4.973332e+00 -2.220446e-16 -1.554312e-15
2.553944e-02 5.250025641868e+00 2.681641e-01 4.981862e+00 -2.359224e-16 -3.996803e-15
2.475284e-02 5.250025717531e+00 2.599049e-01 4.990121e+00 -1.665335e-16 -3.108624e-15
2.399210e-02 5.250025792423e+00 2.519170e-01 4.998109e+00 -2.289835e-16 -1.887379e-15
2.325732e-02 5.250025866549e+00 2.442018e-01 5.005824e+00 -5.065393e-16 -4.440892e-16
2.254862e-02 5.250025939913e+00 2.367606e-01 5.013265e+00 -3.191891e-16 -1.521006e-14
2.186614e-02 5.250026012517e+00 2.295945e-01 5.020432e+00 -3.053113e-16 -8.659740e-15
2.120998e-02 5.250026084362e+00 2.227048e-01 5.027321e+00 -3.816392e-16 -1.298961e-14
2.058026e-02 5.250026155448e+00 2.160928e-01 5.033933e+00 -2.428613e-16 -1.776357e-15
1.997710e-02 5.250026225774e+00 2.097596e-01 5.040267e+00 -2.775558e-16 -5.884182e-15
1.940061e-02 5.250026295334e+00 2.037064e-01 5.046320e+00 -1.249001e-16 -1.043610e-14
1.885091e-02 5.250026364123e+00 1.979345e-01 5.052092e+00 -2.775558e-16 -8.326673e-15
1.832810e-02 5.250026432134e+00 1.924450e-01 5.057581e+00 -3.400058e-16 -6.772360e-15
1.783229e-02 5.250026499354e+00 1.872391e-01 5.062787e+00 -2.289835e-16 -1.365574e-14
1.736361e-02 5.250026565773e+00 1.823179e-01 5.067709e+00 -2.428613e-16 -1.187939e-14
1.692214e-02 5.250026631373e+00 1.776825e-01 5.072344e+00 -2.567391e-16 -9.436896e-15
1.650800e-02 5.250026696137e+00 1.733340e-01 5.076693e+00 -3.816392e-16 -9.436896e-15
1.612130e-02 5.250026760044e+00 1.692736e-01 5.080753e+00 -4.302114e-16 -8.548717e-15
1.576213e-02 5.250026823068e+00 1.655024e-01 5.084524e+00 -3.538836e-16 -6.550316e-15
1.543060e-02 5.250026885182e+00 1.620213e-01 5.088006e+00 -3.400058e-16 -8.215650e-15
1.512681e-02 5.250026946355e+00 1.588315e-01 5.091195e+00 -2.844947e-16 -1.154632e-14
1.485086e-02 5.250027006551e+00 1.559340e-01 5.094093e+00 -3.261280e-16 -6.994405e-15
1.460284e-02 5.250027065733e+00 1.533299e-01 5.096697e+00 -5.204170e-16 -8.104628e-15
1.438286e-02 5.250027123857e+00 1.510200e-01 5.099007e+00 -3.330669e-16 -1.043610e-14
1.419100e-02 5.250027180877e+00 1.490055e-01 5.101022e+00 -4.024558e-16 -9.325873e-15
1.402735e-02 5.250027236743e+00 1.472872e-01 5.102740e+00 -3.989864e-16 -1.210143e-14
1.389201e-02 5.250027291400e+00 1.458661e-01 5.104161e+00 -3.122502e-16 -1.187939e-14
1.378507e-02 5.250027344789e+00 1.447432e-01 5.105284e+00 -4.093947e-16 -1.176836e-14
1.370661e-02 5.250027396847e+00 1.439194e-01 5.106108e+00 -3.747003e-16 -5.995204e-15
1.365671e-02 5.250027447506e+00 1.433955e-01 5.106632e+00 -4.336809e-16 -1.543210e-14
1.363546e-02 5.250027496694e+00 1.431724e-01 5.106855e+00 -3.504141e-16 -2.042810e-14
1.364294e-02 5.250027544336e+00 1.432509e-01 5.106777e+00 -2.393918e-16 -1.298961e-14
1.367922e-02 5.250027590351e+00 1.436318e-01 5.106396e+00 -3.608225e-16 -1.132427e-14
1.374438e-02 5.250027634655e+00 1.443160e-01 5.105712e+00 -2.428613e-16 -8.881784e-15
1.383848e-02 5.250027677159e+00 1.453041e-01 5.104724e+00 -2.740863e-16 -1.287859e-14
1.396161e-02 5.250027717769e+00 1.465969e-01 5.103431e+00 -2.185752e-16 -1.154632e-14
1.411382e-02 5.250027756391e+00 1.481951e-01 5.101833e+00 -2.116363e-16 -7.327472e-15
1.429517e-02 5.250027792923e+00 1.500993e-01 5.099929e+00 -2.359224e-16 -8.659740e-15
1.450573e-02 5.250027827262e+00 1.523101e-01 5.097718e+00 -2.220446e-16 -7.105427e-15
1.474555e-02 5.250027859302e+00 1.548282e-01 5.095200e+00 -6.938894e-17 -7.327472e-15
1.501468e-02 5.250027888932e+00 1.576541e-01 5.092374e+00 -1.075529e-16 -1.310063e-14
1.531317e-02 5.250027916041e+00 1.607883e-01 5.089240e+00 -1.665335e-16 -8.104628e-15
1.564108e-02 5.250027940513e+00 1.642313e-01 5.085797e+00 -2.654127e-16 -8.881784e-15
1.599842e-02 5.250027962232e+00 1.679834e-01 5.082045e+00 -1.821460e-16 -9.214851e-15
1.638525e-02 5.250027981080e+00 1.720452e-01 5.077983e+00 -1.405126e-16 -1.243450e-14
1.680160e-02 5.250027996937e+00 1.764168e-01 5.073611e+00 -6.591949e-17 -3.441691e-15
1.724748e-02 5.250028009682e+00 1.810986e-01 5.068929e+00 -7.459311e-17 -9.658940e-15
1.772293e-02 5.250028019195e+00 1.860908e-01 5.063937e+00 -1.717376e-16 -5.440093e-15
1.822796e-02 5.250028025356e+00 1.913936e-01 5.058634e+00 -1.457168e-16 -1.476597e-14
1.876258e-02 5.250028028044e+00 1.970071e-01 5.053021e+00 -1.595946e-16 -1.243450e-14
1.932680e-02 5.250028027141e+00 2.029314e-01 5.047097e+00 -2.567391e-16 -5.440093e-15
1.992062e-02 5.250028022529e+00 2.091665e-01 5.040861e+00 -1.500536e-16 -1.110223e-14
2.054404e-02 5.250028014093e+00 2.157124e-01 5.034316e+00 -1.934217e-16 -1.088019e-14
2.119704e-02 5.250028001721e+00 2.225689e-01 5.027459e+00 -2.385245e-16 -8.326673e-15
2.187961e-02 5.250027985304e+00 2.297359e-01 5.020292e+00 -3.538836e-16 -1.521006e-14
2.259172e-02 5.250027964735e+00 2.372131e-01 5.012815e+00 -2.905662e-16 -1.221245e-14
2.333335e-02 5.250027939913e+00 2.450002e-01 5.005028e+00 -1.893017e-16 -1.498801e-14
2.410446e-02 5.250027910742e+00 2.530969e-01 4.996931e+00 -2.165152e-16 -1.121325e-14
2.490501e-02 5.250027877129e+00 2.615026e-01 4.988525e+00 -4.416769e-16 -1.443290e-14
2.573495e-02 5.250027838990e+00 2.702170e-01 4.979811e+00 -1.541735e-16 -9.103829e-15
2.659422e-02 5.250027796245e+00 2.792393e-01 4.970788e+00 -3.751340e-16 -9.103829e-15
2.748276e-02 5.250027748820e+00 2.885690e-01 4.961459e+00 -9.063930e-17 -4.440892e-15
2.840050e-02 5.250027696650e+00 2.982053e-01 4.951822e+00 -3.278627e-16 -1.232348e-14
2.934736e-02 5.250027639676e+00 3.081473e-01 4.941880e+00 -1.465841e-16 -1.065814e-14
3.032326e-02 5.250027577847e+00 3.183942e-01 4.931633e+00 -2.064321e-16 -9.992007e-15
3.132810e-02 5.250027511121e+00 3.289451e-01 4.921082e+00 -1.526557e-16 -1.509903e-14
3.236179e-02 5.250027439464e+00 3.397988e-01 4.910229e+00 -8.760354e-17 -9.992007e-15
3.342421e-02 5.250027362850e+00 3.509542e-01 4.899073e+00 -1.561251e-16 -8.992806e-15
3.451526e-02 5.250027281261e+00 3.624102e-01 4.887617e+00 1.821460e-16 -9.436896e-15
3.563480e-02 5.250027194691e+00 3.741654e-01 4.875862e+00 -3.816392e-17 -1.321165e-14
3.678272e-02 5.250027103141e+00 3.862185e-01 4.863809e+00 -3.122502e-16 -1.221245e-14
3.795886e-02 5.250027006620e+00 3.985680e-01 4.851459e+00 3.469447e-18 -8.326673e-15
3.916309e-02 5.250026905149e+00 4.112125e-01 4.838814e+00 7.806256e-17 -7.993606e-15
4.039526e-02 5.250026798755e+00 4.241502e-01 4.825877e+00 -7.459311e-17 -9.880985e-15
4.165519e-02 5.250026687477e+00 4.373795e-01 4.812647e+00 -3.365364e-16 -9.992007e-15
4.294273e-02 5.250026571362e+00 4.508987e-01 4.799128e+00 6.245005e-17 -1.532108e-14
4.425770e-02 5.250026450463e+00 4.647059e-01 4.785321e+00 -4.614364e-16 -5.662137e-15
4.559992e-02 5.250026324846e+00 4.787992e-01 4.771227e+00 -3.330669e-16 -9.547918e-15
4.696919e-02 5.250026194580e+00 4.931765e-01 4.756850e+00 -3.365364e-16 -1.554312e-14
4.836532e-02 5.250026059747e+00 5.078359e-01 4.742190e+00 -6.487866e-16 -9.436896e-15
4.978811e-02 5.250025920431e+00 5.227752e-01 4.727251e+00 7.285839e-17 -6.328271e-15
5.123734e-02 5.250025776729e+00 5.379921e-01 4.712034e+00 -2.393918e-16 -1.265654e-14
5.271280e-02 5.250025628739e+00 5.534844e-01 4.696541e+00 -6.696033e-16 -7.438494e-15
5.421425e-02 5.250025476568e+00 5.692497e-01 4.680776e+00 -3.018419e-16 -5.440093e-15
5.574148e-02 5.250025320328e+00 5.852856e-01 4.664740e+00 -3.538836e-16 -5.662137e-15
5.729424e-02 5.250025160135e+00 6.015896e-01 4.648436e+00 4.510281e-17 -5.107026e-15
5.887230e-02 5.250024996112e+00 6.181591e-01 4.631866e+00 -3.955170e-16 -6.217249e-15
6.047539e-02 5.250024828383e+00 6.349916e-01 4.615033e+00 -2.012279e-16 -1.276756e-14
6.210327e-02 5.250024657076e+00 6.520843e-01 4.597940e+00 2.324529e-16 -8.326673e-15
6.375567e-02 5.250024482322e+00 6.694346e-01 4.580590e+00 -6.522560e-16 -9.325873e-15
6.543233e-02 5.250024304255e+00 6.870395e-01 4.562985e+00 -4.753142e-16 -1.076916e-14
6.713298e-02 5.250024123008e+00 7.048963e-01 4.545128e+00 -1.908196e-16 -7.105427e-15
6.885735e-02 5.250023938716e+00 7.230021e-01 4.527022e+00 -8.083811e-16 -7.438494e-15
7.060514e-02 5.250023751515e+00 7.413540e-01 4.508670e+00 -4.163336e-17 -5.884182e-15
7.237608e-02 5.250023561539e+00 7.599488e-01 4.490075e+00 -6.245005e-16 -1.043610e-14
7.416987e-02 5.250023368922e+00 7.787836e-01 4.471240e+00 -1.505740e-15 -1.076916e-14
7.598622e-02 5.250023173797e+00 7.978553e-01 4.452168e+00 -4.857226e-16 -6.994405e-15
7.782483e-02 5.250022976294e+00 8.171607e-01 4.432862e+00 -2.151057e-16 -8.548717e-15
7.968540e-02 5.250022776542e+00 8.366968e-01 4.413326e+00 -2.081668e-17 -1.409983e-14
8.156763e-02 5.250022574664e+00 8.564601e-01 4.393562e+00 -5.273559e-16 -4.440892e-15
8.347120e-02 5.250022370782e+00 8.764476e-01 4.373575e+00 -1.179612e-16 -9.214851e-15
8.539580e-02 5.250022165016e+00 8.966559e-01 4.353366e+00 -5.412337e-16 -9.658940e-15
8.734112e-02 5.250021957478e+00 9.170817e-01 4.332940e+00 -6.800116e-16 -1.054712e-14
8.930683e-02 5.250021748279e+00 9.377217e-01 4.312300e+00 -4.024558e-16 -6.106227e-15
9.129262e-02 5.250021537523e+00 9.585725e-01 4.291449e+00 1.249001e-16 -9.547918e-15
9.329816e-02 5.250021325311e+00 9.796307e-01 4.270391e+00 -3.191891e-16 -7.216450e-15
9.532312e-02 5.250021111739e+00 1.000893e+00 4.249128e+00 -1.387779e-17 -1.054712e-14
9.736717e-02 5.250020896897e+00 1.022355e+00 4.227666e+00 -2.081668e-17 -4.773959e-15
9.942999e-02 5.250020680871e+00 1.044015e+00 4.206006e+00 -6.730727e-16 -5.662137e-15
1.015112e-01 5.250020463742e+00 1.065868e+00 4.184152e+00 -8.187895e-16 -1.265654e-14
1.036106e-01 5.250020245586e+00 1.087911e+00 4.162109e+00 -9.506285e-16 -6.883383e-15
1.057277e-01 5.250020026472e+00 1.110141e+00 4.139879e+00 -7.702172e-16 -9.436896e-15
1.078622e-01 5.250019806468e+00 1.132553e+00 4.117467e+00 2.775558e-16 -8.437695e-15
1.100138e-01 5.250019585635e+00 1.155145e+00 4.094875e+00 -1.040834e-16 -9.436896e-15
1.121821e-01 5.250019364028e+00 1.177912e+00 4.072107e+00 6.938894e-18 -1.032507e-14
1.143668e-01 5.250019141702e+00 1.200851e+00 4.049168e+00 3.469447e-17 -1.310063e-14
1.165675e-01 5.250018918704e+00 1.223959e+00 4.026060e+00 -2.428613e-16 -7.993606e-15
1.187840e-01 5.250018695080e+00 1.247232e+00 4.002787e+00 -7.910339e-16 -1.276756e-14
1.210158e-01 5.250018470870e+00 1.270665e+00 3.979353e+00 6.938894e-17 -1.021405e-14
1.232625e-01 5.250018246114e+00 1.294257e+00 3.955762e+00 -2.289835e-16 -6.994405e-15
1.255240e-01 5.250018020845e+00 1.318002e+00 3.932016e+00 -7.702172e-16 -8.437695e-15
1.277997e-01 5.250017795098e+00 1.341897e+00 3.908121e+00 -2.914335e-16 -1.243450e-14
1.300893e-01 5.250017568903e+00 1.365938e+00 3.884080e+00 -4.440892e-16 -1.065814e-14
1.323926e-01 5.250017342288e+00 1.390122e+00 3.859895e+00 -8.118506e-16 -8.548717e-15
1.347090e-01 5.250017115281e+00 1.414445e+00 3.835572e+00 -5.065393e-16 -4.662937e-15
1.370384e-01 5.250016887906e+00 1.438903e+00 3.811114e+00 -8.465451e-16 -1.154632e-14
1.393802e-01 5.250016660190e+00 1.463492e+00 3.786524e+00 4.857226e-17 -1.143530e-14
1.417342e-01 5.250016432156e+00 1.488209e+00 3.761807e+00 1.804112e-16 -1.265654e-14
1.441000e-01 5.250016203827e+00 1.513050e+00 3.736966e+00 -4.857226e-16 -1.376677e-14
1.464773e-01 5.250015975227e+00 1.538011e+00 3.712005e+00 -2.636780e-16 -1.110223e-14
1.488656e-01 5.250015746381e+00 1.563088e+00 3.686927e+00 -9.714451e-16 -7.327472e-15
1.512646e-01 5.250015517311e+00 1.588278e+00 3.661737e+00 -7.632783e-16 -1.110223e-14
1.536739e-01 5.250015288043e+00 1.613576e+00 3.636439e+00 -3.469447e-16 -8.437695e-15
1.560933e-01 5.250015058601e+00 1.638980e+00 3.611036e+00 -1.026956e-15 -1.398881e-14
1.585223e-01 5.250014829011e+00 1.664484e+00 3.585531e+00 -6.661338e-16 -1.143530e-14
1.609605e-01 5.250014599301e+00 1.690085e+00 3.559930e+00 -3.191891e-16 -1.099121e-14
1.634076e-01 5.250014369498e+00 1.715780e+00 3.534235e+00 -1.151856e-15 -9.880985e-15
1.658632e-01 5.250014139632e+00 1.741564e+00 3.508450e+00 -1.554312e-15 -9.880985e-15
1.683270e-01 5.250013909734e+00 1.767434e+00 3.482580e+00 -1.193490e-15 -7.993606e-15
1.707986e-01 5.250013679834e+00 1.793385e+00 3.456628e+00 -6.938894e-16 -9.436896e-15
1.732776e-01 5.250013449967e+00 1.819415e+00 3.430598e+00 -6.800116e-16 -7.882583e-15
1.757637e-01 5.250013220167e+00 1.845519e+00 3.404495e+00 -1.387779e-17 -1.076916e-14
1.782564e-01 5.250012990469e+00 1.871692e+00 3.378321e+00 1.387779e-17 -1.021405e-14
1.807555e-01 5.250012760912e+00 1.897933e+00 3.352080e+00 -5.967449e-16 -9.547918e-15
1.832605e-01 5.250012531533e+00 1.924235e+00 3.325777e+00 2.775558e-17 -1.232348e-14
1.857711e-01 5.250012302372e+00 1.950596e+00 3.299416e+00 -8.604228e-16 -1.310063e-14
1.882869e-01 5.250012073470e+00 1.977012e+00 3.273000e+00 -5.134781e-16 -6.994405e-15
1.908075e-01 5.250011844871e+00 2.003479e+00 3.246533e+00 1.942890e-16 -1.165734e-14
1.933327e-01 5.250011616616e+00 2.029993e+00 3.220019e+00 -4.024558e-16 -8.437695e-15
1.958619e-01 5.250011388750e+00 2.056550e+00 3.193462e+00 -9.714451e-17 -1.076916e-14
1.983949e-01 5.250011161320e+00 2.083146e+00 3.166865e+00 -6.106227e-16 -1.187939e-14
2.009312e-01 5.250010934371e+00 2.109778e+00 3.140233e+00 -6.383782e-16 -8.326673e-15
2.034705e-01 5.250010707951e+00 2.136441e+00 3.113570e+00 -3.053113e-16 -1.143530e-14
2.060125e-01 5.250010482108e+00 2.163131e+00 3.086879e+00 -5.551115e-17 -1.021405e-14
2.085567e-01 5.250010256892e+00 2.189846e+00 3.060164e+00 -7.216450e-16 -4.884981e-15
2.111029e-01 5.250010032353e+00 2.216580e+00 3.033430e+00 4.024558e-16 -1.376677e-14
2.136506e-01 5.250009808542e+00 2.243331e+00 3.006679e+00 -3.191891e-16 -1.088019e-14
2.161994e-01 5.250009585511e+00 2.270094e+00 2.979915e+00 -9.853229e-16 -9.880985e-15
2.187491e-01 5.250009363314e+00 2.296866e+00 2.953144e+00 1.942890e-16 -1.054712e-14
2.212992e-01 5.250009142003e+00 2.323642e+00 2.926367e+00 -8.049117e-16 -1.043610e-14
2.238494e-01 5.250008921635e+00 2.350419e+00 2.899590e+00 -2.775558e-15 -9.325873e-15
2.263994e-01 5.250008702264e+00 2.377193e+00 2.872815e+00 -8.326673e-16 -7.771561e-15
2.289487e-01 5.250008483949e+00 2.403961e+00 2.846047e+00 -6.661338e-16 -8.215650e-15
2.314970e-01 5.250008266747e+00 2.430719e+00 2.819290e+00 1.942890e-16 -7.327472e-15
2.340440e-01 5.250008050719e+00 2.457462e+00 2.792546e+00 -1.137979e-15 -7.660539e-15
2.365893e-01 5.250007835924e+00 2.484187e+00 2.765820e+00 -1.110223e-15 -1.065814e-14
2.391325e-01 5.250007622425e+00 2.510891e+00 2.739116e+00 -2.775558e-15 -1.298961e-14
2.416733e-01 5.250007410287e+00 2.537570e+00 2.712437e+00 -2.498002e-15 -1.088019e-14
2.442114e-01 5.250007199575e+00 2.564220e+00 2.685787e+00 -1.387779e-15 -1.154632e-14
2.467464e-01 5.250006990356e+00 2.590838e+00 2.659169e+00 -1.873501e-15 -1.221245e-14
2.492780e-01 5.250006782699e+00 2.617419e+00 2.632588e+00 -1.942890e-15 -1.276756e-14
2.518058e-01 5.250006576675e+00 2.643961e+00 2.606046e+00 -1.915135e-15 -1.076916e-14
2.543295e-01 5.250006372359e+00 2.670459e+00 2.579547e+00 -2.983724e-15 -9.436896e-15
2.568487e-01 5.250006169823e+00 2.696911e+00 2.553095e+00 -1.040834e-15 -8.881784e-15
2.593631e-01 5.250005969147e+00 2.723312e+00 2.526693e+00 -2.525757e-15 -1.199041e-14
2.618724e-01 5.250005770410e+00 2.749660e+00 2.500346e+00 -4.857226e-16 -1.609823e-14
2.643763e-01 5.250005573693e+00 2.775951e+00 2.474055e+00 -1.360023e-15 -8.326673e-15
2.668743e-01 5.250005379080e+00 2.802181e+00 2.447825e+00 -2.747802e-15 -8.770762e-15
2.693663e-01 5.250005186658e+00 2.828347e+00 2.421659e+00 -1.693090e-15 -7.216450e-15
2.718519e-01 5.250004996515e+00 2.854445e+00 2.395560e+00 -2.192690e-15 -1.010303e-14
2.743308e-01 5.250004808742e+00 2.880473e+00 2.369532e+00 -2.373102e-15 -1.076916e-14
2.768026e-01 5.250004623432e+00 2.906427e+00 2.343578e+00 -1.026956e-15 -8.992806e-15
2.792670e-01 5.250004440679e+00 2.932304e+00 2.317701e+00 -8.604228e-16 -1.099121e-14
2.817239e-01 5.250004260580e+00 2.958100e+00 2.291904e+00 -2.747802e-15 -1.099121e-14
2.841727e-01 5.250004083235e+00 2.983814e+00 2.266191e+00 -1.304512e-15 -1.276756e-14
2.866133e-01 5.250003908742e+00 3.009440e+00 2.240564e+00 -6.522560e-16 -8.548717e-15
2.890454e-01 5.250003737203e+00 3.034977e+00 2.215027e+00 -2.914335e-16 -9.214851e-15
2.914687e-01 5.250003568721e+00 3.060421e+00 2.189583e+00 -4.163336e-17 -1.343370e-14
2.938828e-01 5.250003403399e+00 3.085770e+00 2.164234e+00 -2.498002e-16 -1.521006e-14
2.962876e-01 5.250003241342e+00 3.111020e+00 2.138984e+00 -2.914335e-16 -9.547918e-15
2.986827e-01 5.250003082654e+00 3.136168e+00 2.113835e+00 -5.828671e-16 -1.332268e-14
3.010679e-01 5.250002927439e+00 3.161213e+00 2.088790e+00 -2.664535e-15 -1.243450e-14
3.034429e-01 5.250002775801e+00 3.186150e+00 2.063852e+00 -1.609823e-15 -1.343370e-14
3.058075e-01 5.250002627844e+00 3.210979e+00 2.039024e+00 -2.775558e-16 -1.265654e-14
3.081614e-01 5.250002483669e+00 3.235694e+00 2.014308e+00 -1.082467e-15 -8.326673e-15
3.105043e-01 5.250002343377e+00 3.260295e+00 1.989707e+00 -4.718448e-16 -1.321165e-14
3.128361e-01 5.250002207067e+00 3.284779e+00 1.965223e+00 -1.637579e-15 -1.199041e-14
3.151565e-01 5.250002074835e+00 3.309143e+00 1.940859e+00 -2.498002e-16 -1.099121e-14
3.174653e-01 5.250001946773e+00 3.333385e+00 1.916617e+00 -1.054712e-15 -1.254552e-14
3.197622e-01 5.250001822972e+00 3.357503e+00 1.892499e+00 -1.304512e-15 -8.215650e-15
3.220470e-01 5.250001703516e+00 3.381494e+00 1.868508e+00 -1.110223e-16 -1.276756e-14
3.243196e-01 5.250001588488e+00 3.405356e+00 1.844645e+00 -8.049117e-16 -1.010303e-14
3.265798e-01 5.250001477965e+00 3.429088e+00 1.820914e+00 -6.661338e-16 -7.993606e-15
3.288272e-01 5.250001372016e+00 3.452686e+00 1.797315e+00 -1.693090e-15 -1.287859e-14
3.310619e-01 5.250001270708e+00 3.476150e+00 1.773852e+00 -1.915135e-15 -1.088019e-14
3.332835e-01 5.250001174100e+00 3.499477e+00 1.750524e+00 -9.714451e-16 -1.054712e-14
3.354919e-01 5.250001082245e+00 3.522665e+00 1.727336e+00 -1.415534e-15 -1.010303e-14
3.376870e-01 5.250000995186e+00 3.545713e+00 1.704288e+00 -8.604228e-16 -1.199041e-14
3.398685e-01 5.250000912962e+00 3.568620e+00 1.681381e+00 -1.942890e-15 -1.088019e-14
3.420364e-01 5.250000835601e+00 3.591383e+00 1.658618e+00 -1.026956e-15 -1.232348e-14
3.441905e-01 5.250000763126e+00 3.614001e+00 1.636000e+00 -2.414735e-15 -1.099121e-14
3.463307e-01 5.250000695548e+00 3.636472e+00 1.613528e+00 -2.081668e-15 -1.010303e-14
3.484568e-01 5.250000632869e+00 3.658796e+00 1.591204e+00 8.326673e-16 -1.154632e-14
3.505687e-01 5.250000575083e+00 3.680972e+00 1.569029e+00 -1.137979e-15 -9.880985e-15
3.526663e-01 5.250000522174e+00 3.702997e+00 1.547004e+00 -2.498002e-16 -8.770762e-15
3.547496e-01 5.250000474115e+00 3.724870e+00 1.525130e+00 -2.664535e-15 -9.769963e-15
3.568183e-01 5.250000430869e+00 3.746592e+00 1.503408e+00 -5.551115e-16 -1.354472e-14
3.588724e-01 5.250000392389e+00 3.768161e+00 1.481840e+00 -1.165734e-15 -1.243450e-14
3.609119e-01 5.250000358617e+00 3.789575e+00 1.460425e+00 -1.026956e-15 -8.604228e-15
3.629366e-01 5.250000329485e+00 3.810835e+00 1.439166e+00 -6.106227e-16 -1.199041e-14
3.649465e-01 5.250000304912e+00 3.831939e+00 1.418062e+00 -2.775558e-16 -9.603429e-15
3.669416e-01 5.250000284809e+00 3.852887e+00 1.397114e+00 1.498801e-15 -1.171285e-14
3.689217e-01 5.250000269075e+00 3.873678e+00 1.376322e+00 -8.049117e-16 -1.182388e-14
3.708868e-01 5.250000257599e+00 3.894312e+00 1.355689e+00 -1.831868e-15 -8.160139e-15
3.728369e-01 5.250000250257e+00 3.914788e+00 1.335212e+00 -5.273559e-16 -8.715251e-15
3.747720e-01 5.250000246917e+00 3.935106e+00 1.314894e+00 -3.608225e-16 -1.315614e-14
3.766920e-01 5.250000247436e+00 3.955266e+00 1.294735e+00 -5.828671e-16 -1.004752e-14
3.785968e-01 5.250000251661e+00 3.975267e+00 1.274734e+00 -1.082467e-15 -9.270362e-15
3.804866e-01 5.250000259429e+00 3.995109e+00 1.254891e+00 -1.054712e-15 -1.115774e-14
3.823611e-01 5.250000270567e+00 4.014792e+00 1.235208e+00 -2.692291e-15 -1.160183e-14
3.842206e-01 5.250000284894e+00 4.034316e+00 1.215684e+00 0.000000e+00 -1.021405e-14
3.860649e-01 5.250000302221e+00 4.053681e+00 1.196319e+00 5.551115e-17 -9.714451e-15
3.878940e-01 5.250000322347e+00 4.072887e+00 1.177113e+00 -4.718448e-16 -8.659740e-15
3.897080e-01 5.250000345068e+00 4.091934e+00 1.158066e+00 -9.992007e-16 -7.605028e-15
3.915069e-01 5.250000370169e+00 4.110822e+00 1.139178e+00 3.053113e-16 -9.381385e-15
3.932906e-01 5.250000397430e+00 4.129551e+00 1.120449e+00 6.661338e-16 -1.110223e-14
3.950592e-01 5.250000426624e+00 4.148122e+00 1.101879e+00 -1.360023e-15 -9.825474e-15
3.968128e-01 5.250000457520e+00 4.166534e+00 1.083466e+00 1.443290e-15 -1.060263e-14
3.985512e-01 5.250000489880e+00 4.184788e+00 1.065213e+00 8.326673e-17 -9.936496e-15
4.002747e-01 5.250000523461e+00 4.202884e+00 1.047116e+00 1.110223e-16 -1.026956e-14
4.019831e-01 5.250000558020e+00 4.220822e+00 1.029178e+00 -6.661338e-16 -1.154632e-14
4.036765e-01 5.250000593307e+00 4.238603e+00 1.011397e+00 1.276756e-15 -1.232348e-14
4.053550e-01 5.250000629071e+00 4.256227e+00 9.937732e-01 8.604228e-16 -9.159340e-15
4.070185e-01 5.250000665061e+00 4.273695e+00 9.763060e-01 -2.220446e-16 -1.093570e-14
4.086672e-01 5.250000701023e+00 4.291006e+00 9.589952e-01 -6.661338e-16 -8.659740e-15
4.103010e-01 5.250000736704e+00 4.308160e+00 9.418406e-01 2.775558e-17 -8.437695e-15
4.119199e-01 5.250000771851e+00 4.325159e+00 9.248417e-01 -3.053113e-16 -1.060263e-14
4.135240e-01 5.250000806213e+00 4.342002e+00 9.079984e-01 7.494005e-16 -9.825474e-15
4.151134e-01 5.250000839540e+00 4.358691e+00 8.913102e-01 -9.436896e-16 -1.071365e-14
4.166880e-01 5.250000871586e+00 4.375224e+00 8.747770e-01 7.494005e-16 -1.154632e-14
4.182479e-01 5.250000902109e+00 4.391602e+00 8.583984e-01 1.193490e-15 -7.827072e-15
4.197930e-01 5.250000930871e+00 4.407827e+00 8.421743e-01 3.608225e-16 -8.382184e-15
4.213235e-01 5.250000957638e+00 4.423897e+00 8.261043e-01 7.771561e-16 -1.149081e-14
4.228393e-01 5.250000982184e+00 4.439813e+00 8.101883e-01 -1.276756e-15 -1.171285e-14
4.243405e-01 5.250001004290e+00 4.455575e+00 7.944262e-01 -7.771561e-16 -7.494005e-15
4.258270e-01 5.250001023741e+00 4.471183e+00 7.788178e-01 -2.220446e-16 -8.826273e-15
4.272989e-01 5.250001040335e+00 4.486638e+00 7.633630e-01 -8.326673e-17 -7.938095e-15
4.287561e-01 5.250001053877e+00 4.501939e+00 7.480619e-01 1.332268e-15 -1.110223e-14
4.301987e-01 5.250001064181e+00 4.517087e+00 7.329143e-01 1.637579e-15 -8.437695e-15
4.316267e-01 5.250001071072e+00 4.532081e+00 7.179204e-01 1.304512e-15 -8.104628e-15
4.330401e-01 5.250001074388e+00 4.546921e+00 7.030803e-01 1.415534e-15 -9.270362e-15
4.344388e-01 5.250001073978e+00 4.561607e+00 6.883940e-01 7.494005e-16 -1.065814e-14
4.358228e-01 5.250001069702e+00 4.576139e+00 6.738619e-01 2.220446e-16 -8.548717e-15
4.371921e-01 5.250001061435e+00 4.590517e+00 6.594841e-01 1.471046e-15 -9.048318e-15
4.385467e-01 5.250001049066e+00 4.604740e+00 6.452610e-01 4.718448e-16 -9.714451e-15
4.398865e-01 5.250001032500e+00 4.618808e+00 6.311929e-01 6.383782e-16 -7.882583e-15
4.412115e-01 5.250001011653e+00 4.632721e+00 6.172804e-01 -3.330669e-16 -8.659740e-15
4.425216e-01 5.250000986461e+00 4.646477e+00 6.035238e-01 1.720846e-15 -9.048318e-15
4.438169e-01 5.250000956875e+00 4.660077e+00 5.899238e-01 -3.885781e-16 -8.770762e-15
4.450971e-01 5.250000922863e+00 4.673520e+00 5.764809e-01 -5.828671e-16 -8.104628e-15
4.463624e-01 5.250000884409e+00 4.686805e+00 5.631959e-01 1.082467e-15 -9.214851e-15
4.476125e-01 5.250000841516e+00 4.699931e+00 5.500695e-01 1.304512e-15 -8.548717e-15
4.488475e-01 5.250000794204e+00 4.712898e+00 5.371025e-01 -5.828671e-16 -8.715251e-15
4.500671e-01 5.250000742514e+00 4.725705e+00 5.242958e-01 -1.693090e-15 -8.215650e-15
4.512715e-01 5.250000686503e+00 4.738350e+00 5.116502e-01 1.526557e-15 -1.104672e-14
4.524604e-01 5.250000626247e+00 4.750834e+00 4.991669e-01 -3.885781e-16 -9.270362e-15
4.536337e-01 5.250000561842e+00 4.763154e+00 4.868468e-01 -6.383782e-16 -1.115774e-14
4.547914e-01 5.250000493403e+00 4.775309e+00 4.746910e-01 -4.440892e-16 -1.071365e-14
4.559333e-01 5.250000421064e+00 4.787300e+00 4.627008e-01 -6.938894e-16 -1.038059e-14
4.570593e-01 5.250000344976e+00 4.799123e+00 4.508772e-01 -1.387779e-16 -8.770762e-15
4.581694e-01 5.250000265312e+00 4.810779e+00 4.392216e-01 -3.053113e-16 -1.160183e-14
4.592633e-01 5.250000182260e+00 4.822265e+00 4.277353e-01 -1.804112e-15 -1.021405e-14
4.603410e-01 5.250000096028e+00 4.833580e+00 4.164197e-01 -1.831868e-15 -9.936496e-15
4.614023e-01 5.250000006841e+00 4.844724e+00 4.052760e-01 5.828671e-16 -1.065814e-14
4.624471e-01 5.249999914941e+00 4.855694e+00 3.943058e-01 -7.216450e-16 -9.159340e-15
4.634752e-01 5.249999820586e+00 4.866489e+00 3.835104e-01 -1.415534e-15 -9.825474e-15
4.644865e-01 5.249999724051e+00 4.877108e+00 3.728914e-01 -2.664535e-15 -9.880985e-15
4.654809e-01 5.249999625622e+00 4.887549e+00 3.624503e-01 -1.276756e-15 -1.010303e-14
4.664582e-01 5.249999525601e+00 4.897811e+00 3.521886e-01 -2.775558e-16 -8.326673e-15
4.674182e-01 5.249999424303e+00 4.907892e+00 3.421079e-01 2.775558e-16 -1.115774e-14
4.683609e-01 5.249999322052e+00 4.917790e+00 3.322096e-01 -5.551115e-16 -9.103829e-15
4.692861e-01 5.249999219183e+00 4.927504e+00 3.224954e-01 -6.106227e-16 -8.604228e-15
4.701936e-01 5.249999116038e+00 4.937032e+00 3.129668e-01 -3.608225e-16 -9.880985e-15
4.710832e-01 5.249999012968e+00 4.946374e+00 3.036253e-01 -2.220446e-16 -9.936496e-15
4.719549e-01 5.249998910325e+00 4.955526e+00 2.944725e-01 -6.938894e-16 -8.881784e-15
4.728085e-01 5.249998808468e+00 4.964489e+00 2.855099e-01 2.498002e-16 -9.103829e-15
4.736438e-01 5.249998707755e+00 4.973260e+00 2.767389e-01 -1.332268e-15 -8.770762e-15
4.744607e-01 5.249998608543e+00 4.981838e+00 2.681610e-01 -1.831868e-15 -8.992806e-15
4.752591e-01 5.249998511188e+00 4.990221e+00 2.597777e-01 -5.828671e-16 -1.043610e-14
4.760389e-01 5.249998416039e+00 4.998408e+00 2.515903e-01 -3.053113e-16 -1.004752e-14
4.767998e-01 5.249998323438e+00 5.006398e+00 2.436001e-01 -8.326673e-16 -1.093570e-14
4.775419e-01 5.249998233719e+00 5.014190e+00 2.358085e-01 -1.193490e-15 -8.826273e-15
4.782649e-01 5.249998147203e+00 5.021782e+00 2.282166e-01 -3.497203e-15 -8.881784e-15
4.789688e-01 5.249998064197e+00 5.029172e+00 2.208257e-01 -2.359224e-15 -8.548717e-15
4.796534e-01 5.249997984991e+00 5.036361e+00 2.136368e-01 -1.637579e-15 -9.742207e-15
4.803188e-01 5.249997909858e+00 5.043347e+00 2.066510e-01 -1.720846e-15 -9.742207e-15
4.809646e-01 5.249997839048e+00 5.050129e+00 1.998691e-01 -6.383782e-16 -9.436896e-15
4.815910e-01 5.249997772788e+00 5.056706e+00 1.932921e-01 -1.776357e-15 -9.714451e-15
4.821978e-01 5.249997711280e+00 5.063077e+00 1.869208e-01 -2.331468e-15 -1.051936e-14
4.827849e-01 5.249997654697e+00 5.069242e+00 1.807558e-01 -1.415534e-15 -9.020562e-15
4.833524e-01 5.249997603184e+00 5.075200e+00 1.747979e-01 -3.302913e-15 -9.603429e-15
4.839000e-01 5.249997556853e+00 5.080950e+00 1.690474e-01 -3.330669e-15 -9.492407e-15
4.844279e-01 5.249997515780e+00 5.086493e+00 1.635049e-01 -2.081668e-15 -9.964252e-15
4.849359e-01 5.249997480009e+00 5.091827e+00 1.581706e-01 -1.942890e-15 -9.714451e-15
4.854241e-01 5.249997449544e+00 5.096953e+00 1.530449e-01 -3.774758e-15 -8.715251e-15
4.858923e-01 5.249997424352e+00 5.101870e+00 1.481278e-01 -1.165734e-15 -9.825474e-15
4.863408e-01 5.249997404359e+00 5.106578e+00 1.434194e-01 -2.442491e-15 -1.010303e-14
4.867693e-01 5.249997389451e+00 5.111078e+00 1.389197e-01 -3.885781e-16 -1.013079e-14
4.871780e-01 5.249997379470e+00 5.115369e+00 1.346286e-01 0.000000e+00 -1.021405e-14
4.875668e-01 5.249997374219e+00 5.119451e+00 1.305459e-01 -1.276756e-15 -1.038059e-14
4.879358e-01 5.249997373454e+00 5.123326e+00 1.266712e-01 -1.387779e-15 -9.658940e-15
4.882851e-01 5.249997376892e+00 5.126993e+00 1.230041e-01 -2.831069e-15 -9.298118e-15
4.886146e-01 5.249997384203e+00 5.130453e+00 1.195443e-01 -2.664535e-15 -1.015854e-14
4.889244e-01 5.249997395017e+00 5.133706e+00 1.162911e-01 -5.551115e-16 -9.769963e-15
4.892146e-01 5.249997408921e+00 5.136753e+00 1.132440e-01 -1.110223e-16 -9.797718e-15
4.894852e-01 5.249997425463e+00 5.139595e+00 1.104024e-01 -1.609823e-15 -9.547918e-15
4.897364e-01 5.249997444148e+00 5.142232e+00 1.077655e-01 -1.276756e-15 -9.964252e-15
4.899681e-01 5.249997464445e+00 5.144665e+00 1.053325e-01 -1.221245e-15 -9.908740e-15
4.901805e-01 5.249997485787e+00 5.146895e+00 1.031028e-01 -1.221245e-15 -9.853229e-15
4.903735e-01 5.249997507570e+00 5.148922e+00 1.010753e-01 -1.998401e-15 -1.007527e-14
4.905474e-01 5.249997529162e+00 5.150748e+00 9.924945e-02 -2.664535e-15 -1.001976e-14
4.907022e-01 5.249997549898e+00 5.152373e+00 9.762424e-02 -1.720846e-15 -1.026956e-14
4.908380e-01 5.249997569090e+00 5.153799e+00 9.619886e-02 -1.887379e-15 -1.021405e-14
4.909548e-01 5.249997586026e+00 5.155025e+00 9.497249e-02 -1.554312e-15 -1.018630e-14
4.910527e-01 5.249997599973e+00 5.156053e+00 9.394429e-02 -2.997602e-15 -1.004752e-14
4.911318e-01 5.249997610184e+00 5.156884e+00 9.311351e-02 -5.551115e-17 -1.013079e-14
4.911922e-01 5.249997615901e+00 5.157518e+00 9.247940e-02 -1.942890e-15 -1.028344e-14
4.912339e-01 5.249997616356e+00 5.157956e+00 9.204128e-02 -3.885781e-16 -1.013079e-14
4.912571e-01 5.249997610781e+00 5.158199e+00 9.179855e-02 -6.106227e-16 -1.017242e-14
4.912616e-01 5.249997598406e+00 5.158247e+00 9.175067e-02 -1.165734e-15 -1.025569e-14
4.912477e-01 5.249997578471e+00 5.158100e+00 9.189720e-02 -2.164935e-15 -1.022793e-14
4.912152e-01 5.249997550223e+00 5.157760e+00 9.223780e-02 -1.276756e-15 -1.028344e-14
4.911643e-01 5.249997512928e+00 5.157225e+00 9.277225e-02 -4.440892e-16 -1.029732e-14
4.910950e-01 5.249997465871e+00 5.156497e+00 9.350045e-02 -2.220446e-15 -1.033895e-14
4.910071e-01 5.249997408364e+00 5.155575e+00 9.442243e-02 -1.942890e-15 -1.039446e-14
4.909009e-01 5.249997339748e+00 5.154459e+00 9.553836e-02 -3.330669e-16 -1.032507e-14
4.907761e-01 5.249997259401e+00 5.153149e+00 9.684860e-02 -1.498801e-15 -1.040834e-14
4.906327e-01 5.249997166740e+00 5.151644e+00 9.835363e-02 4.440892e-16 -1.054712e-14
4.904708e-01 5.249997061228e+00 5.149943e+00 1.000541e-01 -1.887379e-15 -1.049161e-14
4.902901e-01 5.249996942377e+00 5.148046e+00 1.019509e-01 -1.887379e-15 -1.046385e-14
4.900906e-01 5.249996809752e+00 5.145952e+00 1.040451e-01 -3.275158e-15 -1.045691e-14
4.898723e-01 5.249996662976e+00 5.143659e+00 1.063379e-01 -1.110223e-15 -1.056100e-14
4.896348e-01 5.249996501732e+00 5.141166e+00 1.088307e-01 -1.554312e-15 -1.053324e-14
4.893782e-01 5.249996325769e+00 5.138471e+00 1.115251e-01 -9.436896e-16 -1.042916e-14
4.891022e-01 5.249996134901e+00 5.135573e+00 1.144231e-01 -7.771561e-16 -1.061651e-14
4.888066e-01 5.249995929013e+00 5.132469e+00 1.175266e-01 -1.054712e-15 -1.072059e-14
4.884912e-01 5.249995708059e+00 5.129158e+00 1.208379e-01 -1.554312e-15 -1.038059e-14
4.881558e-01 5.249995472067e+00 5.125636e+00 1.243596e-01 9.436896e-16 -1.089406e-14
4.878001e-01 5.249995221138e+00 5.121901e+00 1.280942e-01 -1.887379e-15 -1.050895e-14
4.874238e-01 5.249994955446e+00 5.117950e+00 1.320447e-01 -2.220446e-16 -1.048467e-14
4.870267e-01 5.249994675236e+00 5.113781e+00 1.362141e-01 -1.165734e-15 -1.096692e-14
4.866084e-01 5.249994380827e+00 5.109389e+00 1.406059e-01 -1.554312e-15 -1.081600e-14
4.861686e-01 5.249994072606e+00 5.104771e+00 1.452233e-01 -2.664535e-15 -1.106407e-14
4.857070e-01 5.249993751025e+00 5.099924e+00 1.500702e-01 -1.554312e-15 -1.095044e-14
4.852231e-01 5.249993416604e+00 5.094843e+00 1.551504e-01 -1.054712e-15 -1.073100e-14
4.847167e-01 5.249993069919e+00 5.089525e+00 1.604679e-01 -8.881784e-16 -1.115080e-14
4.841872e-01 5.249992711602e+00 5.083966e+00 1.660270e-01 -2.775558e-16 -9.964252e-15
4.836343e-01 5.249992342335e+00 5.078161e+00 1.718318e-01 -1.110223e-15 -1.153244e-14
4.830576e-01 5.249991962844e+00 5.072105e+00 1.778870e-01 -9.436896e-16 -1.134509e-14
4.824566e-01 5.249991573891e+00 5.065794e+00 1.841972e-01 -7.771561e-16 -1.040834e-14
4.818309e-01 5.249991176271e+00 5.059224e+00 1.907671e-01 -3.330669e-16 -1.074141e-14
4.811799e-01 5.249990770800e+00 5.052389e+00 1.976015e-01 -1.165734e-15 -1.195571e-14
4.805033e-01 5.249990358311e+00 5.045285e+00 2.047053e-01 2.220446e-16 -1.159489e-14
4.798006e-01 5.249989939644e+00 5.037906e+00 2.120836e-01 -6.661338e-16 -1.060263e-14
4.790712e-01 5.249989515640e+00 5.030248e+00 2.197414e-01 3.885781e-16 -1.136591e-14
4.783148e-01 5.249989087129e+00 5.022305e+00 2.276839e-01 -1.887379e-15 -1.142142e-14
4.775307e-01 5.249988654928e+00 5.014072e+00 2.359162e-01 -7.771561e-16 -1.071365e-14
4.767186e-01 5.249988219828e+00 5.005545e+00 2.444434e-01 -2.220446e-16 -1.119937e-14
4.758778e-01 5.249987782591e+00 4.996717e+00 2.532709e-01 -4.996004e-16 -1.031120e-14
4.750080e-01 5.249987343940e+00 4.987584e+00 2.624037e-01 -9.436896e-16 -1.133815e-14
4.741085e-01 5.249986904555e+00 4.978140e+00 2.718471e-01 1.110223e-16 -1.119937e-14
4.731791e-01 5.249986465068e+00 4.968380e+00 2.816063e-01 -6.661338e-16 -1.068590e-14
4.722190e-01 5.249986026059e+00 4.958300e+00 2.916862e-01 -1.276756e-15 -1.132427e-14
4.712279e-01 5.249985588051e+00 4.947893e+00 3.020922e-01 -1.609823e-15 -1.178224e-14
4.702053e-01 5.249985151515e+00 4.937156e+00 3.128290e-01 0.000000e+00 -1.124101e-14
4.691508e-01 5.249984716862e+00 4.926083e+00 3.239018e-01 -2.609024e-15 -1.268430e-14
4.680637e-01 5.249984284452e+00 4.914669e+00 3.353155e-01 -7.216450e-16 -1.293410e-14
4.669437e-01 5.249983854596e+00 4.902909e+00 3.470748e-01 -8.326673e-16 -1.182388e-14
4.657904e-01 5.249983427558e+00 4.890799e+00 3.591846e-01 7.216450e-16 -1.229572e-14
4.646032e-01 5.249983003570e+00 4.878334e+00 3.716494e-01 -9.992007e-16 -1.174061e-14
4.633818e-01 5.249982582836e+00 4.865509e+00 3.844739e-01 -1.387779e-15 -1.162959e-14
