5.000000e-01 5.250000000000e+00 5.250000e+00 0.000000e+00 -1.137979e-15 0.000000e+00
4.999893e-01 5.249999999699e+00 5.249888e+00 1.123961e-04 -1.443290e-15 -2.558717e-17
4.999572e-01 5.249999998798e+00 5.249550e+00 4.495856e-04 -1.415534e-15 -1.136244e-16
4.999037e-01 5.249999997297e+00 5.248988e+00 1.011572e-03 -1.804112e-15 2.081668e-17
4.998287e-01 5.249999995200e+00 5.248202e+00 1.798361e-03 -1.804112e-15 -1.613293e-16
4.997324e-01 5.249999992510e+00 5.247190e+00 2.809962e-03 -2.664535e-15 -1.422473e-16
4.996146e-01 5.249999989233e+00 5.245954e+00 4.046385e-03 -1.720846e-15 -2.498002e-16
4.994755e-01 5.249999985376e+00 5.244492e+00 5.507642e-03 -1.831868e-15 -2.567391e-16
4.993149e-01 5.249999980945e+00 5.242806e+00 7.193748e-03 -1.720846e-15 -2.498002e-16
4.991329e-01 5.249999975950e+00 5.240895e+00 9.104721e-03 -2.414735e-15 -3.018419e-16
4.989295e-01 5.249999970399e+00 5.238759e+00 1.124058e-02 -7.771561e-16 3.469447e-17
4.987046e-01 5.249999964305e+00 5.236399e+00 1.360134e-02 -3.885781e-16 -2.914335e-16
4.984584e-01 5.249999957678e+00 5.233813e+00 1.618703e-02 -1.665335e-15 -4.579670e-16
4.981907e-01 5.249999950532e+00 5.231002e+00 1.899768e-02 -2.359224e-15 -4.232725e-16
4.979016e-01 5.249999942881e+00 5.227967e+00 2.203330e-02 -2.137179e-15 -5.065393e-16
4.975910e-01 5.249999934741e+00 5.224706e+00 2.529392e-02 -1.276756e-15 -4.926615e-16
4.972591e-01 5.249999926128e+00 5.221220e+00 2.877956e-02 -1.387779e-15 -7.632783e-16
4.969057e-01 5.249999917060e+00 5.217510e+00 3.249027e-02 -1.415534e-15 -1.110223e-16
4.965308e-01 5.249999907555e+00 5.213574e+00 3.642605e-02 -1.582068e-15 -3.261280e-16
4.961346e-01 5.249999897633e+00 5.209413e+00 4.058695e-02 -1.110223e-15 -2.428613e-16
4.957168e-01 5.249999887315e+00 5.205027e+00 4.497298e-02 5.828671e-16 -7.632783e-17
4.952777e-01 5.249999876624e+00 5.200416e+00 4.958418e-02 -1.942890e-15 -2.220446e-16
4.948171e-01 5.249999865581e+00 5.195579e+00 5.442057e-02 -1.776357e-15 -8.604228e-16
4.943350e-01 5.249999854211e+00 5.190518e+00 5.948217e-02 -8.881784e-16 -3.053113e-16
4.938315e-01 5.249999842539e+00 5.185231e+00 6.476901e-02 -1.387779e-15 -6.522560e-16
4.933065e-01 5.249999830592e+00 5.179719e+00 7.028111e-02 -8.881784e-16 -1.942890e-16
4.927601e-01 5.249999818397e+00 5.173981e+00 7.601849e-02 -1.026956e-15 -9.436896e-16
4.921923e-01 5.249999805981e+00 5.168019e+00 8.198116e-02 0.000000e+00 -1.096345e-15
4.916029e-01 5.249999793374e+00 5.161831e+00 8.816914e-02 -8.604228e-16 -4.996004e-16
4.909921e-01 5.249999780606e+00 5.155417e+00 9.458244e-02 -2.331468e-15 -4.024558e-16
4.903599e-01 5.249999767709e+00 5.148779e+00 1.012211e-01 2.775558e-17 -5.551115e-16
4.897062e-01 5.249999754714e+00 5.141915e+00 1.080850e-01 -2.775558e-17 -1.082467e-15
4.890310e-01 5.249999741655e+00 5.134825e+00 1.151743e-01 -5.273559e-16 -1.013079e-15
4.883344e-01 5.249999728566e+00 5.127511e+00 1.224889e-01 -6.938894e-16 2.636780e-16
4.876163e-01 5.249999715482e+00 5.119971e+00 1.300287e-01 -2.747802e-15 -1.318390e-15
4.868767e-01 5.249999702438e+00 5.112206e+00 1.377939e-01 -6.938894e-16 -7.216450e-16
4.861158e-01 5.249999689472e+00 5.104215e+00 1.457843e-01 -1.360023e-15 -1.013079e-15
4.853333e-01 5.249999676620e+00 5.096000e+00 1.539999e-01 -2.414735e-15 -1.512679e-15
4.845294e-01 5.249999663923e+00 5.087559e+00 1.624408e-01 -2.386980e-15 -6.522560e-16
4.837041e-01 5.249999651418e+00 5.078893e+00 1.711067e-01 8.326673e-16 -7.077672e-16
4.828573e-01 5.249999639146e+00 5.070002e+00 1.799977e-01 -3.247402e-15 -1.498801e-15
4.819891e-01 5.249999627148e+00 5.060886e+00 1.891137e-01 -2.581269e-15 -1.026956e-15
4.810995e-01 5.249999615465e+00 5.051545e+00 1.984546e-01 -2.109424e-15 -1.276756e-15
4.801885e-01 5.249999604140e+00 5.041979e+00 2.080203e-01 -1.165734e-15 -3.053113e-16
4.792561e-01 5.249999593217e+00 5.032189e+00 2.178108e-01 -1.415534e-15 7.494005e-16
4.783023e-01 5.249999582738e+00 5.022174e+00 2.278259e-01 -1.249001e-15 -1.665335e-16
4.773271e-01 5.249999572748e+00 5.011934e+00 2.380654e-01 -2.026157e-15 3.053113e-16
4.763305e-01 5.249999563292e+00 5.001470e+00 2.485293e-01 -1.915135e-15 0.000000e+00
4.753126e-01 5.249999554416e+00 4.990782e+00 2.592174e-01 -1.221245e-15 -8.881784e-16
4.742733e-01 5.249999546167e+00 4.979870e+00 2.701296e-01 -3.053113e-15 1.665335e-16
4.732128e-01 5.249999538590e+00 4.968734e+00 2.812656e-01 -2.164935e-15 4.718448e-16
4.721309e-01 5.249999531734e+00 4.957374e+00 2.926252e-01 -2.803313e-15 -1.415534e-15
4.710277e-01 5.249999525645e+00 4.945791e+00 3.042083e-01 -4.052314e-15 -4.718448e-16
4.699033e-01 5.249999520373e+00 4.933985e+00 3.160146e-01 -1.693090e-15 -1.498801e-15
4.687577e-01 5.249999515965e+00 4.921956e+00 3.280438e-01 -2.248202e-15 5.551115e-17
4.675908e-01 5.249999512470e+00 4.909704e+00 3.402958e-01 -2.331468e-15 -1.026956e-15
4.664028e-01 5.249999509939e+00 4.897229e+00 3.527701e-01 -1.859624e-15 -2.109424e-15
4.651936e-01 5.249999508420e+00 4.884533e+00 3.654665e-01 -3.580469e-15 -5.273559e-16
4.639633e-01 5.249999507963e+00 4.871615e+00 3.783847e-01 -9.436896e-16 0.000000e+00
4.627119e-01 5.249999508619e+00 4.858475e+00 3.915244e-01 -1.942890e-15 -8.604228e-16
4.614395e-01 5.249999510437e+00 4.845114e+00 4.048851e-01 -3.108624e-15 -2.442491e-15
4.601460e-01 5.249999513468e+00 4.831533e+00 4.184664e-01 -1.609823e-15 -2.525757e-15
4.588316e-01 5.249999517762e+00 4.817732e+00 4.322680e-01 -2.525757e-15 -1.804112e-15
4.574962e-01 5.249999523369e+00 4.803710e+00 4.462894e-01 -1.193490e-15 -2.164935e-15
4.561399e-01 5.249999530340e+00 4.789469e+00 4.605301e-01 -2.137179e-15 -1.970646e-15
4.547628e-01 5.249999538726e+00 4.775010e+00 4.749897e-01 -4.440892e-16 -1.387779e-15
4.533649e-01 5.249999548577e+00 4.760332e+00 4.896677e-01 -9.714451e-16 -3.025358e-15
4.519463e-01 5.249999559942e+00 4.745436e+00 5.045634e-01 -1.082467e-15 -2.803313e-15
4.505070e-01 5.249999572871e+00 4.730323e+00 5.196764e-01 -7.494005e-16 -1.471046e-15
4.490470e-01 5.249999587415e+00 4.714994e+00 5.350059e-01 -3.608225e-15 2.775558e-16
4.475665e-01 5.249999603623e+00 4.699448e+00 5.505515e-01 -1.748601e-15 -3.524958e-15
4.460654e-01 5.249999621543e+00 4.683687e+00 5.663124e-01 -1.304512e-15 -9.714451e-16
4.445440e-01 5.249999641225e+00 4.667712e+00 5.822880e-01 -2.692291e-15 -2.664535e-15
4.430021e-01 5.249999662716e+00 4.651522e+00 5.984775e-01 -1.720846e-15 -2.192690e-15
4.414399e-01 5.249999686064e+00 4.635119e+00 6.148802e-01 -1.915135e-15 -1.804112e-15
4.398576e-01 5.249999711317e+00 4.618504e+00 6.314953e-01 -2.775558e-16 -4.357625e-15
4.382550e-01 5.249999738520e+00 4.601678e+00 6.483220e-01 -2.414735e-15 -2.775558e-15
4.366324e-01 5.249999767720e+00 4.584640e+00 6.653595e-01 -2.220446e-15 -3.802514e-15
4.349898e-01 5.249999798961e+00 4.567393e+00 6.826068e-01 -2.137179e-15 -3.219647e-15
4.333273e-01 5.249999832288e+00 4.549937e+00 7.000630e-01 -2.331468e-15 -4.107825e-15
4.316450e-01 5.249999867745e+00 4.532273e+00 7.177272e-01 -2.942091e-15 -5.107026e-15
4.299430e-01 5.249999905374e+00 4.514401e+00 7.355985e-01 -9.714451e-16 -3.302913e-15
4.282214e-01 5.249999945217e+00 4.496324e+00 7.536757e-01 -1.831868e-15 -3.830269e-15
4.264802e-01 5.249999987315e+00 4.478042e+00 7.719578e-01 -2.858824e-15 -3.053113e-15
4.247196e-01 5.250000031706e+00 4.459556e+00 7.904438e-01 -2.553513e-15 -1.221245e-15
4.229398e-01 5.250000078431e+00 4.440868e+00 8.091324e-01 -2.636780e-15 -6.050715e-15
4.211407e-01 5.250000127526e+00 4.421978e+00 8.280225e-01 -1.887379e-15 -4.163336e-15
4.193226e-01 5.250000179027e+00 4.402887e+00 8.471130e-01 -1.804112e-15 -5.329071e-15
4.174855e-01 5.250000232970e+00 4.383598e+00 8.664024e-01 -2.248202e-15 -1.720846e-15
4.156296e-01 5.250000289388e+00 4.364111e+00 8.858896e-01 -3.913536e-15 -2.775558e-15
4.137550e-01 5.250000348314e+00 4.344427e+00 9.055733e-01 -2.858824e-15 -3.108624e-15
4.118618e-01 5.250000409778e+00 4.324549e+00 9.254519e-01 -2.053913e-15 -4.274359e-15
4.099501e-01 5.250000473810e+00 4.304476e+00 9.455241e-01 -2.026157e-15 -3.885781e-15
4.080202e-01 5.250000540437e+00 4.284212e+00 9.657885e-01 -1.221245e-15 -3.386180e-15
4.060721e-01 5.250000609688e+00 4.263757e+00 9.862436e-01 -2.747802e-15 -2.275957e-15
4.041060e-01 5.250000681585e+00 4.243113e+00 1.006888e+00 -1.665335e-15 -5.440093e-15
4.021220e-01 5.250000756153e+00 4.222281e+00 1.027719e+00 -1.609823e-15 -3.275158e-15
4.001204e-01 5.250000833413e+00 4.201264e+00 1.048737e+00 -1.831868e-15 -4.329870e-15
3.981011e-01 5.250000913385e+00 4.180062e+00 1.069939e+00 -1.970646e-15 -3.164136e-15
3.960646e-01 5.250000996087e+00 4.158678e+00 1.091323e+00 -1.276756e-15 -2.331468e-15
3.940107e-01 5.250001081535e+00 4.137113e+00 1.112888e+00 -2.053913e-15 -2.997602e-15
3.919399e-01 5.250001169744e+00 4.115369e+00 1.134632e+00 -1.637579e-15 -2.164935e-15
3.898522e-01 5.250001260726e+00 4.093448e+00 1.156553e+00 -1.637579e-15 -3.219647e-15
3.877478e-01 5.250001354492e+00 4.071352e+00 1.178650e+00 -2.720046e-15 -2.942091e-15
3.856269e-01 5.250001451051e+00 4.049082e+00 1.200919e+00 -2.664535e-15 -3.552714e-15
3.834896e-01 5.250001550410e+00 4.026641e+00 1.223360e+00 -1.915135e-15 -4.551914e-15
3.813363e-01 5.250001652574e+00 4.004031e+00 1.245971e+00 -1.554312e-15 1.665335e-16
3.791670e-01 5.250001757545e+00 3.981254e+00 1.268748e+00 -1.137979e-15 -1.998401e-15
3.769820e-01 5.250001865325e+00 3.958311e+00 1.291691e+00 -6.383782e-16 -3.663736e-15
3.747815e-01 5.250001975912e+00 3.935206e+00 1.314796e+00 -1.387779e-15 -1.887379e-15
3.725657e-01 5.250002089303e+00 3.911940e+00 1.338062e+00 -6.661338e-16 -1.554312e-15
3.703348e-01 5.250002205493e+00 3.888515e+00 1.361487e+00 -5.551115e-16 -3.497203e-15
3.680890e-01 5.250002324475e+00 3.864934e+00 1.385068e+00 -1.609823e-15 -3.497203e-15
3.658285e-01 5.250002446239e+00 3.841199e+00 1.408803e+00 -2.498002e-15 -3.386180e-15
3.635536e-01 5.250002570774e+00 3.817313e+00 1.432690e+00 -1.609823e-15 -2.664535e-15
3.612645e-01 5.250002698067e+00 3.793277e+00 1.456725e+00 -1.193490e-15 -6.106227e-16
3.589614e-01 5.250002828101e+00 3.769095e+00 1.480908e+00 -1.082467e-15 -8.881784e-16
3.566446e-01 5.250002960859e+00 3.744769e+00 1.505234e+00 -2.498002e-16 -4.440892e-16
3.543144e-01 5.250003096322e+00 3.720301e+00 1.529702e+00 -1.665335e-15 -2.553513e-15
3.519708e-01 5.250003234467e+00 3.695694e+00 1.554310e+00 -2.192690e-15 -5.551115e-16
3.496143e-01 5.250003375272e+00 3.670950e+00 1.579053e+00 -1.720846e-15 -3.719247e-15
3.472450e-01 5.250003518709e+00 3.646073e+00 1.603931e+00 -4.440892e-16 -3.108624e-15
3.448633e-01 5.250003664751e+00 3.621065e+00 1.628939e+00 -8.049117e-16 -1.998401e-15
3.424693e-01 5.250003813369e+00 3.595928e+00 1.654076e+00 -2.803313e-15 7.216450e-16
3.400634e-01 5.250003964530e+00 3.570666e+00 1.679338e+00 -2.525757e-15 -3.663736e-15
3.376458e-01 5.250004118201e+00 3.545281e+00 1.704723e+00 -1.082467e-15 1.165734e-15
3.352168e-01 5.250004274347e+00 3.519776e+00 1.730228e+00 -3.247402e-15 -2.831069e-15
3.327766e-01 5.250004432929e+00 3.494154e+00 1.755850e+00 -2.220446e-16 -1.665335e-15
3.303256e-01 5.250004593909e+00 3.468418e+00 1.781586e+00 -1.332268e-15 -1.554312e-15
3.278640e-01 5.250004757245e+00 3.442572e+00 1.807433e+00 -1.637579e-15 -1.332268e-15
3.253921e-01 5.250004922895e+00 3.416617e+00 1.833388e+00 -2.498002e-15 1.332268e-15
3.229101e-01 5.250005090813e+00 3.390556e+00 1.859449e+00 -2.692291e-15 -3.108624e-15
3.204185e-01 5.250005260955e+00 3.364394e+00 1.885611e+00 -1.665335e-15 -8.881784e-16
3.179175e-01 5.250005433272e+00 3.338134e+00 1.911872e+00 -2.220446e-15 -2.664535e-15
3.154073e-01 5.250005607714e+00 3.311777e+00 1.938229e+00 -3.358425e-15 3.330669e-16
3.128884e-01 5.250005784231e+00 3.285328e+00 1.964678e+00 -1.443290e-15 -3.219647e-15
3.103609e-01 5.250005962771e+00 3.258789e+00 1.991217e+00 -9.992007e-16 -1.387779e-15
3.078252e-01 5.250006143280e+00 3.232165e+00 2.017842e+00 -1.748601e-15 -4.718448e-15
3.052816e-01 5.250006325702e+00 3.205457e+00 2.044549e+00 -9.714451e-16 -1.942890e-15
3.027304e-01 5.250006509982e+00 3.178670e+00 2.071337e+00 -9.159340e-16 2.220446e-16
3.001720e-01 5.250006696062e+00 3.151806e+00 2.098201e+00 -1.304512e-15 -2.498002e-15
2.976066e-01 5.250006883883e+00 3.124870e+00 2.125137e+00 -1.471046e-15 -1.276756e-15
2.950346e-01 5.250007073386e+00 3.097864e+00 2.152143e+00 -1.249001e-15 -2.720046e-15
2.924563e-01 5.250007264510e+00 3.070791e+00 2.179216e+00 -1.693090e-15 1.110223e-15
2.898720e-01 5.250007457192e+00 3.043656e+00 2.206351e+00 -6.661338e-16 -4.052314e-15
2.872821e-01 5.250007651372e+00 3.016462e+00 2.233546e+00 -2.026157e-15 -3.941292e-15
2.846868e-01 5.250007846985e+00 2.989211e+00 2.260797e+00 -2.331468e-15 -1.221245e-15
2.820865e-01 5.250008043967e+00 2.961908e+00 2.288100e+00 -1.526557e-15 -1.887379e-15
2.794816e-01 5.250008242253e+00 2.934557e+00 2.315452e+00 -1.665335e-15 -2.831069e-15
2.768723e-01 5.250008441779e+00 2.907159e+00 2.342849e+00 -2.553513e-15 -5.551115e-17
2.742590e-01 5.250008642479e+00 2.879720e+00 2.370289e+00 -1.776357e-15 -5.051515e-15
2.716421e-01 5.250008844285e+00 2.852242e+00 2.397766e+00 -2.386980e-15 -1.110223e-15
2.690219e-01 5.250009047132e+00 2.824730e+00 2.425279e+00 -2.081668e-15 1.110223e-16
2.663987e-01 5.250009250953e+00 2.797186e+00 2.452823e+00 -2.525757e-15 -1.054712e-15
2.637728e-01 5.250009455680e+00 2.769615e+00 2.480395e+00 -1.887379e-15 4.996004e-16
2.611447e-01 5.250009661247e+00 2.742019e+00 2.507991e+00 -1.720846e-15 -1.110223e-16
2.585146e-01 5.250009867586e+00 2.714403e+00 2.535607e+00 -1.332268e-15 1.110223e-15
2.558829e-01 5.250010074630e+00 2.686770e+00 2.563240e+00 -2.831069e-15 3.719247e-15
2.532499e-01 5.250010282311e+00 2.659124e+00 2.590886e+00 -4.718448e-16 1.665335e-15
2.506160e-01 5.250010490562e+00 2.631468e+00 2.618543e+00 -7.216450e-16 1.332268e-15
2.479815e-01 5.250010699318e+00 2.603806e+00 2.646205e+00 -1.276756e-15 -7.216450e-16
2.453468e-01 5.250010908510e+00 2.576142e+00 2.673869e+00 -1.609823e-15 4.996004e-16
2.427123e-01 5.250011118074e+00 2.548479e+00 2.701532e+00 -1.110223e-15 2.220446e-16
2.400782e-01 5.250011327942e+00 2.520821e+00 2.729190e+00 -2.775558e-16 1.443290e-15
2.374449e-01 5.250011538050e+00 2.493171e+00 2.756840e+00 -1.249001e-15 1.776357e-15
2.348128e-01 5.250011748334e+00 2.465534e+00 2.784478e+00 -1.415534e-15 9.436896e-16
2.321822e-01 5.250011958728e+00 2.437913e+00 2.812099e+00 -8.049117e-16 -1.165734e-15
2.295534e-01 5.250012169170e+00 2.410311e+00 2.839701e+00 -1.193490e-15 3.663736e-15
2.269269e-01 5.250012379596e+00 2.382732e+00 2.867280e+00 -1.332268e-15 3.053113e-15
2.243029e-01 5.250012589946e+00 2.355181e+00 2.894832e+00 -1.498801e-15 4.163336e-15
2.216818e-01 5.250012800157e+00 2.327659e+00 2.922354e+00 -1.304512e-15 4.385381e-15
2.190640e-01 5.250013010170e+00 2.300172e+00 2.949841e+00 -7.771561e-16 -1.443290e-15
2.164497e-01 5.250013219925e+00 2.272722e+00 2.977291e+00 -2.747802e-15 2.775558e-15
2.138394e-01 5.250013429365e+00 2.245314e+00 3.004700e+00 -1.554312e-15 -2.553513e-15
2.112334e-01 5.250013638431e+00 2.217951e+00 3.032063e+00 -1.998401e-15 1.276756e-15
2.086320e-01 5.250013847068e+00 2.190636e+00 3.059378e+00 -1.082467e-15 1.942890e-15
2.060355e-01 5.250014055222e+00 2.163373e+00 3.086641e+00 -1.332268e-15 1.443290e-15
2.034444e-01 5.250014262837e+00 2.136166e+00 3.113848e+00 -1.054712e-15 -2.220446e-16
2.008589e-01 5.250014469862e+00 2.109019e+00 3.140996e+00 -2.359224e-15 1.887379e-15
1.982794e-01 5.250014676245e+00 2.081934e+00 3.168081e+00 -1.332268e-15 1.998401e-15
1.957062e-01 5.250014881936e+00 2.054915e+00 3.195099e+00 -5.273559e-16 -3.330669e-16
1.931397e-01 5.250015086886e+00 2.027967e+00 3.222048e+00 -1.498801e-15 1.110223e-16
1.905802e-01 5.250015291049e+00 2.001092e+00 3.248923e+00 -1.582068e-15 -5.551115e-16
1.880280e-01 5.250015494377e+00 1.974294e+00 3.275721e+00 -1.054712e-15 -1.332268e-15
1.854835e-01 5.250015696827e+00 1.947577e+00 3.302439e+00 -1.304512e-15 1.998401e-15
1.829470e-01 5.250015898355e+00 1.920943e+00 3.329073e+00 -1.276756e-15 -3.885781e-15
1.804188e-01 5.250016098918e+00 1.894397e+00 3.355619e+00 -1.804112e-15 5.107026e-15
1.778992e-01 5.250016298478e+00 1.867942e+00 3.382075e+00 -1.276756e-15 -1.332268e-15
1.753886e-01 5.250016496994e+00 1.841581e+00 3.408436e+00 -9.714451e-16 -3.108624e-15
1.728873e-01 5.250016694430e+00 1.815317e+00 3.434700e+00 -1.193490e-15 5.551115e-16
1.703957e-01 5.250016890749e+00 1.789155e+00 3.460862e+00 -9.714451e-16 2.331468e-15
1.679140e-01 5.250017085917e+00 1.763097e+00 3.486920e+00 -6.106227e-16 -6.328271e-15
1.654425e-01 5.250017279900e+00 1.737147e+00 3.512871e+00 -1.249001e-15 3.330669e-16
1.629816e-01 5.250017472668e+00 1.711307e+00 3.538710e+00 -1.415534e-15 -2.997602e-15
1.605317e-01 5.250017664189e+00 1.685582e+00 3.564435e+00 -1.471046e-15 -4.440892e-16
1.580929e-01 5.250017854436e+00 1.659975e+00 3.590043e+00 -6.661338e-16 -1.554312e-15
1.556656e-01 5.250018043382e+00 1.634489e+00 3.615529e+00 -1.026956e-15 2.220446e-15
1.532502e-01 5.250018231000e+00 1.609127e+00 3.640892e+00 -6.661338e-16 -1.110223e-16
1.508468e-01 5.250018417267e+00 1.583892e+00 3.666127e+00 -6.383782e-16 -1.998401e-15
1.484559e-01 5.250018602159e+00 1.558787e+00 3.691231e+00 -1.720846e-15 5.551115e-16
1.460778e-01 5.250018785656e+00 1.533817e+00 3.716202e+00 -1.915135e-15 -1.110223e-16
1.437126e-01 5.250018967738e+00 1.508983e+00 3.741036e+00 -1.165734e-15 2.109424e-15
1.413608e-01 5.250019148386e+00 1.484289e+00 3.765731e+00 -1.443290e-15 -4.884981e-15
1.390226e-01 5.250019327583e+00 1.459737e+00 3.790282e+00 -7.771561e-16 -8.881784e-16
1.366983e-01 5.250019505314e+00 1.435332e+00 3.814687e+00 -1.179612e-15 -6.883383e-15
1.343882e-01 5.250019681563e+00 1.411076e+00 3.838943e+00 -7.632783e-16 -3.108624e-15
1.320926e-01 5.250019856319e+00 1.386973e+00 3.863047e+00 -1.054712e-15 -1.887379e-15
1.298118e-01 5.250020029569e+00 1.363024e+00 3.886996e+00 -4.996004e-16 -5.218048e-15
1.275460e-01 5.250020201303e+00 1.339233e+00 3.910787e+00 -4.302114e-16 -5.773160e-15
1.252956e-01 5.250020371511e+00 1.315603e+00 3.934417e+00 -1.665335e-16 -5.218048e-15
1.230607e-01 5.250020540187e+00 1.292137e+00 3.957883e+00 -7.910339e-16 -8.881784e-16
1.208417e-01 5.250020707322e+00 1.268838e+00 3.981183e+00 -1.790235e-15 -8.992806e-15
1.186389e-01 5.250020872911e+00 1.245709e+00 4.004312e+00 9.714451e-17 -4.551914e-15
1.164525e-01 5.250021036950e+00 1.222751e+00 4.027270e+00 -4.996004e-16 -6.661338e-15
1.142828e-01 5.250021199436e+00 1.199969e+00 4.050052e+00 -4.996004e-16 -3.996803e-15
1.121300e-01 5.250021360365e+00 1.177365e+00 4.072656e+00 -1.137979e-15 -3.774758e-15
1.099945e-01 5.250021519738e+00 1.154942e+00 4.095079e+00 -8.604228e-16 -5.107026e-15
1.078764e-01 5.250021677552e+00 1.132702e+00 4.117319e+00 -1.706968e-15 -4.218847e-15
1.057761e-01 5.250021833810e+00 1.110649e+00 4.139373e+00 -7.077672e-16 -2.109424e-15
1.036937e-01 5.250021988512e+00 1.088784e+00 4.161238e+00 -7.077672e-16 -4.996004e-15
1.016296e-01 5.250022141660e+00 1.067111e+00 4.182911e+00 -1.429412e-15 -6.772360e-15
9.958394e-02 5.250022293259e+00 1.045631e+00 4.204391e+00 -5.551115e-16 -1.887379e-15
9.755702e-02 5.250022443312e+00 1.024349e+00 4.225674e+00 -1.942890e-16 -5.773160e-15
9.554907e-02 5.250022591824e+00 1.003265e+00 4.246757e+00 -4.857226e-16 3.219647e-15
9.356034e-02 5.250022738801e+00 9.823835e-01 4.267639e+00 4.163336e-17 -4.662937e-15
9.159106e-02 5.250022884248e+00 9.617061e-01 4.288317e+00 -3.191891e-16 -8.659740e-15
8.964147e-02 5.250023028173e+00 9.412354e-01 4.308788e+00 2.498002e-16 -2.331468e-15
8.771180e-02 5.250023170583e+00 9.209739e-01 4.329049e+00 -1.804112e-16 -3.441691e-15
8.580228e-02 5.250023311486e+00 9.009239e-01 4.349099e+00 -6.938894e-16 -5.551115e-15
8.391315e-02 5.250023450892e+00 8.810881e-01 4.368935e+00 7.910339e-16 -6.328271e-15
8.204463e-02 5.250023588808e+00 8.614686e-01 4.388555e+00 -5.134781e-16 -2.886580e-15
8.019694e-02 5.250023725246e+00 8.420678e-01 4.407956e+00 -1.942890e-16 -8.437695e-15
7.837030e-02 5.250023860214e+00 8.228882e-01 4.427136e+00 -5.967449e-16 -8.437695e-15
7.656495e-02 5.250023993724e+00 8.039319e-01 4.446092e+00 -1.110223e-16 2.220446e-16
7.478108e-02 5.250024125786e+00 7.852013e-01 4.464823e+00 2.220446e-16 -6.772360e-15
7.301892e-02 5.250024256412e+00 7.666987e-01 4.483326e+00 -4.024558e-16 -7.660539e-15
7.127868e-02 5.250024385613e+00 7.484261e-01 4.501598e+00 -1.526557e-16 -4.329870e-15
6.956057e-02 5.250024513402e+00 7.303859e-01 4.519639e+00 -1.942890e-16 -1.554312e-15
6.786479e-02 5.250024639790e+00 7.125803e-01 4.537444e+00 5.551115e-17 -3.330669e-15
6.619156e-02 5.250024764790e+00 6.950114e-01 4.555013e+00 -7.216450e-16 -1.010303e-14
6.454107e-02 5.250024888415e+00 6.776812e-01 4.572344e+00 -6.938894e-17 -4.329870e-15
6.291353e-02 5.250025010678e+00 6.605921e-01 4.589433e+00 -3.191891e-16 -3.552714e-15
6.130913e-02 5.250025131592e+00 6.437459e-01 4.606279e+00 -3.885781e-16 -5.551115e-16
5.972808e-02 5.250025251170e+00 6.271448e-01 4.622880e+00 -4.024558e-16 -5.884182e-15
5.817056e-02 5.250025369426e+00 6.107909e-01 4.639234e+00 -6.938894e-16 -9.992007e-15
5.663677e-02 5.250025486375e+00 5.946861e-01 4.655339e+00 -1.942890e-16 2.997602e-15
5.512690e-02 5.250025602029e+00 5.788325e-01 4.671193e+00 -1.249001e-16 -4.329870e-15
5.364114e-02 5.250025716402e+00 5.632320e-01 4.686794e+00 -2.914335e-16 -3.219647e-15
5.217967e-02 5.250025829510e+00 5.478866e-01 4.702139e+00 -3.747003e-16 2.331468e-15
5.074268e-02 5.250025941366e+00 5.327981e-01 4.717228e+00 5.551115e-17 2.220446e-15
4.933035e-02 5.250026051985e+00 5.179686e-01 4.732057e+00 -2.081668e-16 -4.884981e-15
4.794285e-02 5.250026161382e+00 5.034000e-01 4.746626e+00 -2.359224e-16 -8.326673e-15
4.658038e-02 5.250026269570e+00 4.890940e-01 4.760932e+00 1.665335e-16 -3.663736e-15
4.524309e-02 5.250026376565e+00 4.750525e-01 4.774974e+00 -5.551115e-17 -3.108624e-15
4.393118e-02 5.250026482382e+00 4.612774e-01 4.788749e+00 -4.440892e-16 -2.109424e-15
4.264480e-02 5.250026587036e+00 4.477704e-01 4.802256e+00 -2.636780e-16 -3.330669e-15
4.138414e-02 5.250026690541e+00 4.345334e-01 4.815493e+00 -3.191891e-16 -6.106227e-15
4.014935e-02 5.250026792912e+00 4.215682e-01 4.828459e+00 -4.996004e-16 -6.106227e-15
3.894061e-02 5.250026894165e+00 4.088764e-01 4.841151e+00 -9.714451e-17 -8.215650e-15
3.775807e-02 5.250026994314e+00 3.964598e-01 4.853567e+00 -8.326673e-17 -2.331468e-15
3.660191e-02 5.250027093375e+00 3.843201e-01 4.865707e+00 -3.330669e-16 -1.998401e-15
3.547228e-02 5.250027191361e+00 3.724590e-01 4.877568e+00 6.938894e-17 -4.996004e-15
3.436935e-02 5.250027288288e+00 3.608782e-01 4.889149e+00 -2.498002e-16 -5.995204e-15
3.329327e-02 5.250027384170e+00 3.495793e-01 4.900448e+00 1.942890e-16 -4.996004e-15
3.224419e-02 5.250027479021e+00 3.385640e-01 4.911463e+00 -2.775558e-17 -7.438494e-15
3.122228e-02 5.250027572855e+00 3.278339e-01 4.922194e+00 8.326673e-17 -6.439294e-15
3.022768e-02 5.250027665686e+00 3.173906e-01 4.932637e+00 -5.967449e-16 -6.106227e-15
2.926054e-02 5.250027757525e+00 3.072357e-01 4.942792e+00 -2.706169e-16 -5.551115e-16
2.832102e-02 5.250027848387e+00 2.973707e-01 4.952657e+00 -7.077672e-16 6.661338e-16
2.740926e-02 5.250027938282e+00 2.877972e-01 4.962231e+00 -6.661338e-16 -1.110223e-16
2.652541e-02 5.250028027222e+00 2.785168e-01 4.971511e+00 -4.302114e-16 -1.554312e-15
2.566961e-02 5.250028115216e+00 2.695309e-01 4.980497e+00 -2.567391e-16 -1.099121e-14
2.484201e-02 5.250028202273e+00 2.608411e-01 4.989187e+00 -2.081668e-16 1.665335e-15
2.404274e-02 5.250028288401e+00 2.524488e-01 4.997579e+00 -2.983724e-16 -2.553513e-15
2.327196e-02 5.250028373608e+00 2.443556e-01 5.005673e+00 -1.665335e-16 -8.881784e-16
2.252979e-02 5.250028457896e+00 2.365628e-01 5.013466e+00 -3.191891e-16 3.330669e-16
2.181637e-02 5.250028541271e+00 2.290719e-01 5.020957e+00 -2.636780e-16 -1.332268e-15
2.113184e-02 5.250028623732e+00 2.218843e-01 5.028144e+00 -2.775558e-16 -6.661338e-16
2.047633e-02 5.250028705280e+00 2.150014e-01 5.035027e+00 -4.371503e-16 1.332268e-15
1.984997e-02 5.250028785912e+00 2.084247e-01 5.041604e+00 -2.775558e-16 0.000000e+00
1.925290e-02 5.250028865622e+00 2.021555e-01 5.047873e+00 -3.816392e-16 -4.773959e-15
1.868525e-02 5.250028944401e+00 1.961951e-01 5.053834e+00 -2.914335e-16 1.998401e-15
1.814713e-02 5.250029022240e+00 1.905449e-01 5.059484e+00 -5.134781e-16 3.330669e-16
1.763869e-02 5.250029099123e+00 1.852062e-01 5.064823e+00 -3.191891e-16 -8.659740e-15
1.716003e-02 5.250029175034e+00 1.801804e-01 5.069849e+00 -3.608225e-16 -8.659740e-15
1.671130e-02 5.250029249950e+00 1.754686e-01 5.074561e+00 -3.053113e-16 -1.110223e-15
1.629260e-02 5.250029323848e+00 1.710723e-01 5.078957e+00 -3.747003e-16 -5.995204e-15
1.590405e-02 5.250029396698e+00 1.669925e-01 5.083037e+00 -2.983724e-16 -2.664535e-15
1.554578e-02 5.250029468467e+00 1.632307e-01 5.086799e+00 -1.734723e-16 -5.551115e-15
1.521790e-02 5.250029539116e+00 1.597880e-01 5.090242e+00 -2.706169e-16 -2.886580e-15
1.492053e-02 5.250029608605e+00 1.566655e-01 5.093364e+00 -1.249001e-16 -3.108624e-15
1.465377e-02 5.250029676885e+00 1.538646e-01 5.096165e+00 -3.330669e-16 7.771561e-16
1.441774e-02 5.250029743903e+00 1.513862e-01 5.098644e+00 -1.318390e-16 -5.662137e-15
1.421254e-02 5.250029809603e+00 1.492317e-01 5.100798e+00 -2.359224e-16 -2.220446e-15
1.403828e-02 5.250029873922e+00 1.474020e-01 5.102628e+00 -9.020562e-17 2.664535e-15
1.389507e-02 5.250029936790e+00 1.458983e-01 5.104132e+00 -2.914335e-16 -3.552714e-15
1.378301e-02 5.250029998135e+00 1.447216e-01 5.105308e+00 -2.255141e-16 -8.881784e-16
1.370219e-02 5.250030057876e+00 1.438730e-01 5.106157e+00 -1.804112e-16 -1.776357e-15
1.365272e-02 5.250030115927e+00 1.433535e-01 5.106677e+00 -2.428613e-16 -1.110223e-15
1.363468e-02 5.250030172199e+00 1.431641e-01 5.106866e+00 -1.179612e-16 -3.330669e-16
1.364816e-02 5.250030226595e+00 1.433057e-01 5.106725e+00 -1.804112e-16 -1.554312e-15
1.369326e-02 5.250030279011e+00 1.437792e-01 5.106251e+00 -8.673617e-17 -1.221245e-15
1.377006e-02 5.250030329340e+00 1.445856e-01 5.105445e+00 -2.289835e-16 -3.441691e-15
1.387864e-02 5.250030377470e+00 1.457257e-01 5.104305e+00 -1.144917e-16 -2.553513e-15
1.401907e-02 5.250030423281e+00 1.472003e-01 5.102830e+00 -1.942890e-16 -2.886580e-15
1.419144e-02 5.250030466651e+00 1.490101e-01 5.101020e+00 -2.324529e-16 -8.104628e-15
1.439581e-02 5.250030507451e+00 1.511560e-01 5.098874e+00 -2.810252e-16 -5.218048e-15
1.463225e-02 5.250030545550e+00 1.536386e-01 5.096392e+00 -2.949030e-16 -5.218048e-15
1.490082e-02 5.250030580809e+00 1.564586e-01 5.093572e+00 -1.249001e-16 -5.773160e-15
1.520158e-02 5.250030613090e+00 1.596166e-01 5.090414e+00 -1.249001e-16 -1.332268e-15
1.553458e-02 5.250030642248e+00 1.631131e-01 5.086918e+00 -2.498002e-16 1.332268e-15
1.589987e-02 5.250030668137e+00 1.669486e-01 5.083082e+00 -1.249001e-16 -4.773959e-15
1.629749e-02 5.250030690610e+00 1.711236e-01 5.078907e+00 -1.821460e-16 2.109424e-15
1.672747e-02 5.250030709515e+00 1.756385e-01 5.074392e+00 -2.792905e-16 5.329071e-15
1.718987e-02 5.250030724700e+00 1.804936e-01 5.069537e+00 -1.561251e-16 -1.776357e-15
1.768468e-02 5.250030736015e+00 1.856892e-01 5.064342e+00 -3.400058e-16 1.665335e-15
1.821195e-02 5.250030743306e+00 1.912255e-01 5.058805e+00 -2.654127e-16 -2.664535e-15
1.877168e-02 5.250030746423e+00 1.971026e-01 5.052928e+00 -3.920475e-16 4.218847e-15
1.936388e-02 5.250030745216e+00 2.033207e-01 5.046710e+00 -1.552578e-16 4.773959e-15
1.998855e-02 5.250030739537e+00 2.098797e-01 5.040151e+00 -3.486794e-16 3.552714e-15
2.064568e-02 5.250030729241e+00 2.167796e-01 5.033251e+00 -2.489328e-16 1.998401e-15
2.133526e-02 5.250030714187e+00 2.240203e-01 5.026010e+00 -1.882175e-16 -1.443290e-15
2.205728e-02 5.250030694238e+00 2.316015e-01 5.018429e+00 1.149254e-16 -7.771561e-16
2.281170e-02 5.250030669262e+00 2.395229e-01 5.010508e+00 4.813858e-17 8.881784e-16
2.359849e-02 5.250030639133e+00 2.477841e-01 5.002247e+00 -9.063930e-17 1.110223e-15
2.441760e-02 5.250030603730e+00 2.563848e-01 4.993646e+00 4.629543e-17 3.219647e-15
2.526899e-02 5.250030562942e+00 2.653244e-01 4.984706e+00 -3.769771e-16 1.665335e-15
2.615258e-02 5.250030516662e+00 2.746021e-01 4.975428e+00 -2.432950e-16 2.109424e-15
2.706833e-02 5.250030464796e+00 2.842174e-01 4.965813e+00 -1.448494e-16 6.883383e-15
2.801614e-02 5.250030407254e+00 2.941694e-01 4.955861e+00 -4.336809e-16 3.774758e-15
2.899593e-02 5.250030343960e+00 3.044572e-01 4.945573e+00 -1.743397e-16 1.665335e-15
3.000761e-02 5.250030274845e+00 3.150799e-01 4.934950e+00 -2.064321e-16 2.220446e-15
3.105107e-02 5.250030199852e+00 3.260363e-01 4.923994e+00 1.925543e-16 3.108624e-15
3.212621e-02 5.250030118935e+00 3.373252e-01 4.912705e+00 3.122502e-17 6.994405e-15
3.323290e-02 5.250030032059e+00 3.489454e-01 4.901085e+00 -3.816392e-17 2.220446e-16
3.437101e-02 5.250029939201e+00 3.608956e-01 4.889134e+00 -1.786765e-16 -1.887379e-15
3.554040e-02 5.250029840348e+00 3.731742e-01 4.876856e+00 -8.847090e-17 1.110223e-15
3.674092e-02 5.250029735501e+00 3.857797e-01 4.864250e+00 3.590878e-16 2.664535e-15
3.797242e-02 5.250029624672e+00 3.987104e-01 4.851319e+00 -1.196959e-16 3.552714e-15
3.923473e-02 5.250029507886e+00 4.119646e-01 4.838065e+00 2.289835e-16 4.107825e-15
4.052766e-02 5.250029385180e+00 4.255405e-01 4.824489e+00 -1.543904e-16 2.553513e-15
4.185105e-02 5.250029256602e+00 4.394360e-01 4.810593e+00 3.642919e-17 6.217249e-15
4.320469e-02 5.250029122211e+00 4.536492e-01 4.796380e+00 7.979728e-17 4.440892e-16
4.458837e-02 5.250028982079e+00 4.681779e-01 4.781851e+00 -3.712308e-16 9.103829e-15
4.600190e-02 5.250028836289e+00 4.830199e-01 4.767009e+00 1.387779e-17 -6.661338e-16
4.744504e-02 5.250028684934e+00 4.981729e-01 4.751856e+00 3.469447e-18 5.551115e-15
4.891757e-02 5.250028528115e+00 5.136345e-01 4.736394e+00 -3.226586e-16 3.774758e-15
5.041925e-02 5.250028365948e+00 5.294021e-01 4.720626e+00 4.371503e-16 7.549517e-15
5.194984e-02 5.250028198552e+00 5.454733e-01 4.704555e+00 3.191891e-16 8.992806e-15
5.350907e-02 5.250028026058e+00 5.618453e-01 4.688183e+00 -2.220446e-16 2.553513e-15
5.509670e-02 5.250027848604e+00 5.785153e-01 4.671513e+00 -5.551115e-17 5.662137e-15
5.671244e-02 5.250027666334e+00 5.954806e-01 4.654547e+00 -4.614364e-16 1.110223e-16
5.835603e-02 5.250027479400e+00 6.127383e-01 4.637289e+00 -3.816392e-17 1.043610e-14
6.002718e-02 5.250027287956e+00 6.302854e-01 4.619742e+00 -2.775558e-17 1.088019e-14
6.172559e-02 5.250027092164e+00 6.481187e-01 4.601908e+00 -2.428613e-17 2.997602e-15
6.345098e-02 5.250026892187e+00 6.662353e-01 4.583792e+00 -1.630640e-16 5.440093e-15
6.520303e-02 5.250026688193e+00 6.846318e-01 4.565395e+00 -3.920475e-16 2.997602e-15
6.698144e-02 5.250026480351e+00 7.033051e-01 4.546721e+00 1.040834e-17 8.104628e-15
6.878588e-02 5.250026268831e+00 7.222517e-01 4.527775e+00 -2.046974e-16 1.032507e-14
7.061604e-02 5.250026053803e+00 7.414684e-01 4.508558e+00 -5.412337e-16 3.885781e-15
7.247159e-02 5.250025835437e+00 7.609517e-01 4.489074e+00 -6.314393e-16 2.109424e-15
7.435219e-02 5.250025613902e+00 7.806980e-01 4.469328e+00 -3.816392e-16 2.997602e-15
7.625750e-02 5.250025389365e+00 8.007038e-01 4.449322e+00 1.595946e-16 6.328271e-15
7.818719e-02 5.250025161989e+00 8.209655e-01 4.429060e+00 -6.800116e-16 3.330669e-15
8.014090e-02 5.250024931935e+00 8.414795e-01 4.408545e+00 -6.314393e-16 -2.220446e-16
8.211829e-02 5.250024699360e+00 8.622420e-01 4.387783e+00 -3.608225e-16 5.662137e-15
8.411898e-02 5.250024464416e+00 8.832493e-01 4.366775e+00 -5.204170e-16 -7.771561e-16
8.614264e-02 5.250024227250e+00 9.044977e-01 4.345527e+00 -1.804112e-16 9.547918e-15
8.818888e-02 5.250023988004e+00 9.259832e-01 4.324041e+00 -8.673617e-16 7.660539e-15
9.025734e-02 5.250023746813e+00 9.477021e-01 4.302322e+00 2.775558e-16 5.440093e-15
9.234766e-02 5.250023503809e+00 9.696504e-01 4.280373e+00 -5.551115e-17 6.883383e-15
9.445945e-02 5.250023259114e+00 9.918242e-01 4.258199e+00 -2.567391e-16 6.883383e-15
9.659234e-02 5.250023012846e+00 1.014220e+00 4.235803e+00 -7.979728e-16 1.010303e-14
9.874596e-02 5.250022765114e+00 1.036833e+00 4.213190e+00 -5.759282e-16 5.662137e-15
1.009199e-01 5.250022516024e+00 1.059659e+00 4.190364e+00 -1.873501e-16 1.187939e-14
1.031138e-01 5.250022265671e+00 1.082695e+00 4.167327e+00 -6.591949e-16 8.215650e-15
1.053273e-01 5.250022014148e+00 1.105936e+00 4.144086e+00 -9.714451e-16 1.054712e-14
1.075599e-01 5.250021761538e+00 1.129379e+00 4.120643e+00 -4.302114e-16 3.330669e-16
1.098113e-01 5.250021507919e+00 1.153019e+00 4.097002e+00 -7.077672e-16 3.996803e-15
1.120812e-01 5.250021253365e+00 1.176852e+00 4.073169e+00 -6.661338e-16 0.000000e+00
1.143690e-01 5.250020997941e+00 1.200874e+00 4.049147e+00 -1.873501e-16 2.109424e-15
1.166744e-01 5.250020741709e+00 1.225081e+00 4.024940e+00 -4.163336e-17 1.443290e-15
1.189970e-01 5.250020484726e+00 1.249468e+00 4.000552e+00 -3.191891e-16 1.887379e-15
1.213364e-01 5.250020227043e+00 1.274032e+00 3.975988e+00 -3.538836e-16 -2.109424e-15
1.236922e-01 5.250019968708e+00 1.298768e+00 3.951252e+00 -1.457168e-16 -2.109424e-15
1.260640e-01 5.250019709765e+00 1.323672e+00 3.926348e+00 -3.677614e-16 6.661338e-16
1.284513e-01 5.250019450255e+00 1.348739e+00 3.901281e+00 -6.869505e-16 6.106227e-15
1.308539e-01 5.250019190215e+00 1.373966e+00 3.876053e+00 4.163336e-17 1.443290e-15
1.332712e-01 5.250018929681e+00 1.399348e+00 3.850671e+00 -1.249001e-15 4.440892e-15
1.357029e-01 5.250018668687e+00 1.424880e+00 3.825138e+00 2.359224e-16 4.329870e-15
1.381485e-01 5.250018407264e+00 1.450559e+00 3.799459e+00 -7.494005e-16 3.330669e-15
1.406077e-01 5.250018145443e+00 1.476381e+00 3.773637e+00 1.249001e-16 3.108624e-15
1.430800e-01 5.250017883255e+00 1.502340e+00 3.747678e+00 -5.273559e-16 4.662937e-15
1.455650e-01 5.250017620728e+00 1.528433e+00 3.721585e+00 -2.498002e-16 5.995204e-15
1.480623e-01 5.250017357893e+00 1.554654e+00 3.695363e+00 2.636780e-16 4.996004e-15
1.505715e-01 5.250017094780e+00 1.581001e+00 3.669016e+00 2.775558e-17 5.662137e-15
1.530922e-01 5.250016831419e+00 1.607468e+00 3.642549e+00 1.387779e-17 5.551115e-15
1.556239e-01 5.250016567842e+00 1.634051e+00 3.615966e+00 1.942890e-16 7.216450e-15
1.581662e-01 5.250016304080e+00 1.660746e+00 3.589271e+00 -2.359224e-16 4.440892e-16
1.607188e-01 5.250016040169e+00 1.687547e+00 3.562469e+00 -3.191891e-16 0.000000e+00
1.632812e-01 5.250015776143e+00 1.714452e+00 3.535564e+00 1.804112e-16 -1.221245e-15
1.658529e-01 5.250015512040e+00 1.741455e+00 3.508560e+00 2.498002e-16 7.660539e-15
1.684335e-01 5.250015247896e+00 1.768552e+00 3.481463e+00 -2.775558e-17 -9.992007e-16
1.710227e-01 5.250014983754e+00 1.795739e+00 3.454276e+00 8.604228e-16 4.440892e-15
1.736200e-01 5.250014719653e+00 1.823010e+00 3.427004e+00 8.049117e-16 8.437695e-15
1.762250e-01 5.250014455640e+00 1.850363e+00 3.399652e+00 -2.914335e-16 7.105427e-15
1.788373e-01 5.250014191758e+00 1.877791e+00 3.372223e+00 5.551115e-16 5.884182e-15
1.814563e-01 5.250013928055e+00 1.905292e+00 3.344722e+00 9.575674e-16 6.550316e-15
1.840818e-01 5.250013664580e+00 1.932859e+00 3.317154e+00 3.330669e-16 8.437695e-15
1.867133e-01 5.250013401384e+00 1.960490e+00 3.289524e+00 3.608225e-16 7.882583e-15
1.893504e-01 5.250013138519e+00 1.988179e+00 3.261834e+00 -4.024558e-16 4.884981e-15
1.919925e-01 5.250012876038e+00 2.015922e+00 3.234091e+00 -2.498002e-16 4.884981e-15
1.946395e-01 5.250012613998e+00 2.043714e+00 3.206298e+00 1.249001e-16 9.658940e-15
1.972907e-01 5.250012352454e+00 2.071552e+00 3.178460e+00 -3.608225e-16 5.662137e-15
1.999457e-01 5.250012091466e+00 2.099430e+00 3.150582e+00 9.020562e-16 7.105427e-15
2.026043e-01 5.250011831091e+00 2.127345e+00 3.122667e+00 1.110223e-15 1.088019e-14
2.052658e-01 5.250011571392e+00 2.155291e+00 3.094721e+00 6.661338e-16 9.103829e-15
2.079300e-01 5.250011312429e+00 2.183265e+00 3.066747e+00 -8.326673e-16 9.658940e-15
2.105963e-01 5.250011054266e+00 2.211261e+00 3.038750e+00 7.077672e-16 6.550316e-15
2.132644e-01 5.250010796967e+00 2.239277e+00 3.010734e+00 1.221245e-15 1.088019e-14
2.159339e-01 5.250010540597e+00 2.267306e+00 2.982705e+00 4.302114e-16 6.661338e-15
2.186043e-01 5.250010285223e+00 2.295345e+00 2.954665e+00 -6.383782e-16 5.329071e-15
2.212752e-01 5.250010030912e+00 2.323390e+00 2.926620e+00 1.137979e-15 7.327472e-15
2.239462e-01 5.250009777735e+00 2.351435e+00 2.898574e+00 3.191891e-16 4.996004e-15
2.266169e-01 5.250009525762e+00 2.379478e+00 2.870532e+00 1.068590e-15 7.327472e-15
2.292869e-01 5.250009275064e+00 2.407512e+00 2.842497e+00 1.373901e-15 6.883383e-15
2.319557e-01 5.250009025716e+00 2.435535e+00 2.814474e+00 1.082467e-15 8.326673e-15
2.346230e-01 5.250008777792e+00 2.463542e+00 2.786467e+00 5.551115e-16 8.548717e-15
2.372884e-01 5.250008531370e+00 2.491528e+00 2.758480e+00 1.471046e-15 3.441691e-15
2.399514e-01 5.250008286529e+00 2.519490e+00 2.730519e+00 1.040834e-15 7.660539e-15
2.426116e-01 5.250008043351e+00 2.547422e+00 2.702586e+00 -1.387779e-16 7.882583e-15
2.452687e-01 5.250007801918e+00 2.575322e+00 2.674686e+00 9.159340e-16 8.326673e-15
2.479223e-01 5.250007562316e+00 2.603184e+00 2.646824e+00 1.484923e-15 1.232348e-14
2.505719e-01 5.250007324634e+00 2.631005e+00 2.619003e+00 2.081668e-16 9.547918e-15
2.532171e-01 5.250007088963e+00 2.658780e+00 2.591227e+00 4.996004e-16 1.165734e-14
2.558577e-01 5.250006855395e+00 2.686505e+00 2.563501e+00 1.054712e-15 1.088019e-14
2.584931e-01 5.250006624027e+00 2.714178e+00 2.535829e+00 5.828671e-16 1.321165e-14
2.611230e-01 5.250006394959e+00 2.741792e+00 2.508215e+00 1.082467e-15 1.110223e-14
2.637471e-01 5.250006168293e+00 2.769345e+00 2.480662e+00 5.273559e-16 1.132427e-14
2.663649e-01 5.250005944134e+00 2.796832e+00 2.453174e+00 2.248202e-15 1.265654e-14
2.689762e-01 5.250005722589e+00 2.824250e+00 2.425756e+00 1.665335e-15 1.076916e-14
2.715804e-01 5.250005503770e+00 2.851594e+00 2.398411e+00 2.636780e-16 1.165734e-14
2.741773e-01 5.250005287791e+00 2.878861e+00 2.371144e+00 2.220446e-15 9.214851e-15
2.767665e-01 5.250005074769e+00 2.906048e+00 2.343957e+00 6.106227e-16 1.232348e-14
2.793476e-01 5.250004864823e+00 2.933150e+00 2.316855e+00 1.804112e-16 9.214851e-15
2.819203e-01 5.250004658075e+00 2.960163e+00 2.289841e+00 -8.326673e-17 1.043610e-14
2.844843e-01 5.250004454649e+00 2.987085e+00 2.262919e+00 1.082467e-15 1.165734e-14
2.870392e-01 5.250004254671e+00 3.013912e+00 2.236093e+00 -3.330669e-16 1.398881e-14
2.895847e-01 5.250004058271e+00 3.040639e+00 2.209365e+00 1.360023e-15 1.232348e-14
2.921204e-01 5.250003865576e+00 3.067264e+00 2.182740e+00 -3.885781e-16 9.769963e-15
2.946461e-01 5.250003676718e+00 3.093784e+00 2.156220e+00 6.800116e-16 1.121325e-14
2.971613e-01 5.250003491829e+00 3.120194e+00 2.129809e+00 5.551115e-17 9.658940e-15
2.996659e-01 5.250003311039e+00 3.146492e+00 2.103511e+00 -3.885781e-16 1.332268e-14
3.021595e-01 5.250003134481e+00 3.172675e+00 2.077329e+00 9.992007e-16 1.076916e-14
3.046418e-01 5.250002962285e+00 3.198738e+00 2.051265e+00 6.106227e-16 6.661338e-15
3.071124e-01 5.250002794580e+00 3.224681e+00 2.025322e+00 1.582068e-15 1.132427e-14
3.095713e-01 5.250002631494e+00 3.250498e+00 1.999504e+00 1.360023e-15 1.076916e-14
3.120179e-01 5.250002473153e+00 3.276188e+00 1.973814e+00 8.049117e-16 1.221245e-14
3.144522e-01 5.250002319679e+00 3.301748e+00 1.948255e+00 -4.996004e-16 1.065814e-14
3.168737e-01 5.250002171190e+00 3.327174e+00 1.922828e+00 2.498002e-16 7.216450e-15
3.192824e-01 5.250002027800e+00 3.352465e+00 1.897537e+00 -4.163336e-16 1.298961e-14
3.216778e-01 5.250001889619e+00 3.377617e+00 1.872385e+00 -8.604228e-16 9.103829e-15
3.240599e-01 5.250001756751e+00 3.402628e+00 1.847373e+00 2.220446e-16 8.548717e-15
3.264282e-01 5.250001629292e+00 3.427497e+00 1.822505e+00 1.137979e-15 1.021405e-14
3.287828e-01 5.250001507334e+00 3.452219e+00 1.797782e+00 8.049117e-16 1.043610e-14
3.311232e-01 5.250001390959e+00 3.476794e+00 1.773208e+00 7.494005e-16 9.658940e-15
3.334494e-01 5.250001280241e+00 3.501218e+00 1.748783e+00 8.049117e-16 1.065814e-14
3.357610e-01 5.250001175246e+00 3.525491e+00 1.724510e+00 -6.383782e-16 1.210143e-14
3.380580e-01 5.250001076030e+00 3.549609e+00 1.700392e+00 1.165734e-15 1.099121e-14
3.403402e-01 5.250000982639e+00 3.573572e+00 1.676429e+00 3.885781e-16 9.436896e-15
3.426073e-01 5.250000895107e+00 3.597377e+00 1.652624e+00 6.106227e-16 1.187939e-14
3.448592e-01 5.250000813458e+00 3.621022e+00 1.628979e+00 5.273559e-16 1.088019e-14
3.470958e-01 5.250000737704e+00 3.644506e+00 1.605494e+00 9.159340e-16 8.992806e-15
3.493170e-01 5.250000667844e+00 3.667828e+00 1.582172e+00 8.881784e-16 1.143530e-14
3.515225e-01 5.250000603866e+00 3.690986e+00 1.559014e+00 8.881784e-16 9.992007e-15
3.537123e-01 5.250000545744e+00 3.713979e+00 1.536021e+00 6.661338e-16 6.772360e-15
3.558863e-01 5.250000493437e+00 3.736806e+00 1.513195e+00 -2.220446e-16 9.325873e-15
3.580443e-01 5.250000446892e+00 3.759465e+00 1.490536e+00 -1.665335e-16 6.994405e-15
3.601862e-01 5.250000406043e+00 3.781955e+00 1.468045e+00 1.110223e-15 7.993606e-15
3.623120e-01 5.250000370807e+00 3.804276e+00 1.445724e+00 -4.996004e-16 1.115774e-14
3.644216e-01 5.250000341090e+00 3.826426e+00 1.423574e+00 1.720846e-15 1.215694e-14
3.665148e-01 5.250000316781e+00 3.848406e+00 1.401595e+00 9.992007e-16 1.137979e-14
3.685917e-01 5.250000297756e+00 3.870213e+00 1.379787e+00 2.248202e-15 1.265654e-14
3.706522e-01 5.250000283878e+00 3.891848e+00 1.358152e+00 1.526557e-15 7.716050e-15
3.726962e-01 5.250000274993e+00 3.913310e+00 1.336690e+00 1.054712e-15 9.936496e-15
3.747237e-01 5.250000270936e+00 3.934599e+00 1.315402e+00 1.720846e-15 1.265654e-14
3.767346e-01 5.250000271527e+00 3.955714e+00 1.294287e+00 -1.110223e-16 1.060263e-14
3.787290e-01 5.250000276574e+00 3.976654e+00 1.273346e+00 3.330669e-16 1.054712e-14
3.807068e-01 5.250000285869e+00 3.997421e+00 1.252579e+00 9.436896e-16 1.121325e-14
3.826679e-01 5.250000299196e+00 4.018013e+00 1.231987e+00 7.771561e-16 1.204592e-14
3.846125e-01 5.250000316322e+00 4.038431e+00 1.211569e+00 -1.137979e-15 9.603429e-15
3.865404e-01 5.250000337008e+00 4.058674e+00 1.191326e+00 -5.551115e-16 1.065814e-14
3.884517e-01 5.250000361000e+00 4.078743e+00 1.171258e+00 -1.665335e-16 1.126876e-14
3.903464e-01 5.250000388035e+00 4.098637e+00 1.151364e+00 -6.106227e-16 1.321165e-14
3.922245e-01 5.250000417842e+00 4.118357e+00 1.131644e+00 2.775558e-17 1.088019e-14
3.940860e-01 5.250000450139e+00 4.137903e+00 1.112098e+00 3.330669e-16 7.660539e-15
3.959309e-01 5.250000484639e+00 4.157274e+00 1.092726e+00 1.249001e-15 8.493206e-15
3.977593e-01 5.250000521044e+00 4.176473e+00 1.073528e+00 1.942890e-16 9.492407e-15
3.995712e-01 5.250000559053e+00 4.195498e+00 1.054503e+00 1.110223e-15 1.143530e-14
4.013666e-01 5.250000598359e+00 4.214349e+00 1.035651e+00 -1.276756e-15 1.121325e-14
4.031456e-01 5.250000638650e+00 4.233028e+00 1.016972e+00 2.220446e-16 1.115774e-14
4.049081e-01 5.250000679610e+00 4.251535e+00 9.984656e-01 1.360023e-15 1.176836e-14
4.066543e-01 5.250000720923e+00 4.269870e+00 9.801310e-01 -3.608225e-16 1.126876e-14
4.083841e-01 5.250000762270e+00 4.288033e+00 9.619681e-01 -4.996004e-16 1.182388e-14
4.100976e-01 5.250000803330e+00 4.306024e+00 9.439765e-01 9.159340e-16 1.115774e-14
4.117948e-01 5.250000843785e+00 4.323845e+00 9.261559e-01 4.718448e-16 1.382228e-14
4.134757e-01 5.250000883319e+00 4.341495e+00 9.085059e-01 5.551115e-17 1.354472e-14
4.151405e-01 5.250000921617e+00 4.358975e+00 8.910261e-01 6.383782e-16 1.199041e-14
4.167890e-01 5.250000958368e+00 4.376285e+00 8.737163e-01 -3.608225e-16 1.293410e-14
4.184214e-01 5.250000993267e+00 4.393425e+00 8.565761e-01 -7.494005e-16 1.121325e-14
4.200377e-01 5.250001026015e+00 4.410396e+00 8.396053e-01 4.996004e-16 1.326717e-14
4.216379e-01 5.250001056319e+00 4.427197e+00 8.228036e-01 6.938894e-16 1.088019e-14
4.232219e-01 5.250001083895e+00 4.443830e+00 8.061707e-01 -6.383782e-16 8.160139e-15
4.247899e-01 5.250001108468e+00 4.460294e+00 7.897067e-01 2.498002e-16 1.193490e-14
4.263419e-01 5.250001129772e+00 4.476590e+00 7.734112e-01 -6.661338e-16 1.076916e-14
4.278778e-01 5.250001147554e+00 4.492717e+00 7.572842e-01 -9.159340e-16 1.143530e-14
4.293977e-01 5.250001161574e+00 4.508675e+00 7.413257e-01 -1.276756e-15 8.604228e-15
4.309015e-01 5.250001171602e+00 4.524465e+00 7.255358e-01 -3.330669e-16 9.880985e-15
4.323892e-01 5.250001177426e+00 4.540087e+00 7.099144e-01 -1.609823e-15 1.021405e-14
4.338609e-01 5.250001178847e+00 4.555539e+00 6.944618e-01 -1.665335e-16 1.021405e-14
4.353165e-01 5.250001175685e+00 4.570823e+00 6.791781e-01 9.436896e-16 1.071365e-14
4.367559e-01 5.250001167773e+00 4.585937e+00 6.640637e-01 -9.436896e-16 9.159340e-15
4.381793e-01 5.250001154967e+00 4.600882e+00 6.491188e-01 2.220446e-16 9.103829e-15
4.395864e-01 5.250001137138e+00 4.615657e+00 6.343439e-01 1.110223e-16 9.992007e-15
4.409773e-01 5.250001114180e+00 4.630262e+00 6.197395e-01 -6.938894e-16 9.825474e-15
4.423519e-01 5.250001086005e+00 4.644695e+00 6.053061e-01 5.828671e-16 1.171285e-14
4.437102e-01 5.250001052549e+00 4.658957e+00 5.910443e-01 -1.276756e-15 1.082467e-14
4.450520e-01 5.250001013769e+00 4.673046e+00 5.769548e-01 -2.220446e-16 8.493206e-15
4.463774e-01 5.250000969645e+00 4.686962e+00 5.630385e-01 1.637579e-15 1.082467e-14
4.476862e-01 5.250000920179e+00 4.700705e+00 5.492962e-01 -4.996004e-16 1.110223e-14
4.489783e-01 5.250000865399e+00 4.714272e+00 5.357289e-01 4.996004e-16 1.110223e-14
4.502537e-01 5.250000805356e+00 4.727663e+00 5.223374e-01 1.942890e-16 1.010303e-14
4.515122e-01 5.250000740126e+00 4.740878e+00 5.091229e-01 1.193490e-15 8.881784e-15
4.527537e-01 5.250000669810e+00 4.753914e+00 4.960866e-01 -4.163336e-16 1.088019e-14
4.539782e-01 5.250000594533e+00 4.766771e+00 4.832297e-01 1.387779e-15 9.103829e-15
4.551854e-01 5.250000514448e+00 4.779447e+00 4.705534e-01 -1.443290e-15 1.076916e-14
4.563754e-01 5.250000429729e+00 4.791941e+00 4.580591e-01 9.714451e-16 1.054712e-14
4.575478e-01 5.250000340578e+00 4.804252e+00 4.457482e-01 -4.996004e-16 1.038059e-14
4.587027e-01 5.250000247221e+00 4.816378e+00 4.336222e-01 -1.665335e-16 9.214851e-15
4.598398e-01 5.250000149905e+00 4.828318e+00 4.216826e-01 3.330669e-16 1.038059e-14
4.609590e-01 5.250000048906e+00 4.840069e+00 4.099310e-01 6.383782e-16 1.121325e-14
4.620601e-01 5.249999944517e+00 4.851631e+00 3.983690e-01 2.775558e-17 9.880985e-15
4.631430e-01 5.249999837056e+00 4.863002e+00 3.869982e-01 1.332268e-15 1.043610e-14
4.642076e-01 5.249999726862e+00 4.874179e+00 3.758204e-01 -6.106227e-16 1.015854e-14
4.652536e-01 5.249999614293e+00 4.885162e+00 3.648373e-01 1.193490e-15 1.115774e-14
4.662809e-01 5.249999499724e+00 4.895949e+00 3.540506e-01 -1.415534e-15 9.492407e-15
4.672893e-01 5.249999383547e+00 4.906537e+00 3.434620e-01 -3.053113e-16 1.165734e-14
4.682786e-01 5.249999266171e+00 4.916926e+00 3.330735e-01 -1.110223e-16 1.149081e-14
4.692488e-01 5.249999148015e+00 4.927113e+00 3.228866e-01 1.276756e-15 1.043610e-14
4.701996e-01 5.249999029511e+00 4.937096e+00 3.129033e-01 1.665335e-16 1.126876e-14
4.711308e-01 5.249998911098e+00 4.946874e+00 3.031253e-01 -2.775558e-17 1.137979e-14
4.720423e-01 5.249998793225e+00 4.956444e+00 2.935543e-01 5.551115e-17 1.043610e-14
4.729340e-01 5.249998676341e+00 4.965807e+00 2.841922e-01 5.551115e-16 9.825474e-15
4.738055e-01 5.249998560898e+00 4.974958e+00 2.750405e-01 1.193490e-15 9.769963e-15
4.746569e-01 5.249998447346e+00 4.983897e+00 2.661010e-01 8.326673e-16 1.015854e-14
4.754879e-01 5.249998336131e+00 4.992623e+00 2.573752e-01 1.387779e-16 9.769963e-15
4.762984e-01 5.249998227693e+00 5.001133e+00 2.488648e-01 -1.387779e-16 1.021405e-14
4.770883e-01 5.249998122458e+00 5.009427e+00 2.405713e-01 4.163336e-16 1.110223e-14
4.778573e-01 5.249998020842e+00 5.017502e+00 2.324961e-01 -1.137979e-15 1.104672e-14
4.786055e-01 5.249997923243e+00 5.025357e+00 2.246406e-01 1.137979e-15 1.065814e-14
4.793325e-01 5.249997830038e+00 5.032992e+00 2.170061e-01 2.026157e-15 1.054712e-14
4.800385e-01 5.249997741582e+00 5.040404e+00 2.095938e-01 8.881784e-16 9.797718e-15
4.807231e-01 5.249997658204e+00 5.047593e+00 2.024049e-01 3.885781e-16 1.093570e-14
4.813864e-01 5.249997580202e+00 5.054557e+00 1.954403e-01 2.775558e-17 1.038059e-14
4.820282e-01 5.249997507841e+00 5.061296e+00 1.887011e-01 -8.049117e-16 1.060263e-14
4.826485e-01 5.249997441352e+00 5.067809e+00 1.821881e-01 5.273559e-16 1.046385e-14
4.832472e-01 5.249997380926e+00 5.074095e+00 1.759020e-01 -1.110223e-16 1.040834e-14
4.838242e-01 5.249997326713e+00 5.080154e+00 1.698434e-01 1.026956e-15 1.121325e-14
4.843795e-01 5.249997278817e+00 5.085984e+00 1.640128e-01 8.881784e-16 1.040834e-14
4.849130e-01 5.249997237298e+00 5.091587e+00 1.584107e-01 1.970646e-15 9.936496e-15
4.854248e-01 5.249997202165e+00 5.096960e+00 1.530373e-01 4.440892e-16 1.032507e-14
4.859147e-01 5.249997173377e+00 5.102104e+00 1.478928e-01 6.106227e-16 1.024181e-14
4.863828e-01 5.249997150840e+00 5.107020e+00 1.429773e-01 9.992007e-16 1.035283e-14
4.868292e-01 5.249997134404e+00 5.111706e+00 1.382907e-01 1.110223e-15 1.010303e-14
4.872537e-01 5.249997123868e+00 5.116164e+00 1.338329e-01 1.276756e-15 1.021405e-14
4.876565e-01 5.249997118970e+00 5.120394e+00 1.296035e-01 8.881784e-16 1.063039e-14
4.880376e-01 5.249997119394e+00 5.124395e+00 1.256023e-01 6.661338e-16 1.032507e-14
4.883970e-01 5.249997124766e+00 5.128168e+00 1.218288e-01 5.551115e-16 1.051936e-14
4.887347e-01 5.249997134656e+00 5.131715e+00 1.182823e-01 8.881784e-16 1.026956e-14
4.890509e-01 5.249997148578e+00 5.135035e+00 1.149624e-01 2.164935e-15 1.065814e-14
4.893456e-01 5.249997165991e+00 5.138129e+00 1.118682e-01 1.554312e-15 1.107447e-14
4.896189e-01 5.249997186301e+00 5.140998e+00 1.089991e-01 4.440892e-16 1.076916e-14
4.898708e-01 5.249997208861e+00 5.143643e+00 1.063540e-01 5.551115e-16 1.054712e-14
4.901014e-01 5.249997232976e+00 5.146065e+00 1.039323e-01 2.553513e-15 1.043610e-14
4.903109e-01 5.249997257904e+00 5.148264e+00 1.017328e-01 3.885781e-16 1.063039e-14
4.904993e-01 5.249997282861e+00 5.150242e+00 9.975479e-02 2.775558e-15 1.085243e-14
4.906667e-01 5.249997307021e+00 5.152000e+00 9.799714e-02 5.551115e-17 1.076916e-14
4.908132e-01 5.249997329524e+00 5.153538e+00 9.645893e-02 1.998401e-15 1.096345e-14
4.909389e-01 5.249997349479e+00 5.154858e+00 9.513919e-02 2.109424e-15 1.074141e-14
4.910438e-01 5.249997365966e+00 5.155960e+00 9.403699e-02 1.221245e-15 1.088019e-14
4.911282e-01 5.249997378047e+00 5.156846e+00 9.315142e-02 2.831069e-15 1.085243e-14
4.911920e-01 5.249997384766e+00 5.157516e+00 9.248164e-02 2.664535e-15 1.093570e-14
4.912353e-01 5.249997385156e+00 5.157971e+00 9.202687e-02 1.665335e-15 1.088019e-14
4.912582e-01 5.249997378247e+00 5.158211e+00 9.178640e-02 2.886580e-15 1.083855e-14
4.912607e-01 5.249997363073e+00 5.158238e+00 9.175963e-02 1.720846e-15 1.092182e-14
4.912430e-01 5.249997338673e+00 5.158051e+00 9.194607e-02 3.219647e-15 1.093570e-14
4.912049e-01 5.249997304105e+00 5.157652e+00 9.234535e-02 1.942890e-15 1.092182e-14
4.911467e-01 5.249997258446e+00 5.157040e+00 9.295724e-02 2.609024e-15 1.099121e-14
4.910681e-01 5.249997200803e+00 5.156216e+00 9.378166e-02 1.054712e-15 1.094957e-14
4.909694e-01 5.249997130321e+00 5.155178e+00 9.481870e-02 2.331468e-15 1.089406e-14
4.908503e-01 5.249997046184e+00 5.153928e+00 9.606863e-02 3.219647e-15 1.097733e-14
4.907110e-01 5.249996947627e+00 5.152465e+00 9.753191e-02 7.771561e-16 1.101896e-14
4.905512e-01 5.249996833941e+00 5.150788e+00 9.920920e-02 4.996004e-16 1.089406e-14
4.903710e-01 5.249996704479e+00 5.148895e+00 1.011014e-01 1.720846e-15 1.085243e-14
4.901702e-01 5.249996558661e+00 5.146787e+00 1.032095e-01 1.665335e-15 1.110223e-14
4.899487e-01 5.249996395982e+00 5.144461e+00 1.055350e-01 6.106227e-16 1.117856e-14
4.897064e-01 5.249996216015e+00 5.141917e+00 1.080793e-01 3.885781e-16 1.128958e-14
4.894430e-01 5.249996018415e+00 5.139152e+00 1.108443e-01 1.221245e-15 1.131040e-14
4.891585e-01 5.249995802927e+00 5.136164e+00 1.138320e-01 9.992007e-16 1.124101e-14
4.888525e-01 5.249995569385e+00 5.132951e+00 1.170448e-01 1.443290e-15 1.144917e-14
4.885248e-01 5.249995317716e+00 5.129510e+00 1.204851e-01 2.831069e-15 1.140060e-14
4.881752e-01 5.249995047944e+00 5.125839e+00 1.241559e-01 1.942890e-15 1.145958e-14
4.878033e-01 5.249994760189e+00 5.121935e+00 1.280601e-01 2.831069e-15 1.156020e-14
4.874089e-01 5.249994454666e+00 5.117793e+00 1.322011e-01 2.220446e-15 1.190714e-14
4.869916e-01 5.249994131687e+00 5.113412e+00 1.365824e-01 1.665335e-15 1.150642e-14
4.865510e-01 5.249993791658e+00 5.108786e+00 1.412079e-01 3.330669e-15 1.152637e-14
4.860868e-01 5.249993435076e+00 5.103912e+00 1.460816e-01 1.609823e-15 1.152030e-14
4.855986e-01 5.249993062526e+00 5.098785e+00 1.512077e-01 7.216450e-16 1.147346e-14
4.850859e-01 5.249992674677e+00 5.093402e+00 1.565906e-01 3.219647e-15 1.120111e-14
4.845483e-01 5.249992272274e+00 5.087757e+00 1.622352e-01 7.216450e-16 1.214306e-14
4.839853e-01 5.249991856133e+00 5.081846e+00 1.681463e-01 2.553513e-15 1.196959e-14
4.833964e-01 5.249991427132e+00 5.075663e+00 1.743288e-01 2.775558e-15 1.165734e-14
4.827812e-01 5.249990986207e+00 5.069203e+00 1.807881e-01 2.609024e-15 1.225409e-14
4.821392e-01 5.249990534337e+00 5.062461e+00 1.875294e-01 3.108624e-15 1.174755e-14
4.814697e-01 5.249990072538e+00 5.055432e+00 1.945584e-01 1.443290e-15 1.246225e-14
4.807723e-01 5.249989601851e+00 5.048109e+00 2.018805e-01 3.219647e-15 1.156714e-14
4.800464e-01 5.249989123333e+00 5.040488e+00 2.095015e-01 2.886580e-15 1.221245e-14
4.792916e-01 5.249988638043e+00 5.032561e+00 2.174273e-01 2.831069e-15 1.085243e-14
4.785071e-01 5.249988147034e+00 5.024325e+00 2.256636e-01 2.553513e-15 1.210143e-14
4.776925e-01 5.249987651340e+00 5.015771e+00 2.342164e-01 1.831868e-15 1.172673e-14
4.768472e-01 5.249987151968e+00 5.006895e+00 2.430917e-01 4.718448e-15 1.243450e-14
4.759706e-01 5.249986649883e+00 4.997691e+00 2.522954e-01 2.942091e-15 1.185163e-14
4.750622e-01 5.249986146005e+00 4.988153e+00 2.618334e-01 2.053913e-15 1.190714e-14
4.741213e-01 5.249985641195e+00 4.978274e+00 2.717118e-01 7.771561e-16 1.378064e-14
4.731475e-01 5.249985136252e+00 4.968049e+00 2.819365e-01 1.720846e-15 1.242062e-14
4.721401e-01 5.249984631906e+00 4.957471e+00 2.925133e-01 2.331468e-15 1.285083e-14
4.710987e-01 5.249984128813e+00 4.946536e+00 3.034481e-01 1.665335e-15 1.172673e-14
4.700226e-01 5.249983627558e+00 4.935237e+00 3.147467e-01 2.220446e-15 1.362799e-14
4.689113e-01 5.249983128650e+00 4.923568e+00 3.264148e-01 1.498801e-15 1.304512e-14
4.677643e-01 5.249982632529e+00 4.911525e+00 3.384579e-01 8.326673e-16 1.229572e-14
4.665810e-01 5.249982139572e+00 4.899100e+00 3.508817e-01 1.609823e-15 1.315614e-14
4.653610e-01 5.249981650099e+00 4.886290e+00 3.636915e-01 1.665335e-16 1.276756e-14
4.641037e-01 5.249981164388e+00 4.873089e+00 3.768926e-01 1.831868e-15 1.226796e-14
4.628086e-01 5.249980682689e+00 4.859490e+00 3.904904e-01 1.609823e-15 1.257328e-14
