5.000000e-01 5.250000000000e+00 5.250000e+00 0.000000e+00 -1.137979e-15 0.000000e+00
4.999883e-01 5.249999999638e+00 5.249877e+00 1.232970e-04 -2.609024e-15 -1.257675e-17
4.999530e-01 5.249999998553e+00 5.249507e+00 4.931895e-04 -2.609024e-15 -3.295975e-17
4.998943e-01 5.249999996747e+00 5.248890e+00 1.109682e-03 -3.219647e-15 -6.591949e-17
4.998121e-01 5.249999994225e+00 5.248027e+00 1.972781e-03 -3.330669e-15 -2.688821e-16
4.997064e-01 5.249999990990e+00 5.246917e+00 3.082497e-03 -2.359224e-15 -2.151057e-16
4.995773e-01 5.249999987051e+00 5.245561e+00 4.438843e-03 -8.604228e-16 -3.816392e-17
4.994246e-01 5.249999982415e+00 5.243958e+00 6.041834e-03 -1.360023e-15 -3.053113e-16
4.992484e-01 5.249999977093e+00 5.242108e+00 7.891488e-03 -3.885781e-16 -7.979728e-17
4.990488e-01 5.249999971095e+00 5.240012e+00 9.987824e-03 -1.998401e-15 -3.226586e-16
4.988256e-01 5.249999964435e+00 5.237669e+00 1.233087e-02 -1.942890e-15 -5.342948e-16
4.985790e-01 5.249999957126e+00 5.235079e+00 1.492064e-02 -1.887379e-15 -1.595946e-16
4.983088e-01 5.249999949186e+00 5.232243e+00 1.775717e-02 -2.220446e-16 -3.191891e-16
4.980152e-01 5.249999940630e+00 5.229159e+00 2.084048e-02 -2.609024e-15 -3.400058e-16
4.976980e-01 5.249999931478e+00 5.225829e+00 2.417060e-02 -1.582068e-15 4.163336e-17
4.973574e-01 5.249999921750e+00 5.222252e+00 2.774757e-02 -4.996004e-16 -7.632783e-17
4.969932e-01 5.249999911468e+00 5.218429e+00 3.157141e-02 -1.387779e-15 -7.008283e-16
4.966055e-01 5.249999900655e+00 5.214358e+00 3.564215e-02 1.387779e-16 -8.396062e-16
4.961943e-01 5.249999889336e+00 5.210040e+00 3.995984e-02 -1.471046e-15 -7.285839e-16
4.957596e-01 5.249999877536e+00 5.205475e+00 4.452449e-02 -5.551115e-16 -6.591949e-16
4.953013e-01 5.249999865284e+00 5.200664e+00 4.933614e-02 -8.604228e-16 -1.082467e-15
4.948195e-01 5.249999852607e+00 5.195605e+00 5.439482e-02 -1.221245e-15 -1.193490e-15
4.943142e-01 5.249999839537e+00 5.190299e+00 5.970056e-02 -3.136380e-15 -7.910339e-16
4.937854e-01 5.249999826106e+00 5.184746e+00 6.525338e-02 -4.718448e-16 -7.771561e-16
4.932330e-01 5.249999812345e+00 5.178947e+00 7.105331e-02 -3.136380e-15 -3.885781e-16
4.926571e-01 5.249999798290e+00 5.172899e+00 7.710037e-02 -4.718448e-16 -4.718448e-16
4.920576e-01 5.249999783976e+00 5.166605e+00 8.339457e-02 -1.415534e-15 -3.191891e-16
4.914347e-01 5.249999769441e+00 5.160064e+00 8.993594e-02 -1.082467e-15 -9.298118e-16
4.907881e-01 5.249999754723e+00 5.153275e+00 9.672448e-02 -3.330669e-15 -3.885781e-16
4.901181e-01 5.249999739861e+00 5.146240e+00 1.037602e-01 -2.386980e-15 -1.387779e-16
4.894244e-01 5.249999724897e+00 5.138957e+00 1.110431e-01 -2.386980e-15 -1.498801e-15
4.887073e-01 5.249999709873e+00 5.131427e+00 1.185732e-01 -1.054712e-15 -1.415534e-15
4.879666e-01 5.249999694832e+00 5.123649e+00 1.263504e-01 -4.718448e-16 -7.077672e-16
4.872024e-01 5.249999679818e+00 5.115625e+00 1.343748e-01 -2.553513e-15 -1.054712e-15
4.864146e-01 5.249999664879e+00 5.107353e+00 1.426463e-01 -3.413936e-15 -1.706968e-15
4.856033e-01 5.249999650060e+00 5.098835e+00 1.511648e-01 -2.386980e-15 -1.193490e-15
4.847685e-01 5.249999635410e+00 5.090069e+00 1.599304e-01 -3.330669e-15 -1.582068e-15
4.839102e-01 5.249999620978e+00 5.081057e+00 1.689430e-01 -2.220446e-15 -1.221245e-15
4.830283e-01 5.249999606814e+00 5.071797e+00 1.782024e-01 -2.581269e-15 -2.123302e-15
4.821229e-01 5.249999592970e+00 5.062291e+00 1.877088e-01 -2.026157e-15 -1.360023e-15
4.811941e-01 5.249999579498e+00 5.052538e+00 1.974618e-01 -4.107825e-15 -6.383782e-16
4.802417e-01 5.249999566451e+00 5.042538e+00 2.074615e-01 -1.026956e-15 -5.828671e-16
4.792659e-01 5.249999553884e+00 5.032292e+00 2.177077e-01 -1.471046e-15 -2.081668e-15
4.782666e-01 5.249999541851e+00 5.021799e+00 2.282004e-01 -3.552714e-15 -8.049117e-16
4.772438e-01 5.249999530409e+00 5.011060e+00 2.389392e-01 -2.053913e-15 -1.054712e-15
4.761976e-01 5.249999519615e+00 5.000075e+00 2.499242e-01 -3.275158e-15 -1.887379e-15
4.751280e-01 5.249999509525e+00 4.988844e+00 2.611551e-01 -2.997602e-15 -2.053913e-15
4.740350e-01 5.249999500200e+00 4.977368e+00 2.726317e-01 -2.414735e-15 -2.414735e-15
4.729186e-01 5.249999491696e+00 4.965646e+00 2.843539e-01 -3.302913e-15 -1.304512e-15
4.717789e-01 5.249999484075e+00 4.953678e+00 2.963213e-01 -4.385381e-15 -2.053913e-15
4.706158e-01 5.249999477397e+00 4.941466e+00 3.085337e-01 -1.332268e-15 -5.551115e-16
4.694294e-01 5.249999471722e+00 4.929009e+00 3.209909e-01 -2.303713e-15 -1.942890e-15
4.682197e-01 5.249999467112e+00 4.916307e+00 3.336926e-01 -2.192690e-15 -1.582068e-15
4.669868e-01 5.249999463629e+00 4.903361e+00 3.466384e-01 -3.136380e-15 -6.938894e-16
4.657306e-01 5.249999461336e+00 4.890171e+00 3.598280e-01 -9.714451e-16 -3.164136e-15
4.644513e-01 5.249999460294e+00 4.876738e+00 3.732610e-01 -2.581269e-15 -4.302114e-15
4.631488e-01 5.249999460566e+00 4.863062e+00 3.869371e-01 -1.526557e-15 -1.748601e-15
4.618232e-01 5.249999462217e+00 4.849144e+00 4.008559e-01 -2.636780e-15 -1.748601e-15
4.604745e-01 5.249999465308e+00 4.834983e+00 4.150168e-01 -3.386180e-15 -1.665335e-15
4.591029e-01 5.249999469905e+00 4.820580e+00 4.294194e-01 -1.887379e-15 -1.415534e-15
4.577082e-01 5.249999476069e+00 4.805936e+00 4.440633e-01 -1.443290e-15 -2.192690e-15
4.562906e-01 5.249999483866e+00 4.791052e+00 4.589479e-01 -2.581269e-15 -2.747802e-15
4.548502e-01 5.249999493358e+00 4.775927e+00 4.740726e-01 -4.801715e-15 -2.636780e-15
4.533869e-01 5.249999504608e+00 4.760563e+00 4.894369e-01 -2.997602e-15 -2.220446e-15
4.519009e-01 5.249999517681e+00 4.744959e+00 5.050401e-01 -3.608225e-15 -3.441691e-15
4.503922e-01 5.249999532638e+00 4.729118e+00 5.208816e-01 -3.302913e-15 -3.552714e-15
4.488609e-01 5.249999549542e+00 4.713039e+00 5.369606e-01 -3.025358e-15 -2.137179e-15
4.473070e-01 5.249999568456e+00 4.696723e+00 5.532765e-01 -2.525757e-15 -2.775558e-15
4.457306e-01 5.249999589441e+00 4.680171e+00 5.698285e-01 -1.804112e-15 -4.191092e-15
4.441318e-01 5.249999612558e+00 4.663384e+00 5.866158e-01 -1.887379e-15 -3.663736e-15
4.425107e-01 5.249999637869e+00 4.646362e+00 6.036376e-01 -3.247402e-15 -3.580469e-15
4.408673e-01 5.249999665432e+00 4.629107e+00 6.208930e-01 -3.302913e-15 -3.330669e-15
4.392018e-01 5.249999695307e+00 4.611619e+00 6.383811e-01 -3.747003e-15 -2.470246e-15
4.375142e-01 5.249999727552e+00 4.593899e+00 6.561009e-01 -2.386980e-15 -4.496403e-15
4.358046e-01 5.249999762225e+00 4.575948e+00 6.740514e-01 -3.580469e-15 -2.303713e-15
4.340732e-01 5.249999799382e+00 4.557768e+00 6.922316e-01 -2.359224e-15 -4.163336e-15
4.323199e-01 5.249999839078e+00 4.539359e+00 7.106405e-01 -2.609024e-15 -1.804112e-15
4.305450e-01 5.249999881368e+00 4.520723e+00 7.292769e-01 -3.441691e-15 -2.359224e-15
4.287486e-01 5.249999926304e+00 4.501860e+00 7.481397e-01 -1.776357e-15 -2.581269e-15
4.269307e-01 5.249999973939e+00 4.482772e+00 7.672276e-01 -1.720846e-15 -4.440892e-15
4.250915e-01 5.250000024322e+00 4.463461e+00 7.865394e-01 -2.081668e-15 -2.553513e-15
4.232311e-01 5.250000077503e+00 4.443926e+00 8.060738e-01 -3.136380e-15 -4.163336e-15
4.213496e-01 5.250000133529e+00 4.424171e+00 8.258295e-01 -3.469447e-15 -4.829470e-15
4.194472e-01 5.250000192446e+00 4.404195e+00 8.458050e-01 -3.025358e-15 -3.552714e-15
4.175239e-01 5.250000254298e+00 4.384001e+00 8.659990e-01 -2.331468e-15 -3.830269e-15
4.155800e-01 5.250000319128e+00 4.363590e+00 8.864100e-01 -2.248202e-15 -5.606626e-15
4.136156e-01 5.250000386976e+00 4.342964e+00 9.070363e-01 -1.026956e-15 -3.663736e-15
4.116309e-01 5.250000457882e+00 4.322124e+00 9.278765e-01 -2.969847e-15 -1.998401e-15
4.096259e-01 5.250000531882e+00 4.301072e+00 9.489288e-01 -2.581269e-15 -2.164935e-15
4.076008e-01 5.250000609012e+00 4.279809e+00 9.701917e-01 -3.830269e-15 -6.661338e-16
4.055559e-01 5.250000689304e+00 4.258337e+00 9.916634e-01 -1.693090e-15 -2.331468e-15
4.034913e-01 5.250000772789e+00 4.236659e+00 1.013342e+00 -1.554312e-15 0.000000e+00
4.014071e-01 5.250000859495e+00 4.214775e+00 1.035226e+00 -4.718448e-15 -1.831868e-15
3.993036e-01 5.250000949451e+00 4.192688e+00 1.057313e+00 -1.776357e-15 -2.220446e-15
3.971809e-01 5.250001042678e+00 4.170400e+00 1.079601e+00 -1.859624e-15 -2.775558e-15
3.950392e-01 5.250001139200e+00 4.147912e+00 1.102089e+00 -1.748601e-15 -1.165734e-15
3.928788e-01 5.250001239036e+00 4.125227e+00 1.124774e+00 -3.302913e-15 -4.163336e-15
3.906997e-01 5.250001342202e+00 4.102347e+00 1.147655e+00 -2.886580e-15 -2.997602e-15
3.885022e-01 5.250001448714e+00 4.079273e+00 1.170728e+00 -3.996803e-15 -2.220446e-15
3.862866e-01 5.250001558584e+00 4.056009e+00 1.193992e+00 -2.331468e-15 -2.720046e-15
3.840530e-01 5.250001671820e+00 4.032557e+00 1.217445e+00 -2.359224e-15 -2.609024e-15
3.818017e-01 5.250001788430e+00 4.008918e+00 1.241084e+00 -2.581269e-15 -6.494805e-15
3.795328e-01 5.250001908418e+00 3.985095e+00 1.264907e+00 -3.830269e-15 -1.276756e-15
3.772467e-01 5.250002031785e+00 3.961090e+00 1.288912e+00 -2.470246e-15 -2.386980e-15
3.749435e-01 5.250002158531e+00 3.936907e+00 1.313095e+00 -4.551914e-15 -3.275158e-15
3.726235e-01 5.250002288652e+00 3.912547e+00 1.337455e+00 -2.303713e-15 -1.776357e-15
3.702870e-01 5.250002422142e+00 3.888013e+00 1.361989e+00 -3.108624e-15 -2.720046e-15
3.679341e-01 5.250002558990e+00 3.863308e+00 1.386695e+00 -2.275957e-15 -2.164935e-15
3.655651e-01 5.250002699186e+00 3.838434e+00 1.411569e+00 -2.053913e-15 -4.385381e-15
3.631804e-01 5.250002842715e+00 3.813394e+00 1.436609e+00 -2.442491e-15 -1.110223e-16
3.607801e-01 5.250002989559e+00 3.788191e+00 1.461812e+00 -2.303713e-15 -3.552714e-15
3.583645e-01 5.250003139698e+00 3.762828e+00 1.487176e+00 -3.108624e-15 -3.941292e-15
3.559340e-01 5.250003293109e+00 3.737307e+00 1.512697e+00 -3.164136e-15 -3.774758e-15
3.534887e-01 5.250003449767e+00 3.711631e+00 1.538372e+00 -1.249001e-15 -4.052314e-15
3.510290e-01 5.250003609643e+00 3.685805e+00 1.564199e+00 -4.218847e-15 -4.829470e-15
3.485552e-01 5.250003772706e+00 3.659829e+00 1.590175e+00 -2.997602e-15 -3.330669e-15
3.460675e-01 5.250003938924e+00 3.633708e+00 1.616295e+00 -1.859624e-15 -4.718448e-15
3.435662e-01 5.250004108259e+00 3.607445e+00 1.642559e+00 -2.081668e-15 -1.054712e-15
3.410517e-01 5.250004280672e+00 3.581043e+00 1.668961e+00 -2.581269e-15 -5.051515e-15
3.385243e-01 5.250004456123e+00 3.554505e+00 1.695499e+00 -2.581269e-15 -3.885781e-16
3.359842e-01 5.250004634567e+00 3.527834e+00 1.722170e+00 -4.440892e-15 -1.054712e-15
3.334318e-01 5.250004815958e+00 3.501034e+00 1.748971e+00 -2.914335e-15 -3.386180e-15
3.308674e-01 5.250005000247e+00 3.474108e+00 1.775897e+00 -1.942890e-15 -1.887379e-15
3.282914e-01 5.250005187383e+00 3.447060e+00 1.802946e+00 -1.304512e-15 -1.110223e-15
3.257040e-01 5.250005377311e+00 3.419892e+00 1.830114e+00 -2.886580e-15 -4.829470e-15
3.231056e-01 5.250005569978e+00 3.392608e+00 1.857397e+00 -2.359224e-15 -1.665335e-15
3.204965e-01 5.250005765323e+00 3.365213e+00 1.884793e+00 -3.941292e-15 -3.608225e-15
3.178770e-01 5.250005963288e+00 3.337709e+00 1.912297e+00 -2.692291e-15 -1.498801e-15
3.152476e-01 5.250006163810e+00 3.310100e+00 1.939906e+00 -3.025358e-15 -2.553513e-15
3.126085e-01 5.250006366825e+00 3.282389e+00 1.967617e+00 -2.942091e-15 -4.329870e-15
3.099601e-01 5.250006572266e+00 3.254581e+00 1.995425e+00 -4.746203e-15 -2.275957e-15
3.073028e-01 5.250006780066e+00 3.226679e+00 2.023328e+00 -2.997602e-15 -7.216450e-16
3.046369e-01 5.250006990156e+00 3.198687e+00 2.051320e+00 -3.663736e-15 -5.273559e-15
3.019627e-01 5.250007202463e+00 3.170609e+00 2.079399e+00 -2.414735e-15 -2.220446e-16
2.992807e-01 5.250007416916e+00 3.142447e+00 2.107560e+00 -3.497203e-15 -1.720846e-15
2.965912e-01 5.250007633439e+00 3.114207e+00 2.135800e+00 -2.720046e-15 -1.332268e-15
2.938945e-01 5.250007851956e+00 3.085892e+00 2.164115e+00 -2.553513e-15 -3.719247e-15
2.911911e-01 5.250008072392e+00 3.057507e+00 2.192501e+00 -3.136380e-15 1.942890e-15
2.884813e-01 5.250008294667e+00 3.029054e+00 2.220955e+00 -3.191891e-15 -3.774758e-15
2.857655e-01 5.250008518703e+00 3.000538e+00 2.249471e+00 -3.580469e-15 2.053913e-15
2.830441e-01 5.250008744418e+00 2.971963e+00 2.278046e+00 -4.080070e-15 -1.054712e-15
2.803174e-01 5.250008971732e+00 2.943332e+00 2.306677e+00 -4.163336e-15 -2.720046e-15
2.775858e-01 5.250009200562e+00 2.914651e+00 2.335358e+00 -3.302913e-15 -1.332268e-15
2.748498e-01 5.250009430826e+00 2.885923e+00 2.364087e+00 -3.191891e-15 -1.665335e-15
2.721096e-01 5.250009662441e+00 2.857151e+00 2.392859e+00 -2.386980e-15 -3.441691e-15
2.693658e-01 5.250009895322e+00 2.828341e+00 2.421669e+00 -2.609024e-15 -2.442491e-15
2.666186e-01 5.250010129386e+00 2.799496e+00 2.450515e+00 -4.607426e-15 -1.665335e-15
2.638685e-01 5.250010364547e+00 2.770620e+00 2.479391e+00 -4.107825e-15 -2.498002e-15
2.611159e-01 5.250010600721e+00 2.741717e+00 2.508293e+00 -4.163336e-15 -2.220446e-16
2.583612e-01 5.250010837824e+00 2.712792e+00 2.537219e+00 -3.386180e-15 -1.554312e-15
2.556047e-01 5.250011075770e+00 2.683849e+00 2.566162e+00 -3.691492e-15 1.221245e-15
2.528468e-01 5.250011314474e+00 2.654892e+00 2.595120e+00 -5.245804e-15 -1.165734e-15
2.500880e-01 5.250011553853e+00 2.625924e+00 2.624087e+00 -3.330669e-15 -1.554312e-15
2.473287e-01 5.250011793822e+00 2.596951e+00 2.653061e+00 -3.802514e-15 2.275957e-15
2.445692e-01 5.250012034297e+00 2.567977e+00 2.682036e+00 -2.747802e-15 -6.272760e-15
2.418099e-01 5.250012275195e+00 2.539004e+00 2.711008e+00 -4.440892e-15 -1.387779e-15
2.390513e-01 5.250012516433e+00 2.510039e+00 2.739973e+00 -3.358425e-15 -3.219647e-15
2.362938e-01 5.250012757929e+00 2.481085e+00 2.768928e+00 -3.191891e-15 -1.665335e-16
2.335377e-01 5.250012999602e+00 2.452145e+00 2.797868e+00 -3.108624e-15 6.661338e-16
2.307834e-01 5.250013241371e+00 2.423226e+00 2.826788e+00 -5.329071e-15 2.775558e-16
2.280314e-01 5.250013483158e+00 2.394329e+00 2.855684e+00 -4.468648e-15 5.551115e-16
2.252820e-01 5.250013724882e+00 2.365461e+00 2.884553e+00 -3.608225e-15 -8.326673e-16
2.225356e-01 5.250013966468e+00 2.336624e+00 2.913390e+00 -3.053113e-15 -3.885781e-16
2.197927e-01 5.250014207839e+00 2.307823e+00 2.942191e+00 -3.469447e-15 6.106227e-16
2.170536e-01 5.250014448919e+00 2.279063e+00 2.970951e+00 -3.441691e-15 3.885781e-16
2.143188e-01 5.250014689635e+00 2.250347e+00 2.999668e+00 -3.552714e-15 -1.720846e-15
2.115885e-01 5.250014929915e+00 2.221680e+00 3.028335e+00 -4.163336e-15 -1.443290e-15
2.088633e-01 5.250015169688e+00 2.193065e+00 3.056950e+00 -4.302114e-15 -2.720046e-15
2.061436e-01 5.250015408884e+00 2.164507e+00 3.085508e+00 -3.441691e-15 -1.665335e-15
2.034296e-01 5.250015647435e+00 2.136011e+00 3.114005e+00 -3.691492e-15 -7.216450e-15
2.007218e-01 5.250015885276e+00 2.107579e+00 3.142437e+00 -3.941292e-15 -1.887379e-15
1.980206e-01 5.250016122341e+00 2.079216e+00 3.170800e+00 -4.524159e-15 0.000000e+00
1.953264e-01 5.250016358567e+00 2.050927e+00 3.199089e+00 -2.525757e-15 -3.663736e-15
1.926395e-01 5.250016593894e+00 2.022715e+00 3.227302e+00 -4.135581e-15 5.551115e-16
1.899604e-01 5.250016828261e+00 1.994584e+00 3.255433e+00 -3.719247e-15 -3.219647e-15
1.872894e-01 5.250017061611e+00 1.966539e+00 3.283478e+00 -4.468648e-15 -5.995204e-15
1.846270e-01 5.250017293889e+00 1.938583e+00 3.311434e+00 -4.940492e-15 7.771561e-16
1.819734e-01 5.250017525040e+00 1.910720e+00 3.339297e+00 -3.552714e-15 -2.664535e-15
1.793291e-01 5.250017755012e+00 1.882955e+00 3.367063e+00 -4.274359e-15 -8.881784e-16
1.766944e-01 5.250017983756e+00 1.855291e+00 3.394727e+00 -4.385381e-15 -2.997602e-15
1.740698e-01 5.250018211222e+00 1.827732e+00 3.422286e+00 -3.913536e-15 -5.995204e-15
1.714555e-01 5.250018437364e+00 1.800283e+00 3.449736e+00 -4.468648e-15 -5.773160e-15
1.688520e-01 5.250018662139e+00 1.772946e+00 3.477073e+00 -4.579670e-15 -8.881784e-16
1.662596e-01 5.250018885503e+00 1.745726e+00 3.504293e+00 -4.357625e-15 -4.773959e-15
1.636787e-01 5.250019107417e+00 1.718627e+00 3.531392e+00 -3.747003e-15 -1.110223e-15
1.611097e-01 5.250019327841e+00 1.691652e+00 3.558368e+00 -4.024558e-15 2.331468e-15
1.585529e-01 5.250019546740e+00 1.664805e+00 3.585215e+00 -4.551914e-15 -3.441691e-15
1.560086e-01 5.250019764078e+00 1.638090e+00 3.611930e+00 -4.718448e-15 -4.107825e-15
1.534772e-01 5.250019979824e+00 1.611511e+00 3.638509e+00 -3.830269e-15 -5.329071e-15
1.509592e-01 5.250020193946e+00 1.585071e+00 3.664949e+00 -4.968248e-15 -5.884182e-15
1.484547e-01 5.250020406415e+00 1.558774e+00 3.691246e+00 -3.719247e-15 -4.218847e-15
1.459642e-01 5.250020617205e+00 1.532624e+00 3.717396e+00 -4.468648e-15 -1.998401e-15
1.434880e-01 5.250020826291e+00 1.506624e+00 3.743397e+00 -3.802514e-15 -4.996004e-15
1.410265e-01 5.250021033649e+00 1.480778e+00 3.769243e+00 -4.413137e-15 -3.219647e-15
1.385799e-01 5.250021239259e+00 1.455089e+00 3.794932e+00 -3.969047e-15 -4.773959e-15
1.361487e-01 5.250021443100e+00 1.429561e+00 3.820460e+00 -5.287437e-15 -6.661338e-16
1.337331e-01 5.250021645156e+00 1.404197e+00 3.845824e+00 -3.455569e-15 -6.661338e-15
1.313335e-01 5.250021845409e+00 1.379002e+00 3.871020e+00 -3.913536e-15 -4.329870e-15
1.289502e-01 5.250022043846e+00 1.353977e+00 3.896045e+00 -5.037637e-15 2.664535e-15
1.265835e-01 5.250022240455e+00 1.329127e+00 3.920896e+00 -3.733125e-15 0.000000e+00
1.242338e-01 5.250022435224e+00 1.304454e+00 3.945568e+00 -4.468648e-15 -8.326673e-15
1.219013e-01 5.250022628143e+00 1.279964e+00 3.970059e+00 -3.982925e-15 -1.010303e-14
1.195864e-01 5.250022819206e+00 1.255657e+00 3.994366e+00 -3.247402e-15 -1.032507e-14
1.172894e-01 5.250023008405e+00 1.231539e+00 4.018484e+00 -4.440892e-15 -4.440892e-15
1.150106e-01 5.250023195736e+00 1.207611e+00 4.042412e+00 -3.844147e-15 -1.332268e-15
1.127503e-01 5.250023381195e+00 1.183878e+00 4.066146e+00 -4.843348e-15 -9.880985e-15
1.105087e-01 5.250023564781e+00 1.160342e+00 4.089682e+00 -3.969047e-15 -4.884981e-15
1.082863e-01 5.250023746492e+00 1.137006e+00 4.113017e+00 -4.204970e-15 -3.663736e-15
1.060833e-01 5.250023926329e+00 1.113875e+00 4.136149e+00 -4.052314e-15 -5.440093e-15
1.039000e-01 5.250024104294e+00 1.090950e+00 4.159075e+00 -5.023759e-15 -5.329071e-15
1.017366e-01 5.250024280389e+00 1.068234e+00 4.181790e+00 -4.052314e-15 -6.883383e-15
9.959348e-02 5.250024454620e+00 1.045732e+00 4.204293e+00 -5.065393e-15 -9.769963e-15
9.747092e-02 5.250024626990e+00 1.023445e+00 4.226580e+00 -4.024558e-15 -4.662937e-15
9.536919e-02 5.250024797506e+00 1.001376e+00 4.248648e+00 -3.122502e-15 -7.993606e-15
9.328855e-02 5.250024966174e+00 9.795298e-01 4.270495e+00 -4.524159e-15 -4.329870e-15
9.122929e-02 5.250025133004e+00 9.579075e-01 4.292118e+00 -3.927414e-15 -5.995204e-15
8.919167e-02 5.250025298003e+00 9.365126e-01 4.313513e+00 -4.371503e-15 -6.106227e-15
8.717597e-02 5.250025461182e+00 9.153477e-01 4.334678e+00 -3.816392e-15 -8.770762e-15
8.518245e-02 5.250025622550e+00 8.944157e-01 4.355610e+00 -4.302114e-15 -6.439294e-15
8.321137e-02 5.250025782119e+00 8.737194e-01 4.376306e+00 -4.121703e-15 -6.772360e-15
8.126299e-02 5.250025939901e+00 8.532614e-01 4.396765e+00 -3.982925e-15 -1.332268e-15
7.933757e-02 5.250026095908e+00 8.330444e-01 4.416982e+00 -3.788636e-15 -3.330669e-15
7.743535e-02 5.250026250153e+00 8.130712e-01 4.436955e+00 -3.608225e-15 -6.661338e-15
7.555660e-02 5.250026402649e+00 7.933443e-01 4.456682e+00 -4.260481e-15 -1.354472e-14
7.370156e-02 5.250026553412e+00 7.738664e-01 4.476160e+00 -5.148659e-15 -8.437695e-15
7.187048e-02 5.250026702454e+00 7.546400e-01 4.495387e+00 -4.191092e-15 -4.440892e-16
7.006359e-02 5.250026849791e+00 7.356676e-01 4.514359e+00 -4.787837e-15 -2.553513e-15
6.828113e-02 5.250026995439e+00 7.169519e-01 4.533075e+00 -3.025358e-15 -8.437695e-15
6.652335e-02 5.250027139413e+00 6.984952e-01 4.551532e+00 -4.218847e-15 -1.065814e-14
6.479048e-02 5.250027281728e+00 6.803000e-01 4.569727e+00 -4.662937e-15 -8.770762e-15
6.308274e-02 5.250027422403e+00 6.623688e-01 4.587659e+00 -4.440892e-15 -1.076916e-14
6.140038e-02 5.250027561452e+00 6.447039e-01 4.605324e+00 -4.315992e-15 -8.215650e-15
5.974360e-02 5.250027698893e+00 6.273078e-01 4.622720e+00 -4.218847e-15 -1.443290e-15
5.811264e-02 5.250027834743e+00 6.101828e-01 4.639845e+00 -4.926615e-15 -5.218048e-15
5.650772e-02 5.250027969020e+00 5.933311e-01 4.656697e+00 -4.649059e-15 -9.880985e-15
5.492906e-02 5.250028101741e+00 5.767552e-01 4.673273e+00 -4.371503e-15 -7.993606e-15
5.337687e-02 5.250028232923e+00 5.604572e-01 4.689571e+00 -4.427014e-15 -6.217249e-15
5.185137e-02 5.250028362585e+00 5.444394e-01 4.705589e+00 -4.773959e-15 -5.440093e-15
5.035276e-02 5.250028490744e+00 5.287040e-01 4.721325e+00 -4.829470e-15 -8.992806e-15
4.888126e-02 5.250028617420e+00 5.132532e-01 4.736775e+00 -4.871104e-15 -7.327472e-15
4.743706e-02 5.250028742630e+00 4.980892e-01 4.751940e+00 -4.121703e-15 -7.660539e-15
4.602039e-02 5.250028866393e+00 4.832141e-01 4.766815e+00 -4.427014e-15 -4.551914e-15
4.463143e-02 5.250028988728e+00 4.686300e-01 4.781399e+00 -4.399259e-15 -8.104628e-15
4.327038e-02 5.250029109653e+00 4.543390e-01 4.795690e+00 -4.662937e-15 -4.107825e-15
4.193745e-02 5.250029229187e+00 4.403432e-01 4.809686e+00 -4.676814e-15 -9.214851e-15
4.063283e-02 5.250029347349e+00 4.266447e-01 4.823385e+00 -4.773959e-15 -5.773160e-15
3.935670e-02 5.250029464158e+00 4.132453e-01 4.836784e+00 -4.732326e-15 -3.108624e-15
3.810926e-02 5.250029579633e+00 4.001473e-01 4.849882e+00 -4.718448e-15 -6.772360e-15
3.689070e-02 5.250029693792e+00 3.873524e-01 4.862677e+00 -5.093148e-15 -8.770762e-15
3.570120e-02 5.250029806654e+00 3.748626e-01 4.875167e+00 -4.607426e-15 -1.409983e-14
3.454095e-02 5.250029918237e+00 3.626800e-01 4.887350e+00 -4.662937e-15 -8.437695e-15
3.341013e-02 5.250030028561e+00 3.508064e-01 4.899224e+00 -4.510281e-15 -1.343370e-14
3.230892e-02 5.250030137642e+00 3.392436e-01 4.910787e+00 -4.732326e-15 -9.547918e-15
3.123749e-02 5.250030245498e+00 3.279936e-01 4.922037e+00 -4.343748e-15 -1.110223e-14
3.019602e-02 5.250030352146e+00 3.170582e-01 4.932972e+00 -4.433953e-15 -9.547918e-15
2.918468e-02 5.250030457603e+00 3.064391e-01 4.943591e+00 -4.329870e-15 -5.329071e-15
2.820365e-02 5.250030561883e+00 2.961383e-01 4.953892e+00 -4.454770e-15 -8.770762e-15
2.725309e-02 5.250030665002e+00 2.861575e-01 4.963873e+00 -4.163336e-15 -8.992806e-15
2.633318e-02 5.250030766974e+00 2.764984e-01 4.973532e+00 -4.184153e-15 -1.088019e-14
2.544408e-02 5.250030867810e+00 2.671628e-01 4.982868e+00 -4.454770e-15 -1.065814e-14
2.458595e-02 5.250030967522e+00 2.581524e-01 4.991879e+00 -4.322931e-15 -1.076916e-14
2.375895e-02 5.250031066118e+00 2.494690e-01 5.000562e+00 -4.433953e-15 -5.995204e-15
2.296325e-02 5.250031163607e+00 2.411141e-01 5.008917e+00 -4.655998e-15 -6.661338e-15
2.219900e-02 5.250031259994e+00 2.330895e-01 5.016942e+00 -4.489464e-15 -5.107026e-15
2.146636e-02 5.250031355282e+00 2.253968e-01 5.024635e+00 -4.406198e-15 -1.088019e-14
2.076548e-02 5.250031449471e+00 2.180376e-01 5.031994e+00 -4.669876e-15 -1.088019e-14
2.009652e-02 5.250031542559e+00 2.110135e-01 5.039018e+00 -4.669876e-15 -3.219647e-15
1.945963e-02 5.250031634541e+00 2.043262e-01 5.045705e+00 -4.385381e-15 -1.099121e-14
1.885496e-02 5.250031725408e+00 1.979771e-01 5.052055e+00 -4.524159e-15 -1.221245e-14
1.828265e-02 5.250031815146e+00 1.919679e-01 5.058064e+00 -4.558853e-15 -4.996004e-15
1.774286e-02 5.250031903740e+00 1.863000e-01 5.063732e+00 -4.385381e-15 -5.773160e-15
1.723571e-02 5.250031991168e+00 1.809750e-01 5.069057e+00 -4.413137e-15 -1.298961e-14
1.676136e-02 5.250032077404e+00 1.759943e-01 5.074038e+00 -4.600487e-15 -1.365574e-14
1.631995e-02 5.250032162417e+00 1.713594e-01 5.078673e+00 -4.558853e-15 -5.551115e-15
1.591160e-02 5.250032246173e+00 1.670718e-01 5.082960e+00 -4.524159e-15 -8.215650e-15
1.553647e-02 5.250032328628e+00 1.631329e-01 5.086899e+00 -4.558853e-15 -5.995204e-15
1.519468e-02 5.250032409735e+00 1.595441e-01 5.090488e+00 -4.544976e-15 -7.993606e-15
1.488635e-02 5.250032489441e+00 1.563067e-01 5.093726e+00 -4.600487e-15 -1.132427e-14
1.461163e-02 5.250032567685e+00 1.534222e-01 5.096610e+00 -4.524159e-15 -7.993606e-15
1.437064e-02 5.250032644400e+00 1.508917e-01 5.099141e+00 -4.544976e-15 -9.992007e-15
1.416350e-02 5.250032719512e+00 1.487167e-01 5.101316e+00 -4.572731e-15 -1.199041e-14
1.399033e-02 5.250032792940e+00 1.468985e-01 5.103134e+00 -4.583139e-15 -1.143530e-14
1.385125e-02 5.250032864597e+00 1.454381e-01 5.104595e+00 -4.520689e-15 -7.438494e-15
1.374638e-02 5.250032934386e+00 1.443370e-01 5.105696e+00 -4.558853e-15 -1.398881e-14
1.367583e-02 5.250033002205e+00 1.435962e-01 5.106437e+00 -4.527628e-15 -1.076916e-14
1.363970e-02 5.250033067942e+00 1.432169e-01 5.106816e+00 -4.524159e-15 -1.576517e-14
1.363811e-02 5.250033131479e+00 1.432002e-01 5.106833e+00 -4.541506e-15 -4.440892e-15
1.367116e-02 5.250033192692e+00 1.435472e-01 5.106486e+00 -4.551914e-15 -8.659740e-15
1.373894e-02 5.250033251446e+00 1.442589e-01 5.105774e+00 -4.527628e-15 -1.254552e-14
1.384156e-02 5.250033307603e+00 1.453363e-01 5.104697e+00 -4.440892e-15 -1.576517e-14
1.397909e-02 5.250033361015e+00 1.467805e-01 5.103253e+00 -4.551914e-15 -1.287859e-14
1.415163e-02 5.250033411528e+00 1.485922e-01 5.101441e+00 -4.565792e-15 -7.771561e-15
1.435927e-02 5.250033458982e+00 1.507723e-01 5.099261e+00 -4.472117e-15 -7.105427e-15
1.460207e-02 5.250033503212e+00 1.533217e-01 5.096712e+00 -4.586609e-15 -1.065814e-14
1.488011e-02 5.250033544045e+00 1.562411e-01 5.093792e+00 -4.534567e-15 -9.214851e-15
1.519345e-02 5.250033581307e+00 1.595313e-01 5.090502e+00 -4.427014e-15 -7.327472e-15
1.554216e-02 5.250033614815e+00 1.631927e-01 5.086841e+00 -4.544976e-15 -9.880985e-15
1.592630e-02 5.250033644386e+00 1.672261e-01 5.082808e+00 -4.475587e-15 -7.882583e-15
1.634590e-02 5.250033669832e+00 1.716320e-01 5.078402e+00 -4.328135e-15 -6.883383e-15
1.680102e-02 5.250033690964e+00 1.764107e-01 5.073623e+00 -4.499873e-15 -1.176836e-14
1.729168e-02 5.250033707590e+00 1.815627e-01 5.068471e+00 -4.485995e-15 -1.032507e-14
1.781793e-02 5.250033719519e+00 1.870882e-01 5.062945e+00 -4.480791e-15 -9.436896e-15
1.837977e-02 5.250033726560e+00 1.929876e-01 5.057046e+00 -4.423545e-15 -7.771561e-15
1.897723e-02 5.250033728522e+00 1.992609e-01 5.050773e+00 -4.591813e-15 -1.265654e-14
1.961030e-02 5.250033725216e+00 2.059082e-01 5.044126e+00 -4.459107e-15 -1.620926e-14
2.027900e-02 5.250033716460e+00 2.129295e-01 5.037104e+00 -4.382779e-15 -8.326673e-15
2.098330e-02 5.250033702070e+00 2.203247e-01 5.029709e+00 -4.591813e-15 -1.210143e-14
2.172320e-02 5.250033681872e+00 2.280936e-01 5.021940e+00 -4.441759e-15 -1.099121e-14
2.249865e-02 5.250033655697e+00 2.362358e-01 5.013798e+00 -4.474719e-15 -1.065814e-14
2.330963e-02 5.250033623381e+00 2.447511e-01 5.005283e+00 -4.475803e-15 -9.658940e-15
2.415608e-02 5.250033584772e+00 2.536389e-01 4.996395e+00 -4.355674e-15 -1.409983e-14
2.503796e-02 5.250033539722e+00 2.628986e-01 4.987135e+00 -4.253379e-15 -5.773160e-15
2.595519e-02 5.250033488098e+00 2.725295e-01 4.977504e+00 -4.508763e-15 -1.909584e-14
2.690770e-02 5.250033429775e+00 2.825309e-01 4.967503e+00 -4.350686e-15 -1.354472e-14
2.789540e-02 5.250033364640e+00 2.929017e-01 4.957132e+00 -4.026727e-15 -1.687539e-14
2.891820e-02 5.250033292594e+00 3.036412e-01 4.946392e+00 -4.420075e-15 -1.920686e-14
2.997599e-02 5.250033213549e+00 3.147479e-01 4.935285e+00 -4.106958e-15 -1.010303e-14
3.106865e-02 5.250033127433e+00 3.262209e-01 4.923812e+00 -4.379309e-15 -1.576517e-14
3.219606e-02 5.250033034187e+00 3.380586e-01 4.911974e+00 -4.396657e-15 -1.876277e-14
3.335806e-02 5.250032933768e+00 3.502596e-01 4.899773e+00 -4.302114e-15 -1.088019e-14
3.455452e-02 5.250032826147e+00 3.628224e-01 4.887210e+00 -4.636916e-15 -1.287859e-14
3.578526e-02 5.250032711312e+00 3.757453e-01 4.874287e+00 -4.427014e-15 -1.210143e-14
3.705013e-02 5.250032589265e+00 3.890263e-01 4.861006e+00 -4.066192e-15 -1.054712e-14
3.834892e-02 5.250032460027e+00 4.026637e-01 4.847369e+00 -4.459974e-15 -1.199041e-14
3.968146e-02 5.250032323632e+00 4.166553e-01 4.833377e+00 -4.128642e-15 -4.773959e-15
4.104753e-02 5.250032180131e+00 4.309991e-01 4.819033e+00 -3.929149e-15 -1.731948e-14
4.244692e-02 5.250032029591e+00 4.456926e-01 4.804339e+00 -4.170275e-15 -1.598721e-14
4.387939e-02 5.250031872093e+00 4.607336e-01 4.789298e+00 -4.440892e-15 -9.769963e-15
4.534472e-02 5.250031707733e+00 4.761195e-01 4.773912e+00 -4.572731e-15 -1.210143e-14
4.684264e-02 5.250031536622e+00 4.918478e-01 4.758184e+00 -4.531098e-15 -1.521006e-14
4.837291e-02 5.250031358885e+00 5.079156e-01 4.742116e+00 -4.028028e-15 -1.287859e-14
4.993526e-02 5.250031174660e+00 5.243202e-01 4.725711e+00 -4.326400e-15 -2.187139e-14
5.152940e-02 5.250030984095e+00 5.410587e-01 4.708972e+00 -4.385381e-15 -1.487699e-14
5.315505e-02 5.250030787352e+00 5.581280e-01 4.691903e+00 -4.149459e-15 -1.842970e-14
5.481191e-02 5.250030584602e+00 5.755250e-01 4.674506e+00 -4.548445e-15 -1.820766e-14
5.649966e-02 5.250030376026e+00 5.932464e-01 4.656784e+00 -4.402728e-15 -1.854072e-14
5.821800e-02 5.250030161812e+00 6.112890e-01 4.638741e+00 -3.969047e-15 -1.665335e-14
5.996660e-02 5.250029942155e+00 6.296493e-01 4.620381e+00 -4.905798e-15 -1.487699e-14
6.174512e-02 5.250029717260e+00 6.483238e-01 4.601706e+00 -3.563122e-15 -1.443290e-14
6.355322e-02 5.250029487331e+00 6.673089e-01 4.582721e+00 -4.548445e-15 -9.214851e-15
6.539056e-02 5.250029252580e+00 6.866009e-01 4.563428e+00 -4.218847e-15 -1.720846e-14
6.725677e-02 5.250029013219e+00 7.061961e-01 4.543833e+00 -4.322931e-15 -1.543210e-14
6.915149e-02 5.250028769464e+00 7.260907e-01 4.523938e+00 -4.510281e-15 -1.554312e-14
7.107435e-02 5.250028521529e+00 7.462807e-01 4.503748e+00 -4.760081e-15 -1.332268e-14
7.302496e-02 5.250028269628e+00 7.667621e-01 4.483266e+00 -4.003742e-15 -1.887379e-14
7.500296e-02 5.250028013973e+00 7.875310e-01 4.462497e+00 -4.087009e-15 -2.042810e-14
7.700793e-02 5.250027754773e+00 8.085833e-01 4.441444e+00 -4.121703e-15 -2.198242e-14
7.903949e-02 5.250027492233e+00 8.299147e-01 4.420113e+00 -5.051515e-15 -2.020606e-14
8.109724e-02 5.250027226554e+00 8.515210e-01 4.398506e+00 -3.948231e-15 -2.142730e-14
8.318076e-02 5.250026957930e+00 8.733980e-01 4.376629e+00 -5.356826e-15 -1.720846e-14
8.528965e-02 5.250026686551e+00 8.955414e-01 4.354485e+00 -3.740064e-15 -1.665335e-14
8.742349e-02 5.250026412598e+00 9.179467e-01 4.332080e+00 -5.224987e-15 -1.743050e-14
8.958186e-02 5.250026136245e+00 9.406095e-01 4.309417e+00 -4.524159e-15 -1.554312e-14
9.176433e-02 5.250025857659e+00 9.635255e-01 4.286500e+00 -4.315992e-15 -2.131628e-14
9.397048e-02 5.250025576998e+00 9.866900e-01 4.263336e+00 -5.620504e-15 -1.776357e-14
9.619986e-02 5.250025294411e+00 1.010099e+00 4.239927e+00 -4.378442e-15 -1.421085e-14
9.845206e-02 5.250025010041e+00 1.033747e+00 4.216278e+00 -5.016820e-15 -1.210143e-14
1.007266e-01 5.250024724018e+00 1.057629e+00 4.192395e+00 -3.788636e-15 -1.476597e-14
1.030231e-01 5.250024436466e+00 1.081743e+00 4.168282e+00 -4.364564e-15 -1.731948e-14
1.053411e-01 5.250024147501e+00 1.106081e+00 4.143943e+00 -4.697631e-15 -1.987299e-14
1.076801e-01 5.250023857229e+00 1.130641e+00 4.119383e+00 -5.051515e-15 -1.953993e-14
1.100396e-01 5.250023565748e+00 1.155416e+00 4.094607e+00 -5.342948e-15 -1.920686e-14
1.124194e-01 5.250023273149e+00 1.180403e+00 4.069620e+00 -5.238865e-15 -1.809664e-14
1.148187e-01 5.250022979516e+00 1.205597e+00 4.044426e+00 -5.342948e-15 -1.909584e-14
1.172373e-01 5.250022684923e+00 1.230992e+00 4.019031e+00 -5.627443e-15 -1.898481e-14
1.196747e-01 5.250022389442e+00 1.256584e+00 3.993438e+00 -5.051515e-15 -1.942890e-14
1.221304e-01 5.250022093136e+00 1.282369e+00 3.967653e+00 -5.329071e-15 -1.176836e-14
1.246038e-01 5.250021796064e+00 1.308340e+00 3.941681e+00 -5.530298e-15 -2.020606e-14
1.270947e-01 5.250021498280e+00 1.334494e+00 3.915527e+00 -4.510281e-15 -1.743050e-14
1.296025e-01 5.250021199832e+00 1.360826e+00 3.889195e+00 -4.690692e-15 -2.087219e-14
1.321267e-01 5.250020900768e+00 1.387330e+00 3.862691e+00 -4.961309e-15 -1.709743e-14
1.346669e-01 5.250020601132e+00 1.414002e+00 3.836019e+00 -4.142520e-15 -1.931788e-14
1.372225e-01 5.250020300963e+00 1.440837e+00 3.809184e+00 -4.871104e-15 -2.109424e-14
1.397932e-01 5.250020000301e+00 1.467829e+00 3.782191e+00 -4.371503e-15 -2.020606e-14
1.423785e-01 5.250019699185e+00 1.494974e+00 3.755046e+00 -4.621303e-15 -2.187139e-14
1.449778e-01 5.250019397652e+00 1.522267e+00 3.727753e+00 -5.065393e-15 -1.887379e-14
1.475907e-01 5.250019095739e+00 1.549702e+00 3.700317e+00 -4.343748e-15 -1.254552e-14
1.502167e-01 5.250018793484e+00 1.577276e+00 3.672743e+00 -5.037637e-15 -1.798561e-14
1.528554e-01 5.250018490926e+00 1.604982e+00 3.645037e+00 -4.940492e-15 -1.953993e-14
1.555063e-01 5.250018188104e+00 1.632816e+00 3.617202e+00 -4.565792e-15 -1.976197e-14
1.581688e-01 5.250017885059e+00 1.660772e+00 3.589246e+00 -3.802514e-15 -1.820766e-14
1.608425e-01 5.250017581834e+00 1.688847e+00 3.561171e+00 -5.204170e-15 -1.476597e-14
1.635270e-01 5.250017278472e+00 1.717033e+00 3.532984e+00 -4.080070e-15 -1.720846e-14
1.662217e-01 5.250016975021e+00 1.745327e+00 3.504690e+00 -5.190293e-15 -1.587619e-14
1.689261e-01 5.250016671530e+00 1.773724e+00 3.476293e+00 -5.120904e-15 -1.842970e-14
1.716398e-01 5.250016368048e+00 1.802218e+00 3.447798e+00 -5.412337e-15 -1.754152e-14
1.743623e-01 5.250016064630e+00 1.830804e+00 3.419212e+00 -3.844147e-15 -1.709743e-14
1.770931e-01 5.250015761331e+00 1.859477e+00 3.390539e+00 -4.315992e-15 -1.842970e-14
1.798316e-01 5.250015458210e+00 1.888232e+00 3.361783e+00 -5.231926e-15 -2.198242e-14
1.825776e-01 5.250015155326e+00 1.917064e+00 3.332951e+00 -3.899658e-15 -1.776357e-14
1.853303e-01 5.250014852742e+00 1.945968e+00 3.304047e+00 -4.607426e-15 -1.998401e-14
1.880894e-01 5.250014550524e+00 1.974939e+00 3.275076e+00 -4.274359e-15 -2.398082e-14
1.908544e-01 5.250014248737e+00 2.003971e+00 3.246043e+00 -4.218847e-15 -2.109424e-14
1.936247e-01 5.250013947451e+00 2.033059e+00 3.216955e+00 -4.274359e-15 -1.598721e-14
1.963999e-01 5.250013646736e+00 2.062199e+00 3.187814e+00 -5.356826e-15 -2.209344e-14
1.991796e-01 5.250013346666e+00 2.091385e+00 3.158628e+00 -5.634382e-15 -2.153833e-14
2.019631e-01 5.250013047314e+00 2.120613e+00 3.129401e+00 -4.857226e-15 -2.109424e-14
2.047501e-01 5.250012748757e+00 2.149876e+00 3.100137e+00 -4.454770e-15 -2.109424e-14
2.075400e-01 5.250012451071e+00 2.179170e+00 3.070842e+00 -4.732326e-15 -1.909584e-14
2.103324e-01 5.250012154337e+00 2.208490e+00 3.041522e+00 -4.912737e-15 -1.731948e-14
2.131268e-01 5.250011858634e+00 2.237831e+00 3.012181e+00 -3.941292e-15 -1.931788e-14
2.159227e-01 5.250011564046e+00 2.267188e+00 2.982824e+00 -5.009881e-15 -2.109424e-14
2.187196e-01 5.250011270656e+00 2.296556e+00 2.953456e+00 -4.676814e-15 -2.053913e-14
2.215170e-01 5.250010978550e+00 2.325929e+00 2.924082e+00 -5.953571e-15 -2.242651e-14
2.243146e-01 5.250010687815e+00 2.355303e+00 2.894708e+00 -5.453971e-15 -2.287059e-14
2.271117e-01 5.250010398541e+00 2.384673e+00 2.865338e+00 -4.898859e-15 -1.798561e-14
2.299079e-01 5.250010110818e+00 2.414033e+00 2.835977e+00 -5.190293e-15 -1.831868e-14
2.327028e-01 5.250009824739e+00 2.443379e+00 2.806630e+00 -5.134781e-15 -2.253753e-14
2.354959e-01 5.250009540402e+00 2.472707e+00 2.777303e+00 -5.814793e-15 -1.831868e-14
2.382867e-01 5.250009257902e+00 2.502010e+00 2.747999e+00 -4.704570e-15 -1.842970e-14
2.410747e-01 5.250008977341e+00 2.531285e+00 2.718724e+00 -6.286638e-15 -1.765255e-14
2.438596e-01 5.250008698823e+00 2.560525e+00 2.689483e+00 -3.511080e-15 -2.053913e-14
2.466407e-01 5.250008422453e+00 2.589728e+00 2.660281e+00 -4.204970e-15 -2.020606e-14
2.494178e-01 5.250008148342e+00 2.618887e+00 2.631121e+00 -5.481726e-15 -1.831868e-14
2.521903e-01 5.250007876602e+00 2.647998e+00 2.602010e+00 -5.065393e-15 -2.042810e-14
2.549578e-01 5.250007607350e+00 2.677057e+00 2.572951e+00 -4.815592e-15 -2.087219e-14
2.577198e-01 5.250007340706e+00 2.706058e+00 2.543950e+00 -4.898859e-15 -1.709743e-14
2.604759e-01 5.250007076794e+00 2.734997e+00 2.515010e+00 -5.495604e-15 -1.754152e-14
2.632257e-01 5.250006815742e+00 2.763869e+00 2.486137e+00 -4.343748e-15 -1.676437e-14
2.659687e-01 5.250006557680e+00 2.792671e+00 2.457335e+00 -5.870304e-15 -1.765255e-14
2.687045e-01 5.250006302746e+00 2.821397e+00 2.428609e+00 -2.803313e-15 -1.854072e-14
2.714327e-01 5.250006051077e+00 2.850043e+00 2.399963e+00 -5.440093e-15 -1.609823e-14
2.741529e-01 5.250005802819e+00 2.878605e+00 2.371401e+00 -4.829470e-15 -1.731948e-14
2.768646e-01 5.250005558117e+00 2.907078e+00 2.342927e+00 -3.594347e-15 -2.120526e-14
2.795675e-01 5.250005317123e+00 2.935458e+00 2.314547e+00 -5.176415e-15 -1.565414e-14
2.822611e-01 5.250005079989e+00 2.963741e+00 2.286264e+00 -4.149459e-15 -1.598721e-14
2.849450e-01 5.250004846874e+00 2.991923e+00 2.258082e+00 -6.175616e-15 -1.865175e-14
2.876190e-01 5.250004617936e+00 3.019999e+00 2.230005e+00 -4.968248e-15 -1.965095e-14
2.902825e-01 5.250004393338e+00 3.047966e+00 2.202038e+00 -4.093947e-15 -1.887379e-14
2.929352e-01 5.250004173243e+00 3.075820e+00 2.174184e+00 -5.315193e-15 -1.787459e-14
2.955768e-01 5.250003957816e+00 3.103556e+00 2.146447e+00 -4.121703e-15 -1.920686e-14
2.982069e-01 5.250003747222e+00 3.131172e+00 2.118832e+00 -4.024558e-15 -1.354472e-14
3.008250e-01 5.250003541629e+00 3.158663e+00 2.091341e+00 -4.996004e-15 -1.776357e-14
3.034310e-01 5.250003341201e+00 3.186025e+00 2.063978e+00 -4.857226e-15 -1.920686e-14
3.060244e-01 5.250003146102e+00 3.213256e+00 2.036747e+00 -4.801715e-15 -2.309264e-14
3.086049e-01 5.250002956494e+00 3.240351e+00 2.009651e+00 -3.747003e-15 -2.131628e-14
3.111722e-01 5.250002772537e+00 3.267308e+00 1.982695e+00 -5.412337e-15 -2.275957e-14
3.137260e-01 5.250002594386e+00 3.294123e+00 1.955880e+00 -4.635181e-15 -2.009504e-14
3.162659e-01 5.250002422192e+00 3.320792e+00 1.929210e+00 -3.802514e-15 -2.209344e-14
3.187918e-01 5.250002256100e+00 3.347314e+00 1.902688e+00 -5.578871e-15 -2.198242e-14
3.213032e-01 5.250002096250e+00 3.373684e+00 1.876318e+00 -3.969047e-15 -2.375877e-14
3.238000e-01 5.250001942775e+00 3.399900e+00 1.850102e+00 -5.023759e-15 -2.131628e-14
3.262818e-01 5.250001795797e+00 3.425959e+00 1.824043e+00 -4.773959e-15 -1.998401e-14
3.287484e-01 5.250001655431e+00 3.451858e+00 1.798143e+00 -5.884182e-15 -2.065015e-14
3.311996e-01 5.250001521783e+00 3.477596e+00 1.772406e+00 -5.523360e-15 -1.820766e-14
3.336351e-01 5.250001394945e+00 3.503168e+00 1.746833e+00 -5.162537e-15 -2.320366e-14
3.360547e-01 5.250001275000e+00 3.528574e+00 1.721427e+00 -5.717649e-15 -1.831868e-14
3.384581e-01 5.250001162016e+00 3.553810e+00 1.696191e+00 -3.885781e-15 -2.298162e-14
3.408453e-01 5.250001056050e+00 3.578875e+00 1.671126e+00 -4.246603e-15 -2.053913e-14
3.432159e-01 5.250000957143e+00 3.603767e+00 1.646234e+00 -3.136380e-15 -2.109424e-14
3.455698e-01 5.250000865320e+00 3.628483e+00 1.621518e+00 -4.551914e-15 -2.031708e-14
3.479069e-01 5.250000780593e+00 3.653022e+00 1.596979e+00 -3.913536e-15 -2.131628e-14
3.502269e-01 5.250000702955e+00 3.677383e+00 1.572618e+00 -4.052314e-15 -1.809664e-14
3.525298e-01 5.250000632383e+00 3.701562e+00 1.548438e+00 -3.386180e-15 -1.743050e-14
3.548153e-01 5.250000568838e+00 3.725561e+00 1.524440e+00 -3.774758e-15 -2.009504e-14
3.570834e-01 5.250000512260e+00 3.749375e+00 1.500625e+00 -4.968248e-15 -2.420286e-14
3.593339e-01 5.250000462574e+00 3.773006e+00 1.476995e+00 -4.218847e-15 -1.942890e-14
3.615667e-01 5.250000419684e+00 3.796451e+00 1.453550e+00 -4.857226e-15 -1.715295e-14
3.637818e-01 5.250000383477e+00 3.819709e+00 1.430291e+00 -5.329071e-15 -1.959544e-14
3.659790e-01 5.250000353821e+00 3.842780e+00 1.407221e+00 -4.551914e-15 -2.076117e-14
3.681583e-01 5.250000330563e+00 3.865662e+00 1.384338e+00 -4.135581e-15 -1.892930e-14
3.703196e-01 5.250000313534e+00 3.888356e+00 1.361645e+00 -4.635181e-15 -2.120526e-14
3.724628e-01 5.250000302545e+00 3.910859e+00 1.339141e+00 -3.969047e-15 -2.214895e-14
3.745879e-01 5.250000297389e+00 3.933173e+00 1.316827e+00 -5.218048e-15 -1.931788e-14
3.766949e-01 5.250000297841e+00 3.955296e+00 1.294704e+00 -4.607426e-15 -1.904032e-14
3.787836e-01 5.250000303659e+00 3.977228e+00 1.272772e+00 -5.412337e-15 -2.359224e-14
3.808542e-01 5.250000314583e+00 3.998969e+00 1.251031e+00 -4.551914e-15 -2.053913e-14
3.829066e-01 5.250000330338e+00 4.020519e+00 1.229481e+00 -5.245804e-15 -2.176037e-14
3.849407e-01 5.250000350630e+00 4.041877e+00 1.208123e+00 -3.913536e-15 -2.042810e-14
3.869566e-01 5.250000375154e+00 4.063044e+00 1.186957e+00 -3.219647e-15 -1.915135e-14
3.889542e-01 5.250000403590e+00 4.084019e+00 1.165981e+00 -3.247402e-15 -1.842970e-14
3.909336e-01 5.250000435601e+00 4.104803e+00 1.145197e+00 -4.579670e-15 -1.898481e-14
3.928949e-01 5.250000470844e+00 4.125396e+00 1.124604e+00 -5.190293e-15 -1.842970e-14
3.948379e-01 5.250000508959e+00 4.145798e+00 1.104202e+00 -4.857226e-15 -2.237099e-14
3.967628e-01 5.250000549581e+00 4.166009e+00 1.083991e+00 -5.662137e-15 -2.020606e-14
3.986696e-01 5.250000592331e+00 4.186030e+00 1.063970e+00 -3.080869e-15 -1.992850e-14
4.005582e-01 5.250000636827e+00 4.205861e+00 1.044139e+00 -6.161738e-15 -2.092770e-14
4.024288e-01 5.250000682678e+00 4.225502e+00 1.024498e+00 -6.078471e-15 -2.098322e-14
4.042814e-01 5.250000729488e+00 4.244954e+00 1.005046e+00 -5.717649e-15 -2.303713e-14
4.061160e-01 5.250000776858e+00 4.264218e+00 9.857832e-01 -3.885781e-15 -2.114975e-14
4.079326e-01 5.250000824388e+00 4.283292e+00 9.667086e-01 -4.302114e-15 -1.854072e-14
4.097313e-01 5.250000871673e+00 4.302179e+00 9.478220e-01 -4.218847e-15 -2.137179e-14
4.115122e-01 5.250000918313e+00 4.320878e+00 9.291230e-01 -2.886580e-15 -2.126077e-14
4.132752e-01 5.250000963906e+00 4.339390e+00 9.106113e-01 -4.551914e-15 -2.209344e-14
4.150204e-01 5.250001008058e+00 4.357715e+00 8.922863e-01 -3.552714e-15 -2.037259e-14
4.167479e-01 5.250001050375e+00 4.375853e+00 8.741479e-01 -3.608225e-15 -2.353673e-14
4.184577e-01 5.250001090473e+00 4.393806e+00 8.561955e-01 -3.858025e-15 -1.998401e-14
4.201497e-01 5.250001127974e+00 4.411572e+00 8.384288e-01 -3.191891e-15 -2.176037e-14
4.218241e-01 5.250001162509e+00 4.429153e+00 8.208477e-01 -4.496403e-15 -2.126077e-14
4.234809e-01 5.250001193722e+00 4.446549e+00 8.034519e-01 -4.468648e-15 -2.076117e-14
4.251200e-01 5.250001221268e+00 4.463760e+00 7.862411e-01 -3.219647e-15 -2.003953e-14
4.267415e-01 5.250001244814e+00 4.480786e+00 7.692152e-01 -2.692291e-15 -2.436940e-14
4.283454e-01 5.250001264046e+00 4.497627e+00 7.523742e-01 -5.079270e-15 -2.220446e-14
4.299317e-01 5.250001278663e+00 4.514283e+00 7.357180e-01 -4.274359e-15 -2.292611e-14
4.315004e-01 5.250001288385e+00 4.530755e+00 7.192467e-01 -4.884981e-15 -2.353673e-14
4.330515e-01 5.250001292950e+00 4.547041e+00 7.029604e-01 -4.302114e-15 -2.187139e-14
4.345849e-01 5.250001292116e+00 4.563142e+00 6.868593e-01 -5.023759e-15 -2.342571e-14
4.361007e-01 5.250001285665e+00 4.579058e+00 6.709437e-01 -4.718448e-15 -2.126077e-14
4.375988e-01 5.250001273401e+00 4.594787e+00 6.552140e-01 -5.051515e-15 -2.287059e-14
4.390791e-01 5.250001255153e+00 4.610331e+00 6.396704e-01 -4.912737e-15 -2.220446e-14
4.405417e-01 5.250001230777e+00 4.625688e+00 6.243137e-01 -4.579670e-15 -2.314815e-14
4.419864e-01 5.250001200154e+00 4.640857e+00 6.091444e-01 -4.912737e-15 -2.314815e-14
4.434131e-01 5.250001163194e+00 4.655838e+00 5.941632e-01 -3.025358e-15 -2.359224e-14
4.448219e-01 5.250001119836e+00 4.670630e+00 5.793709e-01 -3.635980e-15 -2.281508e-14
4.462126e-01 5.250001070049e+00 4.685233e+00 5.647683e-01 -4.440892e-15 -2.153833e-14
4.475852e-01 5.250001013833e+00 4.699645e+00 5.503565e-01 -4.357625e-15 -2.131628e-14
4.489395e-01 5.250000951218e+00 4.713864e+00 5.361365e-01 -3.108624e-15 -2.181588e-14
4.502754e-01 5.250000882268e+00 4.727891e+00 5.221094e-01 -2.609024e-15 -2.259304e-14
4.515928e-01 5.250000807079e+00 4.741724e+00 5.082766e-01 -2.858824e-15 -2.259304e-14
4.528916e-01 5.250000725778e+00 4.755361e+00 4.946392e-01 -3.441691e-15 -2.359224e-14
4.541716e-01 5.250000638527e+00 4.768802e+00 4.811988e-01 -3.247402e-15 -2.203793e-14
4.554327e-01 5.250000545521e+00 4.782044e+00 4.679568e-01 -5.828671e-16 -2.176037e-14
4.566748e-01 5.250000446988e+00 4.795086e+00 4.549147e-01 -2.581269e-15 -2.253753e-14
4.578977e-01 5.250000343187e+00 4.807926e+00 4.420743e-01 -2.414735e-15 -2.348122e-14
4.591012e-01 5.250000234412e+00 4.820563e+00 4.294371e-01 -2.692291e-15 -2.348122e-14
4.602852e-01 5.250000120986e+00 4.832995e+00 4.170051e-01 -3.247402e-15 -2.309264e-14
4.614495e-01 5.250000003265e+00 4.845220e+00 4.047799e-01 -3.747003e-15 -2.342571e-14
4.625939e-01 5.249999881631e+00 4.857236e+00 3.927636e-01 -4.107825e-15 -2.253753e-14
4.637183e-01 5.249999756499e+00 4.869042e+00 3.809579e-01 -1.970646e-15 -2.259304e-14
4.648224e-01 5.249999628307e+00 4.880635e+00 3.693649e-01 -4.274359e-15 -2.353673e-14
4.659060e-01 5.249999497518e+00 4.892013e+00 3.579866e-01 -4.496403e-15 -2.453593e-14
4.669690e-01 5.249999364621e+00 4.903174e+00 3.468250e-01 -4.080070e-15 -2.214895e-14
4.680111e-01 5.249999230121e+00 4.914117e+00 3.358822e-01 -4.551914e-15 -2.337019e-14
4.690323e-01 5.249999094544e+00 4.924839e+00 3.251601e-01 -2.720046e-15 -2.453593e-14
4.700322e-01 5.249998958431e+00 4.935338e+00 3.146608e-01 -3.635980e-15 -2.303713e-14
4.710107e-01 5.249998822335e+00 4.945612e+00 3.043864e-01 -2.248202e-15 -2.436940e-14
4.719676e-01 5.249998686817e+00 4.955660e+00 2.943389e-01 -2.498002e-15 -2.459144e-14
4.729027e-01 5.249998552444e+00 4.965478e+00 2.845202e-01 -3.191891e-15 -2.509104e-14
4.738158e-01 5.249998419787e+00 4.975066e+00 2.749324e-01 -2.386980e-15 -2.414735e-14
4.747068e-01 5.249998289413e+00 4.984421e+00 2.655774e-01 -2.747802e-15 -2.547962e-14
4.755754e-01 5.249998161882e+00 4.993541e+00 2.564570e-01 -2.775558e-15 -2.459144e-14
4.764214e-01 5.249998037749e+00 5.002425e+00 2.475730e-01 -3.191891e-15 -2.520206e-14
4.772448e-01 5.249997917549e+00 5.011071e+00 2.389271e-01 -2.775558e-15 -2.453593e-14
4.780454e-01 5.249997801802e+00 5.019477e+00 2.305211e-01 -3.552714e-15 -2.364775e-14
4.788230e-01 5.249997691004e+00 5.027641e+00 2.223564e-01 -2.997602e-15 -2.475797e-14
4.795774e-01 5.249997585624e+00 5.035563e+00 2.144345e-01 -2.109424e-15 -2.356448e-14
4.803086e-01 5.249997486099e+00 5.043241e+00 2.067569e-01 -3.996803e-15 -2.392531e-14
4.810164e-01 5.249997392828e+00 5.050673e+00 1.993248e-01 -2.664535e-15 -2.484124e-14
4.817008e-01 5.249997306173e+00 5.057858e+00 1.921392e-01 -2.386980e-15 -2.409184e-14
4.823615e-01 5.249997226446e+00 5.064796e+00 1.852014e-01 -3.524958e-15 -2.439715e-14
4.829986e-01 5.249997153913e+00 5.071485e+00 1.785120e-01 -3.996803e-15 -2.484124e-14
4.836119e-01 5.249997088787e+00 5.077925e+00 1.720720e-01 -4.191092e-15 -2.439715e-14
4.842014e-01 5.249997031223e+00 5.084115e+00 1.658820e-01 -4.080070e-15 -2.439715e-14
4.847671e-01 5.249996981315e+00 5.090055e+00 1.599424e-01 -4.413137e-15 -2.359224e-14
4.853089e-01 5.249996939095e+00 5.095743e+00 1.542537e-01 -4.329870e-15 -2.511880e-14
4.858268e-01 5.249996904526e+00 5.101181e+00 1.488160e-01 -5.162537e-15 -2.498002e-14
4.863207e-01 5.249996877505e+00 5.106367e+00 1.436295e-01 -3.552714e-15 -2.442491e-14
4.867907e-01 5.249996857854e+00 5.111303e+00 1.386941e-01 -4.052314e-15 -2.478573e-14
4.872369e-01 5.249996845325e+00 5.115987e+00 1.340097e-01 -4.218847e-15 -2.489675e-14
4.876591e-01 5.249996839595e+00 5.120421e+00 1.295760e-01 -4.496403e-15 -2.531308e-14
4.880576e-01 5.249996840266e+00 5.124604e+00 1.253925e-01 -3.719247e-15 -2.528533e-14
4.884322e-01 5.249996846865e+00 5.128538e+00 1.214587e-01 -3.108624e-15 -2.470246e-14
4.887831e-01 5.249996858843e+00 5.132223e+00 1.177740e-01 -4.385381e-15 -2.500777e-14
4.891104e-01 5.249996875580e+00 5.135659e+00 1.143377e-01 -4.662937e-15 -2.492451e-14
4.894141e-01 5.249996896382e+00 5.138848e+00 1.111489e-01 -2.553513e-15 -2.547962e-14
4.896943e-01 5.249996920485e+00 5.141790e+00 1.082066e-01 -5.440093e-15 -2.553513e-14
4.899511e-01 5.249996947058e+00 5.144487e+00 1.055100e-01 -4.274359e-15 -2.559064e-14
4.901847e-01 5.249996975205e+00 5.146939e+00 1.030579e-01 -2.553513e-15 -2.575717e-14
4.903950e-01 5.249997003972e+00 5.149148e+00 1.008493e-01 -3.441691e-15 -2.600697e-14
4.905823e-01 5.249997032348e+00 5.151114e+00 9.888316e-02 -3.386180e-15 -2.597922e-14
4.907466e-01 5.249997059272e+00 5.152839e+00 9.715824e-02 -3.275158e-15 -2.597922e-14
4.908880e-01 5.249997083639e+00 5.154324e+00 9.567349e-02 -4.607426e-15 -2.586820e-14
4.910066e-01 5.249997104307e+00 5.155569e+00 9.442780e-02 -4.163336e-15 -2.586820e-14
4.911026e-01 5.249997120100e+00 5.156577e+00 9.342012e-02 -2.553513e-15 -2.606249e-14
4.911760e-01 5.249997129821e+00 5.157348e+00 9.264945e-02 -2.164935e-15 -2.597922e-14
4.912269e-01 5.249997132256e+00 5.157882e+00 9.211488e-02 -2.331468e-15 -2.603473e-14
4.912554e-01 5.249997126181e+00 5.158182e+00 9.181556e-02 -5.329071e-15 -2.615963e-14
4.912616e-01 5.249997110378e+00 5.158246e+00 9.175079e-02 -4.440892e-15 -2.624290e-14
4.912454e-01 5.249997083633e+00 5.158077e+00 9.191998e-02 -3.275158e-15 -2.631229e-14
4.912071e-01 5.249997044757e+00 5.157674e+00 9.232267e-02 -2.109424e-15 -2.639555e-14
4.911465e-01 5.249996992583e+00 5.157038e+00 9.295861e-02 -2.775558e-15 -2.650657e-14
4.910637e-01 5.249996925987e+00 5.156169e+00 9.382769e-02 -3.774758e-15 -2.660372e-14
4.909587e-01 5.249996843891e+00 5.155067e+00 9.493002e-02 -3.608225e-15 -2.649270e-14
4.908315e-01 5.249996745271e+00 5.153731e+00 9.626593e-02 -4.884981e-15 -2.658984e-14
4.906820e-01 5.249996629172e+00 5.152161e+00 9.783597e-02 -3.663736e-15 -2.664535e-14
4.905101e-01 5.249996494712e+00 5.150356e+00 9.964095e-02 -2.775558e-15 -2.658984e-14
4.903157e-01 5.249996341093e+00 5.148314e+00 1.016819e-01 -3.219647e-15 -2.670086e-14
4.900987e-01 5.249996167610e+00 5.146036e+00 1.039602e-01 -4.551914e-15 -2.692291e-14
4.898589e-01 5.249995973654e+00 5.143519e+00 1.064774e-01 -4.440892e-15 -2.699924e-14
4.895962e-01 5.249995758725e+00 5.140760e+00 1.092354e-01 -5.551115e-15 -2.717271e-14
4.893104e-01 5.249995522432e+00 5.137759e+00 1.122364e-01 -3.663736e-15 -2.706863e-14
4.890012e-01 5.249995264505e+00 5.134512e+00 1.154830e-01 -4.163336e-15 -2.733230e-14
4.886683e-01 5.249994984793e+00 5.131017e+00 1.189778e-01 -4.551914e-15 -2.688127e-14
4.883115e-01 5.249994683271e+00 5.127271e+00 1.227240e-01 -3.108624e-15 -2.695760e-14
4.879304e-01 5.249994360039e+00 5.123269e+00 1.267250e-01 -3.996803e-15 -2.734618e-14
4.875247e-01 5.249994015327e+00 5.119010e+00 1.309845e-01 -6.328271e-15 -2.743986e-14
4.870940e-01 5.249993649490e+00 5.114487e+00 1.355065e-01 -3.885781e-15 -2.777466e-14
4.866379e-01 5.249993263009e+00 5.109698e+00 1.402953e-01 -5.107026e-15 -2.762721e-14
4.861559e-01 5.249992856485e+00 5.104637e+00 1.453554e-01 -4.274359e-15 -2.725684e-14
4.856477e-01 5.249992430638e+00 5.099301e+00 1.506918e-01 -3.441691e-15 -2.771134e-14
4.851126e-01 5.249991986298e+00 5.093682e+00 1.563096e-01 -5.273559e-15 -2.696801e-14
4.845502e-01 5.249991524396e+00 5.087778e+00 1.622140e-01 -5.162537e-15 -2.806089e-14
4.839600e-01 5.249991045960e+00 5.081580e+00 1.684107e-01 -5.773160e-15 -2.835926e-14
4.833414e-01 5.249990552098e+00 5.075085e+00 1.749055e-01 -3.996803e-15 -2.806436e-14
4.826939e-01 5.249990043993e+00 5.068286e+00 1.817043e-01 -5.218048e-15 -2.837314e-14
4.820168e-01 5.249989522884e+00 5.061176e+00 1.888135e-01 -3.719247e-15 -2.827599e-14
4.813095e-01 5.249988990059e+00 5.053750e+00 1.962393e-01 -2.442491e-15 -2.826211e-14
4.805715e-01 5.249988446835e+00 5.046000e+00 2.039881e-01 -5.218048e-15 -2.844947e-14
4.798020e-01 5.249987894545e+00 5.037921e+00 2.120666e-01 -3.164136e-15 -2.717965e-14
4.790006e-01 5.249987334524e+00 5.029506e+00 2.204815e-01 -3.219647e-15 -2.872702e-14
4.781664e-01 5.249986768093e+00 5.020747e+00 2.292396e-01 -3.497203e-15 -2.738088e-14
4.772989e-01 5.249986196540e+00 5.011639e+00 2.383476e-01 -2.886580e-15 -2.829681e-14
4.763975e-01 5.249985621115e+00 5.002173e+00 2.478123e-01 -3.996803e-15 -2.868539e-14
4.754614e-01 5.249985043006e+00 4.992344e+00 2.576408e-01 -2.886580e-15 -2.829681e-14
4.744900e-01 5.249984463333e+00 4.982145e+00 2.678397e-01 -3.441691e-15 -2.717271e-14
4.734827e-01 5.249983883138e+00 4.971568e+00 2.784160e-01 -3.497203e-15 -2.842171e-14
4.724388e-01 5.249983303371e+00 4.960607e+00 2.893764e-01 -3.774758e-15 -2.801925e-14
4.713576e-01 5.249982724890e+00 4.949255e+00 3.007277e-01 -5.495604e-15 -2.732536e-14
4.702386e-01 5.249982148456e+00 4.937506e+00 3.124764e-01 -3.774758e-15 -2.767231e-14
4.690812e-01 5.249981574731e+00 4.925352e+00 3.246292e-01 -5.162537e-15 -2.681189e-14
4.678846e-01 5.249981004286e+00 4.912788e+00 3.371926e-01 -4.551914e-15 -2.792211e-14
4.666483e-01 5.249980437603e+00 4.899808e+00 3.501728e-01 -4.551914e-15 -2.831069e-14
4.653718e-01 5.249979875093e+00 4.886404e+00 3.635763e-01 -4.440892e-15 -2.753353e-14
4.640543e-01 5.249979317107e+00 4.872570e+00 3.774090e-01 -5.329071e-15 -2.828293e-14
4.626954e-01 5.249978763960e+00 4.858302e+00 3.916770e-01 -4.496403e-15 -2.825518e-14
