5.000000e-01 5.250000000000e+00 5.250000e+00 0.000000e+00 -1.137979e-15 0.000000e+00
4.999830e-01 5.249999999241e+00 5.249821e+00 1.785494e-04 -1.221245e-15 -7.242471e-17
4.999320e-01 5.249999996967e+00 5.249286e+00 7.142005e-04 -2.720046e-15 -1.127570e-16
4.998470e-01 5.249999993184e+00 5.248393e+00 1.606962e-03 -2.414735e-15 -9.714451e-17
4.997279e-01 5.249999987904e+00 5.247143e+00 2.856850e-03 -2.914335e-15 -3.642919e-17
4.995749e-01 5.249999981143e+00 5.245536e+00 4.463884e-03 -2.137179e-15 -1.838807e-16
4.993878e-01 5.249999972922e+00 5.243572e+00 6.428092e-03 -1.887379e-15 -2.185752e-16
4.991667e-01 5.249999963265e+00 5.241250e+00 8.749503e-03 -1.498801e-15 -2.706169e-16
4.989116e-01 5.249999952204e+00 5.238572e+00 1.142816e-02 -9.159340e-16 4.510281e-17
4.986225e-01 5.249999939772e+00 5.235536e+00 1.446409e-02 -1.831868e-15 -3.122502e-16
4.982993e-01 5.249999926009e+00 5.232143e+00 1.785735e-02 -2.192690e-15 -5.551115e-17
4.979421e-01 5.249999910957e+00 5.228392e+00 2.160799e-02 -2.831069e-15 -3.122502e-16
4.975508e-01 5.249999894664e+00 5.224284e+00 2.571605e-02 -2.553513e-15 -3.885781e-16
4.971256e-01 5.249999877184e+00 5.219818e+00 3.018159e-02 -2.386980e-15 -5.204170e-16
4.966662e-01 5.249999858573e+00 5.214995e+00 3.500466e-02 -9.992007e-16 -1.457168e-16
4.961728e-01 5.249999838891e+00 5.209815e+00 4.018532e-02 -3.469447e-15 -2.567391e-16
4.956454e-01 5.249999818206e+00 5.204276e+00 4.572363e-02 -3.885781e-16 4.857226e-17
4.950838e-01 5.249999796586e+00 5.198380e+00 5.161963e-02 -2.386980e-15 -5.689893e-16
4.944882e-01 5.249999774106e+00 5.192126e+00 5.787337e-02 -1.748601e-15 8.326673e-17
4.938586e-01 5.249999750844e+00 5.185515e+00 6.448492e-02 -1.693090e-15 -6.383782e-16
4.931948e-01 5.249999726884e+00 5.178545e+00 7.145430e-02 -2.414735e-15 8.326673e-17
4.924970e-01 5.249999702310e+00 5.171218e+00 7.878156e-02 -6.383782e-16 -7.910339e-16
4.917650e-01 5.249999677216e+00 5.163533e+00 8.646672e-02 -1.082467e-15 -6.383782e-16
4.909990e-01 5.249999651695e+00 5.155490e+00 9.450981e-02 8.326673e-17 -4.440892e-16
4.901989e-01 5.249999625846e+00 5.147089e+00 1.029109e-01 -6.938894e-16 -3.053113e-16
4.893647e-01 5.249999599772e+00 5.138330e+00 1.116698e-01 -3.691492e-15 -2.914335e-16
4.884965e-01 5.249999573579e+00 5.129213e+00 1.207867e-01 -1.693090e-15 -3.053113e-16
4.875941e-01 5.249999547378e+00 5.119738e+00 1.302616e-01 -1.137979e-15 -1.276756e-15
4.866576e-01 5.249999521283e+00 5.109905e+00 1.400943e-01 -3.413936e-15 -1.262879e-15
4.856871e-01 5.249999495410e+00 5.099715e+00 1.502848e-01 -8.326673e-16 -6.106227e-16
4.846825e-01 5.249999469881e+00 5.089166e+00 1.608330e-01 -1.193490e-15 -1.207368e-15
4.836439e-01 5.249999444820e+00 5.078261e+00 1.717389e-01 -1.554312e-15 -8.187895e-16
4.825712e-01 5.249999420354e+00 5.066997e+00 1.830023e-01 -1.026956e-15 -1.096345e-15
4.814644e-01 5.249999396614e+00 5.055376e+00 1.946231e-01 -1.054712e-15 -2.775558e-16
4.803236e-01 5.249999373733e+00 5.043398e+00 2.066012e-01 -1.165734e-15 -7.216450e-16
4.791489e-01 5.249999351848e+00 5.031063e+00 2.189362e-01 3.053113e-16 -5.551115e-17
4.779401e-01 5.249999331098e+00 5.018371e+00 2.316280e-01 -3.330669e-16 -6.383782e-16
4.766974e-01 5.249999311625e+00 5.005323e+00 2.446764e-01 -6.383782e-16 1.332268e-15
4.754208e-01 5.249999293574e+00 4.991918e+00 2.580810e-01 -4.718448e-16 -1.221245e-15
4.741103e-01 5.249999277090e+00 4.978158e+00 2.718415e-01 0.000000e+00 -1.859624e-15
4.727659e-01 5.249999262322e+00 4.964042e+00 2.859576e-01 -4.718448e-16 -5.551115e-17
4.713877e-01 5.249999249422e+00 4.949570e+00 3.004288e-01 -1.665335e-15 -5.828671e-16
4.699757e-01 5.249999238542e+00 4.934745e+00 3.152547e-01 -1.942890e-16 6.106227e-16
4.685299e-01 5.249999229836e+00 4.919564e+00 3.304348e-01 -1.471046e-15 -1.249001e-15
4.670505e-01 5.249999223460e+00 4.904031e+00 3.459686e-01 -4.163336e-16 -2.775558e-17
4.655375e-01 5.249999219571e+00 4.888144e+00 3.618555e-01 -6.938894e-16 -1.554312e-15
4.639909e-01 5.249999218327e+00 4.871904e+00 3.780948e-01 -1.443290e-15 -3.330669e-16
4.624108e-01 5.249999219886e+00 4.855313e+00 3.946859e-01 8.326673e-16 -2.775558e-16
4.607973e-01 5.249999224410e+00 4.838371e+00 4.116281e-01 -1.249001e-15 -1.637579e-15
4.591504e-01 5.249999232058e+00 4.821079e+00 4.289204e-01 -1.360023e-15 -7.494005e-16
4.574702e-01 5.249999242989e+00 4.803437e+00 4.465620e-01 -2.220446e-16 1.387779e-16
4.557569e-01 5.249999257365e+00 4.785447e+00 4.645521e-01 -1.054712e-15 -2.053913e-15
4.540104e-01 5.249999275346e+00 4.767110e+00 4.828897e-01 -2.414735e-15 -3.608225e-16
4.522310e-01 5.249999297091e+00 4.748426e+00 5.015736e-01 -1.693090e-15 -4.163336e-16
4.504187e-01 5.249999322760e+00 4.729397e+00 5.206028e-01 -2.442491e-15 -2.886580e-15
4.485737e-01 5.249999352510e+00 4.710023e+00 5.399760e-01 -2.636780e-15 -1.554312e-15
4.466959e-01 5.249999386498e+00 4.690307e+00 5.596920e-01 -1.970646e-15 2.220446e-16
4.447857e-01 5.249999424879e+00 4.670250e+00 5.797495e-01 -7.771561e-16 -1.526557e-15
4.428431e-01 5.249999467807e+00 4.649852e+00 6.001471e-01 -1.054712e-15 3.053113e-16
4.408682e-01 5.249999515435e+00 4.629116e+00 6.208831e-01 -1.387779e-15 -1.165734e-15
4.388613e-01 5.249999567910e+00 4.608043e+00 6.419562e-01 -2.470246e-15 -2.386980e-15
4.368224e-01 5.249999625380e+00 4.586635e+00 6.633645e-01 -2.442491e-15 -2.303713e-15
4.347517e-01 5.249999687990e+00 4.564893e+00 6.851064e-01 -2.775558e-15 -6.383782e-16
4.326495e-01 5.249999755879e+00 4.542820e+00 7.071799e-01 -3.108624e-15 1.693090e-15
4.305159e-01 5.249999829186e+00 4.520417e+00 7.295833e-01 -1.720846e-15 -1.137979e-15
4.283510e-01 5.249999908044e+00 4.497686e+00 7.523144e-01 -2.248202e-15 -1.026956e-15
4.261551e-01 5.249999992585e+00 4.474629e+00 7.753711e-01 -2.414735e-15 -1.554312e-15
4.239285e-01 5.250000082933e+00 4.451249e+00 7.987514e-01 -3.552714e-15 -1.609823e-15
4.216712e-01 5.250000179211e+00 4.427547e+00 8.224527e-01 -1.637579e-15 -2.997602e-15
4.193836e-01 5.250000281535e+00 4.403527e+00 8.464728e-01 -1.304512e-15 -1.165734e-15
4.170658e-01 5.250000390017e+00 4.379191e+00 8.708092e-01 -1.526557e-15 -9.992007e-16
4.147182e-01 5.250000504765e+00 4.354541e+00 8.954592e-01 -2.026157e-15 -2.886580e-15
4.123410e-01 5.250000625878e+00 4.329581e+00 9.204201e-01 -2.137179e-15 -1.443290e-15
4.099344e-01 5.250000753453e+00 4.304312e+00 9.456892e-01 -2.081668e-15 -1.665335e-15
4.074988e-01 5.250000887580e+00 4.278737e+00 9.712635e-01 -9.992007e-16 -1.831868e-15
4.050344e-01 5.250001028341e+00 4.252861e+00 9.971400e-01 -1.720846e-15 6.106227e-16
4.025415e-01 5.250001175815e+00 4.226686e+00 1.023316e+00 -1.387779e-15 5.551115e-16
4.000204e-01 5.250001330070e+00 4.200214e+00 1.049787e+00 -1.443290e-15 2.775558e-16
3.974715e-01 5.250001491171e+00 4.173450e+00 1.076551e+00 -2.470246e-15 -1.165734e-15
3.948950e-01 5.250001659175e+00 4.146397e+00 1.103604e+00 -1.498801e-15 -9.992007e-16
3.922913e-01 5.250001834130e+00 4.119059e+00 1.130943e+00 -7.771561e-16 -3.164136e-15
3.896608e-01 5.250002016078e+00 4.091439e+00 1.158563e+00 -1.332268e-15 -5.551115e-17
3.870039e-01 5.250002205055e+00 4.063541e+00 1.186462e+00 -1.387779e-15 -9.992007e-16
3.843208e-01 5.250002401086e+00 4.035368e+00 1.214634e+00 -2.609024e-15 -2.109424e-15
3.816119e-01 5.250002604190e+00 4.006925e+00 1.243077e+00 -2.137179e-15 -1.110223e-16
3.788778e-01 5.250002814378e+00 3.978217e+00 1.271786e+00 -1.831868e-15 -5.551115e-15
3.761187e-01 5.250003031654e+00 3.949246e+00 1.300757e+00 -3.580469e-15 -2.775558e-15
3.733351e-01 5.250003256011e+00 3.920018e+00 1.329985e+00 -8.049117e-16 -3.219647e-15
3.705273e-01 5.250003487437e+00 3.890537e+00 1.359466e+00 -3.330669e-15 -3.608225e-15
3.676960e-01 5.250003725910e+00 3.860808e+00 1.389196e+00 -1.776357e-15 -3.608225e-15
3.648413e-01 5.250003971398e+00 3.830834e+00 1.419170e+00 -3.053113e-15 -1.720846e-15
3.619640e-01 5.250004223865e+00 3.800622e+00 1.449383e+00 -1.498801e-15 -4.829470e-15
3.590643e-01 5.250004483263e+00 3.770175e+00 1.479830e+00 -3.608225e-15 -3.441691e-15
3.561428e-01 5.250004749538e+00 3.739499e+00 1.510506e+00 -1.415534e-15 -3.219647e-15
3.531999e-01 5.250005022626e+00 3.708599e+00 1.541406e+00 -1.831868e-15 -2.997602e-15
3.502362e-01 5.250005302455e+00 3.677480e+00 1.572525e+00 -2.553513e-15 -4.440892e-15
3.472522e-01 5.250005588946e+00 3.646148e+00 1.603858e+00 -1.804112e-15 -3.552714e-15
3.442483e-01 5.250005882012e+00 3.614607e+00 1.635399e+00 -1.831868e-15 -3.330669e-15
3.412251e-01 5.250006181556e+00 3.582863e+00 1.667143e+00 -2.331468e-15 -5.218048e-15
3.381831e-01 5.250006487476e+00 3.550923e+00 1.699084e+00 -2.164935e-15 -1.165734e-15
3.351229e-01 5.250006799659e+00 3.518791e+00 1.731216e+00 -1.915135e-15 -3.053113e-15
3.320450e-01 5.250007117988e+00 3.486473e+00 1.763534e+00 -1.582068e-15 -4.385381e-15
3.289500e-01 5.250007442337e+00 3.453975e+00 1.796032e+00 -1.637579e-15 -3.108624e-15
3.258385e-01 5.250007772572e+00 3.421304e+00 1.828704e+00 -1.859624e-15 -2.053913e-15
3.227110e-01 5.250008108553e+00 3.388465e+00 1.861543e+00 -2.275957e-15 -3.996803e-15
3.195681e-01 5.250008450134e+00 3.355465e+00 1.894544e+00 -2.470246e-15 -5.717649e-15
3.164103e-01 5.250008797162e+00 3.322309e+00 1.927700e+00 -2.553513e-15 -6.550316e-15
3.132384e-01 5.250009149478e+00 3.289004e+00 1.961006e+00 -2.525757e-15 -4.496403e-15
3.100529e-01 5.250009506916e+00 3.255556e+00 1.994454e+00 -3.635980e-15 -4.773959e-15
3.068545e-01 5.250009869305e+00 3.221972e+00 2.028038e+00 -2.192690e-15 -3.219647e-15
3.036436e-01 5.250010236470e+00 3.188258e+00 2.061752e+00 -1.637579e-15 -1.887379e-15
3.004211e-01 5.250010608229e+00 3.154422e+00 2.095589e+00 -1.665335e-15 -2.498002e-15
2.971875e-01 5.250010984398e+00 3.120468e+00 2.129543e+00 -2.858824e-15 -4.718448e-15
2.939434e-01 5.250011364784e+00 3.086406e+00 2.163606e+00 -3.219647e-15 -5.218048e-15
2.906895e-01 5.250011749196e+00 3.052240e+00 2.197772e+00 -3.108624e-15 0.000000e+00
2.874265e-01 5.250012137434e+00 3.017978e+00 2.232034e+00 -2.720046e-15 -5.218048e-15
2.841550e-01 5.250012529298e+00 2.983627e+00 2.266386e+00 -3.524958e-15 -4.496403e-15
2.808756e-01 5.250012924584e+00 2.949194e+00 2.300819e+00 -1.665335e-15 -4.996004e-15
2.775891e-01 5.250013323086e+00 2.914686e+00 2.335328e+00 -5.273559e-16 -5.773160e-15
2.742961e-01 5.250013724595e+00 2.880109e+00 2.369905e+00 -2.553513e-15 -3.941292e-15
2.709973e-01 5.250014128899e+00 2.845471e+00 2.404543e+00 -2.747802e-15 -3.386180e-15
2.676933e-01 5.250014535789e+00 2.810780e+00 2.439235e+00 -2.498002e-15 -4.884981e-15
2.643849e-01 5.250014945050e+00 2.776041e+00 2.473973e+00 -2.386980e-15 -5.551115e-15
2.610727e-01 5.250015356468e+00 2.741264e+00 2.508752e+00 -1.554312e-15 -6.050715e-15
2.577574e-01 5.250015769830e+00 2.706453e+00 2.543563e+00 -3.913536e-15 -4.662937e-15
2.544398e-01 5.250016184922e+00 2.671618e+00 2.578399e+00 -2.720046e-15 -7.049916e-15
2.511204e-01 5.250016601530e+00 2.636764e+00 2.613252e+00 -2.803313e-15 -6.217249e-15
2.478000e-01 5.250017019442e+00 2.601900e+00 2.648117e+00 -2.942091e-15 -4.773959e-15
2.444793e-01 5.250017438444e+00 2.567033e+00 2.682985e+00 -1.915135e-15 -8.049117e-15
2.411590e-01 5.250017858328e+00 2.532169e+00 2.717849e+00 -2.331468e-15 -5.884182e-15
2.378397e-01 5.250018278885e+00 2.497317e+00 2.752702e+00 -2.525757e-15 -6.716849e-15
2.345222e-01 5.250018699908e+00 2.462483e+00 2.787536e+00 -3.635980e-15 -4.551914e-15
2.312072e-01 5.250019121193e+00 2.427675e+00 2.822344e+00 -3.941292e-15 -6.328271e-15
2.278953e-01 5.250019542539e+00 2.392900e+00 2.857119e+00 -3.191891e-15 -4.607426e-15
2.245873e-01 5.250019963748e+00 2.358166e+00 2.891854e+00 -3.108624e-15 -3.497203e-15
2.212838e-01 5.250020384625e+00 2.323480e+00 2.926541e+00 -2.192690e-15 -7.882583e-15
2.179855e-01 5.250020804978e+00 2.288848e+00 2.961173e+00 -2.969847e-15 -1.021405e-14
2.146932e-01 5.250021224621e+00 2.254279e+00 2.995742e+00 -2.525757e-15 -8.382184e-15
2.114075e-01 5.250021643369e+00 2.219779e+00 3.030243e+00 -2.109424e-15 -6.883383e-15
2.081292e-01 5.250022061044e+00 2.185356e+00 3.064666e+00 -2.720046e-15 -3.719247e-15
2.048588e-01 5.250022477470e+00 2.151017e+00 3.099005e+00 -3.108624e-15 -1.032507e-14
2.015971e-01 5.250022892479e+00 2.116769e+00 3.133254e+00 -3.719247e-15 -7.993606e-15
1.983447e-01 5.250023305905e+00 2.082619e+00 3.167404e+00 -3.830269e-15 -5.107026e-15
1.951024e-01 5.250023717588e+00 2.048575e+00 3.201449e+00 -2.386980e-15 -7.327472e-15
1.918708e-01 5.250024127374e+00 2.014643e+00 3.235381e+00 -2.886580e-15 -9.658940e-15
1.886506e-01 5.250024535114e+00 1.980831e+00 3.269194e+00 -2.997602e-15 -7.771561e-15
1.854424e-01 5.250024940663e+00 1.947145e+00 3.302880e+00 -2.858824e-15 -5.329071e-15
1.822469e-01 5.250025343884e+00 1.913592e+00 3.336433e+00 -3.441691e-15 -1.265654e-14
1.790648e-01 5.250025744644e+00 1.880180e+00 3.369846e+00 -3.663736e-15 -1.043610e-14
1.758967e-01 5.250026142817e+00 1.846915e+00 3.403111e+00 -3.441691e-15 -9.658940e-15
1.727433e-01 5.250026538281e+00 1.813804e+00 3.436222e+00 -2.664535e-15 -1.232348e-14
1.696051e-01 5.250026930923e+00 1.780854e+00 3.469173e+00 -3.885781e-15 -8.659740e-15
1.664830e-01 5.250027320632e+00 1.748071e+00 3.501956e+00 -3.275158e-15 -7.438494e-15
1.633774e-01 5.250027707307e+00 1.715463e+00 3.534565e+00 -2.858824e-15 -7.327472e-15
1.602891e-01 5.250028090849e+00 1.683035e+00 3.566993e+00 -3.025358e-15 -7.993606e-15
1.572186e-01 5.250028471169e+00 1.650795e+00 3.599233e+00 -2.525757e-15 -5.995204e-15
1.541666e-01 5.250028848180e+00 1.618749e+00 3.631280e+00 -2.747802e-15 -7.327472e-15
1.511336e-01 5.250029221804e+00 1.586903e+00 3.663126e+00 -3.025358e-15 -9.547918e-15
1.481203e-01 5.250029591966e+00 1.555263e+00 3.694766e+00 -2.414735e-15 -5.551115e-15
1.451273e-01 5.250029958600e+00 1.523837e+00 3.726193e+00 -3.608225e-15 -9.103829e-15
1.421552e-01 5.250030321643e+00 1.492630e+00 3.757400e+00 -3.191891e-15 -6.439294e-15
1.392046e-01 5.250030681040e+00 1.461649e+00 3.788382e+00 -2.955969e-15 -1.099121e-14
1.362761e-01 5.250031036738e+00 1.430899e+00 3.819132e+00 -3.191891e-15 -4.440892e-15
1.333701e-01 5.250031388693e+00 1.400386e+00 3.849645e+00 -2.886580e-15 -1.043610e-14
1.304874e-01 5.250031736865e+00 1.370118e+00 3.879914e+00 -2.803313e-15 -8.992806e-15
1.276285e-01 5.250032081219e+00 1.340099e+00 3.909933e+00 -3.358425e-15 -7.216450e-15
1.247939e-01 5.250032421724e+00 1.310336e+00 3.939697e+00 -2.858824e-15 -1.698641e-14
1.219842e-01 5.250032758356e+00 1.280834e+00 3.969199e+00 -2.789435e-15 -1.076916e-14
1.191999e-01 5.250033091094e+00 1.251599e+00 3.998434e+00 -3.330669e-15 -6.550316e-15
1.164416e-01 5.250033419923e+00 1.222637e+00 4.027397e+00 -2.442491e-15 -8.215650e-15
1.137098e-01 5.250033744832e+00 1.193953e+00 4.056081e+00 -2.928213e-15 -7.438494e-15
1.110050e-01 5.250034065813e+00 1.165553e+00 4.084481e+00 -2.511880e-15 -7.882583e-15
1.083278e-01 5.250034382863e+00 1.137442e+00 4.112592e+00 -3.455569e-15 -1.021405e-14
1.056787e-01 5.250034695984e+00 1.109627e+00 4.140408e+00 -2.692291e-15 -8.104628e-15
1.030582e-01 5.250035005179e+00 1.082111e+00 4.167924e+00 -2.706169e-15 -1.543210e-14
1.004667e-01 5.250035310457e+00 1.054901e+00 4.195135e+00 -1.998401e-15 -1.454392e-14
9.790488e-02 5.250035611830e+00 1.028001e+00 4.222034e+00 -2.553513e-15 -1.121325e-14
9.537309e-02 5.250035909312e+00 1.001417e+00 4.248619e+00 -2.775558e-15 -1.176836e-14
9.287185e-02 5.250036202920e+00 9.751544e-01 4.274882e+00 -2.525757e-15 -8.326673e-15
9.040165e-02 5.250036492676e+00 9.492173e-01 4.300819e+00 -2.720046e-15 -1.254552e-14
8.796295e-02 5.250036778601e+00 9.236109e-01 4.326426e+00 -2.595146e-15 -1.554312e-14
8.555621e-02 5.250037060721e+00 8.983402e-01 4.351697e+00 -3.247402e-15 -1.232348e-14
8.318191e-02 5.250037339064e+00 8.734100e-01 4.376627e+00 -3.219647e-15 -1.798561e-14
8.084048e-02 5.250037613660e+00 8.488250e-01 4.401213e+00 -2.234324e-15 -1.076916e-14
7.853238e-02 5.250037884539e+00 8.245900e-01 4.425448e+00 -1.734723e-15 -1.099121e-14
7.625804e-02 5.250038151735e+00 8.007094e-01 4.449329e+00 -3.094747e-15 -1.476597e-14
7.401790e-02 5.250038415283e+00 7.771880e-01 4.472850e+00 -2.012279e-15 -1.065814e-14
7.181240e-02 5.250038675219e+00 7.540302e-01 4.496009e+00 -2.470246e-15 -7.993606e-15
6.964194e-02 5.250038931581e+00 7.312403e-01 4.518799e+00 -3.164136e-15 -8.437695e-15
6.750695e-02 5.250039184407e+00 7.088229e-01 4.541216e+00 -3.136380e-15 -1.132427e-14
6.540783e-02 5.250039433738e+00 6.867823e-01 4.563257e+00 -2.997602e-15 -1.554312e-14
6.334501e-02 5.250039679614e+00 6.651226e-01 4.584917e+00 -2.914335e-15 -1.498801e-14
6.131886e-02 5.250039922077e+00 6.438480e-01 4.606192e+00 -3.011480e-15 -1.221245e-14
5.932979e-02 5.250040161169e+00 6.229628e-01 4.627077e+00 -2.498002e-15 -1.221245e-14
5.737819e-02 5.250040396935e+00 6.024710e-01 4.647569e+00 -3.011480e-15 -1.287859e-14
5.546445e-02 5.250040629417e+00 5.823767e-01 4.667664e+00 -2.803313e-15 -1.643130e-14
5.358892e-02 5.250040858661e+00 5.626837e-01 4.687357e+00 -2.928213e-15 -1.509903e-14
5.175201e-02 5.250041084711e+00 5.433961e-01 4.706645e+00 -3.053113e-15 -1.332268e-14
4.995406e-02 5.250041307614e+00 5.245176e-01 4.725524e+00 -2.997602e-15 -1.476597e-14
4.819544e-02 5.250041527415e+00 5.060521e-01 4.743989e+00 -2.747802e-15 -1.787459e-14
4.647651e-02 5.250041744161e+00 4.880034e-01 4.762038e+00 -3.039236e-15 -9.436896e-15
4.479763e-02 5.250041957899e+00 4.703751e-01 4.779667e+00 -2.955969e-15 -1.321165e-14
4.315913e-02 5.250042168676e+00 4.531709e-01 4.796871e+00 -2.817191e-15 -1.776357e-14
4.156137e-02 5.250042376540e+00 4.363944e-01 4.813648e+00 -3.233525e-15 -1.332268e-14
4.000468e-02 5.250042581537e+00 4.200491e-01 4.829993e+00 -3.080869e-15 -1.687539e-14
3.848939e-02 5.250042783717e+00 4.041386e-01 4.845904e+00 -3.261280e-15 -1.443290e-14
3.701584e-02 5.250042983126e+00 3.886663e-01 4.861377e+00 -2.761680e-15 -1.543210e-14
3.558435e-02 5.250043179811e+00 3.736356e-01 4.876408e+00 -2.858824e-15 -1.787459e-14
3.419523e-02 5.250043373819e+00 3.590499e-01 4.890993e+00 -2.928213e-15 -1.865175e-14
3.284881e-02 5.250043565196e+00 3.449125e-01 4.905131e+00 -3.164136e-15 -1.820766e-14
3.154540e-02 5.250043753986e+00 3.312267e-01 4.918817e+00 -3.295975e-15 -1.476597e-14
3.028530e-02 5.250043940233e+00 3.179956e-01 4.932048e+00 -3.413936e-15 -1.243450e-14
2.906881e-02 5.250044123978e+00 3.052225e-01 4.944822e+00 -3.261280e-15 -1.676437e-14
2.789624e-02 5.250044305261e+00 2.929105e-01 4.957134e+00 -2.900458e-15 -1.088019e-14
2.676788e-02 5.250044484118e+00 2.810627e-01 4.968982e+00 -3.420875e-15 -1.287859e-14
2.568401e-02 5.250044660583e+00 2.696821e-01 4.980363e+00 -3.330669e-15 -1.532108e-14
2.464494e-02 5.250044834683e+00 2.587719e-01 4.991273e+00 -3.122502e-15 -7.216450e-15
2.365093e-02 5.250045006444e+00 2.483348e-01 5.001710e+00 -2.838008e-15 -1.776357e-14
2.270228e-02 5.250045175883e+00 2.383739e-01 5.011671e+00 -3.094747e-15 -1.376677e-14
2.179925e-02 5.250045343015e+00 2.288921e-01 5.021153e+00 -2.990663e-15 -8.881784e-15
2.094211e-02 5.250045507842e+00 2.198922e-01 5.030153e+00 -2.935152e-15 -1.187939e-14
2.013114e-02 5.250045670363e+00 2.113770e-01 5.038669e+00 -3.032297e-15 -2.020606e-14
1.936659e-02 5.250045830565e+00 2.033492e-01 5.046697e+00 -2.886580e-15 -1.532108e-14
1.864873e-02 5.250045988424e+00 1.958117e-01 5.054234e+00 -2.969847e-15 -1.698641e-14
1.797782e-02 5.250046143906e+00 1.887671e-01 5.061279e+00 -3.164136e-15 -1.898481e-14
1.735410e-02 5.250046296963e+00 1.822180e-01 5.067828e+00 -2.962908e-15 -1.043610e-14
1.677782e-02 5.250046447536e+00 1.761671e-01 5.073879e+00 -3.198830e-15 -1.243450e-14
1.624922e-02 5.250046595548e+00 1.706168e-01 5.079430e+00 -3.039236e-15 -1.387779e-14
1.576855e-02 5.250046740906e+00 1.655698e-01 5.084477e+00 -2.983724e-15 -1.665335e-14
1.533605e-02 5.250046883503e+00 1.610285e-01 5.089018e+00 -3.129441e-15 -1.743050e-14
1.495193e-02 5.250047023210e+00 1.569953e-01 5.093052e+00 -2.990663e-15 -1.920686e-14
1.461643e-02 5.250047159880e+00 1.534725e-01 5.096575e+00 -2.914335e-15 -1.432188e-14
1.432977e-02 5.250047293347e+00 1.504626e-01 5.099585e+00 -2.803313e-15 -2.498002e-14
1.409216e-02 5.250047423422e+00 1.479677e-01 5.102080e+00 -2.851885e-15 -1.587619e-14
1.390382e-02 5.250047549896e+00 1.459901e-01 5.104057e+00 -3.032297e-15 -1.254552e-14
1.376494e-02 5.250047672538e+00 1.445319e-01 5.105516e+00 -2.893519e-15 -1.676437e-14
1.367573e-02 5.250047791092e+00 1.435951e-01 5.106453e+00 -2.910866e-15 -1.709743e-14
1.363637e-02 5.250047905282e+00 1.431819e-01 5.106866e+00 -2.879641e-15 -1.931788e-14
1.364705e-02 5.250048014807e+00 1.432941e-01 5.106754e+00 -2.886580e-15 -1.421085e-14
1.370795e-02 5.250048119346e+00 1.439335e-01 5.106115e+00 -2.838008e-15 -1.765255e-14
1.381924e-02 5.250048218553e+00 1.451020e-01 5.104946e+00 -2.848416e-15 -1.521006e-14
1.398107e-02 5.250048312062e+00 1.468013e-01 5.103247e+00 -2.890049e-15 -1.731948e-14
1.419360e-02 5.250048399487e+00 1.490329e-01 5.101016e+00 -2.865763e-15 -1.698641e-14
1.445697e-02 5.250048480422e+00 1.517982e-01 5.098250e+00 -2.702699e-15 -1.842970e-14
1.477131e-02 5.250048554445e+00 1.550988e-01 5.094950e+00 -2.959438e-15 -1.798561e-14
1.513675e-02 5.250048621116e+00 1.589358e-01 5.091113e+00 -2.844947e-15 -1.587619e-14
1.555338e-02 5.250048679981e+00 1.633105e-01 5.086738e+00 -2.690556e-15 -1.865175e-14
1.602131e-02 5.250048730577e+00 1.682237e-01 5.081825e+00 -2.785966e-15 -1.953993e-14
1.654062e-02 5.250048772430e+00 1.736765e-01 5.076372e+00 -2.607289e-15 -1.842970e-14
1.711138e-02 5.250048805059e+00 1.796694e-01 5.070379e+00 -2.664535e-15 -2.076117e-14
1.773364e-02 5.250048827981e+00 1.862033e-01 5.063846e+00 -2.773823e-15 -1.920686e-14
1.840746e-02 5.250048840714e+00 1.932783e-01 5.056771e+00 -2.813721e-15 -1.720846e-14
1.913285e-02 5.250048842776e+00 2.008949e-01 5.049154e+00 -2.792037e-15 -2.020606e-14
1.990982e-02 5.250048833694e+00 2.090531e-01 5.040996e+00 -2.874437e-15 -1.953993e-14
2.073837e-02 5.250048813006e+00 2.177529e-01 5.032296e+00 -2.832803e-15 -1.798561e-14
2.161846e-02 5.250048780262e+00 2.269938e-01 5.023055e+00 -2.869233e-15 -1.953993e-14
2.255006e-02 5.250048735030e+00 2.367756e-01 5.013273e+00 -2.855789e-15 -2.298162e-14
2.353309e-02 5.250048676900e+00 2.470975e-01 5.002951e+00 -2.816324e-15 -2.642331e-14
2.456748e-02 5.250048605487e+00 2.579585e-01 4.992090e+00 -2.699934e-15 -1.476597e-14
2.565312e-02 5.250048520433e+00 2.693578e-01 4.980691e+00 -2.784773e-15 -1.976197e-14
2.678989e-02 5.250048421413e+00 2.812938e-01 4.968755e+00 -2.591243e-15 -1.809664e-14
2.797763e-02 5.250048308136e+00 2.937651e-01 4.956283e+00 -2.554814e-15 -1.909584e-14
2.921619e-02 5.250048180349e+00 3.067700e-01 4.943278e+00 -2.776425e-15 -2.531308e-14
3.050536e-02 5.250048037840e+00 3.203063e-01 4.929742e+00 -2.792905e-15 -2.942091e-14
3.184495e-02 5.250047880438e+00 3.343720e-01 4.915676e+00 -2.502339e-15 -2.275957e-14
3.323471e-02 5.250047708019e+00 3.489644e-01 4.901083e+00 -2.681882e-15 -2.642331e-14
3.467437e-02 5.250047520502e+00 3.640809e-01 4.885967e+00 -2.827599e-15 -2.842171e-14
3.616368e-02 5.250047317856e+00 3.797186e-01 4.870329e+00 -2.773823e-15 -2.442491e-14
3.770230e-02 5.250047100098e+00 3.958742e-01 4.854173e+00 -2.688821e-15 -2.375877e-14
3.928993e-02 5.250046867292e+00 4.125443e-01 4.837503e+00 -2.605555e-15 -2.498002e-14
4.092620e-02 5.250046619550e+00 4.297251e-01 4.820321e+00 -2.643719e-15 -3.230749e-14
4.261075e-02 5.250046357034e+00 4.474129e-01 4.802633e+00 -2.654127e-15 -2.631229e-14
4.434318e-02 5.250046079948e+00 4.656033e-01 4.784443e+00 -2.907397e-15 -2.520206e-14
4.612306e-02 5.250045788546e+00 4.842921e-01 4.765754e+00 -2.678413e-15 -2.386980e-14
4.794996e-02 5.250045483122e+00 5.034746e-01 4.746571e+00 -2.567391e-15 -2.431388e-14
4.982342e-02 5.250045164009e+00 5.231459e-01 4.726899e+00 -2.931683e-15 -2.153833e-14
5.174294e-02 5.250044831581e+00 5.433009e-01 4.706744e+00 -2.685352e-15 -2.386980e-14
5.370804e-02 5.250044486245e+00 5.639344e-01 4.686110e+00 -2.671474e-15 -1.831868e-14
5.571818e-02 5.250044128437e+00 5.850409e-01 4.665003e+00 -2.369632e-15 -2.153833e-14
5.777282e-02 5.250043758623e+00 6.066146e-01 4.643429e+00 -2.615963e-15 -2.442491e-14
5.987140e-02 5.250043377291e+00 6.286497e-01 4.621394e+00 -2.938622e-15 -2.176037e-14
6.201334e-02 5.250042984949e+00 6.511401e-01 4.598903e+00 -2.622902e-15 -2.819966e-14
6.419804e-02 5.250042582120e+00 6.740795e-01 4.575963e+00 -2.539635e-15 -2.364775e-14
6.642490e-02 5.250042169336e+00 6.974614e-01 4.552581e+00 -2.504941e-15 -2.520206e-14
6.869327e-02 5.250041747136e+00 7.212793e-01 4.528762e+00 -1.960238e-15 -2.076117e-14
7.100252e-02 5.250041316064e+00 7.455264e-01 4.504515e+00 -1.887379e-15 -2.320366e-14
7.335199e-02 5.250040876659e+00 7.701959e-01 4.479845e+00 -1.457168e-15 -2.298162e-14
7.574100e-02 5.250040429456e+00 7.952805e-01 4.454760e+00 -2.345346e-15 -3.053113e-14
7.816888e-02 5.250039974979e+00 8.207732e-01 4.429267e+00 -2.393918e-15 -2.875478e-14
8.063493e-02 5.250039513741e+00 8.466667e-01 4.403373e+00 -2.511880e-15 -2.997602e-14
8.313844e-02 5.250039046238e+00 8.729536e-01 4.377085e+00 -1.894318e-15 -2.664535e-14
8.567869e-02 5.250038572949e+00 8.996262e-01 4.350412e+00 -2.400857e-15 -2.353673e-14
8.825496e-02 5.250038094331e+00 9.266771e-01 4.323361e+00 -1.700029e-15 -2.731149e-14
9.086651e-02 5.250037610817e+00 9.540984e-01 4.295939e+00 -2.151057e-15 -2.331468e-14
9.351261e-02 5.250037122818e+00 9.818824e-01 4.268155e+00 -2.199629e-15 -2.808864e-14
9.619249e-02 5.250036630717e+00 1.010021e+00 4.240016e+00 -2.574330e-15 -2.520206e-14
9.890539e-02 5.250036134874e+00 1.038507e+00 4.211530e+00 -2.151057e-15 -3.097522e-14
1.016506e-01 5.250035635618e+00 1.067331e+00 4.182705e+00 -2.484124e-15 -2.609024e-14
1.044272e-01 5.250035133257e+00 1.096486e+00 4.153549e+00 -2.567391e-15 -3.164136e-14
1.072346e-01 5.250034628068e+00 1.125963e+00 4.124071e+00 -2.102485e-15 -2.897682e-14
1.100719e-01 5.250034120306e+00 1.155755e+00 4.094279e+00 -2.102485e-15 -2.431388e-14
1.129383e-01 5.250033610201e+00 1.185852e+00 4.064181e+00 -2.643719e-15 -3.064216e-14
1.158331e-01 5.250033097962e+00 1.216248e+00 4.033785e+00 -2.442491e-15 -2.797762e-14
1.187555e-01 5.250032583774e+00 1.246932e+00 4.003100e+00 -3.524958e-15 -2.975398e-14
1.217045e-01 5.250032067807e+00 1.277898e+00 3.972134e+00 -2.067790e-15 -2.964295e-14
1.246796e-01 5.250031550211e+00 1.309136e+00 3.940896e+00 -3.386180e-15 -2.420286e-14
1.276797e-01 5.250031031124e+00 1.340637e+00 3.909394e+00 -2.900458e-15 -2.897682e-14
1.307042e-01 5.250030510670e+00 1.372394e+00 3.877636e+00 -2.955969e-15 -2.342571e-14
1.337522e-01 5.250029988963e+00 1.404398e+00 3.845632e+00 -2.498002e-15 -3.219647e-14
1.368229e-01 5.250029466109e+00 1.436640e+00 3.813389e+00 -2.817191e-15 -2.642331e-14
1.399154e-01 5.250028942208e+00 1.469112e+00 3.780917e+00 -2.595146e-15 -2.609024e-14
1.430290e-01 5.250028417357e+00 1.501805e+00 3.748224e+00 -2.178813e-15 -2.453593e-14
1.461628e-01 5.250027891650e+00 1.534710e+00 3.715318e+00 -1.887379e-15 -2.586820e-14
1.493160e-01 5.250027365183e+00 1.567818e+00 3.682210e+00 -2.511880e-15 -2.720046e-14
1.524877e-01 5.250026838051e+00 1.601121e+00 3.648906e+00 -2.567391e-15 -3.141931e-14
1.556771e-01 5.250026310353e+00 1.634610e+00 3.615416e+00 -2.053913e-15 -2.509104e-14
1.588834e-01 5.250025782192e+00 1.668276e+00 3.581750e+00 -3.164136e-15 -2.697842e-14
1.621058e-01 5.250025253677e+00 1.702110e+00 3.547915e+00 -2.040035e-15 -2.864375e-14
1.653433e-01 5.250024724922e+00 1.736105e+00 3.513920e+00 -1.554312e-15 -2.586820e-14
1.685952e-01 5.250024196048e+00 1.770249e+00 3.479775e+00 -1.998401e-15 -2.720046e-14
1.718605e-01 5.250023667181e+00 1.804536e+00 3.445488e+00 -1.582068e-15 -2.875478e-14
1.751386e-01 5.250023138456e+00 1.838955e+00 3.411068e+00 -1.956768e-15 -3.153033e-14
1.784284e-01 5.250022610016e+00 1.873499e+00 3.376524e+00 -1.762479e-15 -2.919887e-14
1.817293e-01 5.250022082008e+00 1.908157e+00 3.341865e+00 -2.622902e-15 -3.319567e-14
1.850402e-01 5.250021554590e+00 1.942922e+00 3.307100e+00 -2.248202e-15 -2.731149e-14
1.883604e-01 5.250021027922e+00 1.977784e+00 3.272237e+00 -2.636780e-15 -3.153033e-14
1.916890e-01 5.250020502174e+00 2.012735e+00 3.237286e+00 -2.567391e-15 -2.742251e-14
1.950252e-01 5.250019977520e+00 2.047765e+00 3.202255e+00 -3.247402e-15 -3.175238e-14
1.983681e-01 5.250019454142e+00 2.082865e+00 3.167154e+00 -2.095546e-15 -2.708944e-14
2.017169e-01 5.250018932225e+00 2.118028e+00 3.131991e+00 -3.483325e-15 -2.930989e-14
2.050708e-01 5.250018411959e+00 2.153243e+00 3.096775e+00 -2.539635e-15 -3.064216e-14
2.084288e-01 5.250017893542e+00 2.188502e+00 3.061516e+00 -2.720046e-15 -2.653433e-14
2.117902e-01 5.250017377173e+00 2.223797e+00 3.026221e+00 -2.886580e-15 -3.119727e-14
2.151540e-01 5.250016863059e+00 2.259117e+00 2.990899e+00 -3.011480e-15 -3.008704e-14
2.185196e-01 5.250016351409e+00 2.294456e+00 2.955561e+00 -1.679212e-15 -3.097522e-14
2.218860e-01 5.250015842439e+00 2.329803e+00 2.920213e+00 -2.331468e-15 -3.064216e-14
2.252524e-01 5.250015336370e+00 2.365150e+00 2.884865e+00 -1.748601e-15 -3.175238e-14
2.286180e-01 5.250014833427e+00 2.400489e+00 2.849526e+00 -3.233525e-15 -3.097522e-14
2.319819e-01 5.250014333843e+00 2.435810e+00 2.814204e+00 -1.582068e-15 -2.953193e-14
2.353434e-01 5.250013837858e+00 2.471106e+00 2.778908e+00 -2.858824e-15 -3.086420e-14
2.387017e-01 5.250013345717e+00 2.506368e+00 2.743646e+00 -9.992007e-16 -2.942091e-14
2.420558e-01 5.250012857675e+00 2.541586e+00 2.708427e+00 -3.552714e-15 -3.241851e-14
2.454051e-01 5.250012373994e+00 2.576753e+00 2.673259e+00 -2.400857e-15 -3.164136e-14
2.487487e-01 5.250011894948e+00 2.611861e+00 2.638151e+00 -2.525757e-15 -2.797762e-14
2.520858e-01 5.250011420817e+00 2.646901e+00 2.603110e+00 -2.303713e-15 -3.297362e-14
2.554157e-01 5.250010951895e+00 2.681865e+00 2.568146e+00 -2.275957e-15 -3.264056e-14
2.587376e-01 5.250010488486e+00 2.716745e+00 2.533265e+00 -2.262079e-15 -3.197442e-14
2.620507e-01 5.250010030904e+00 2.751533e+00 2.498477e+00 -2.289835e-15 -3.064216e-14
2.653543e-01 5.250009579477e+00 2.786220e+00 2.463789e+00 -2.511880e-15 -2.986500e-14
2.686476e-01 5.250009134544e+00 2.820800e+00 2.429209e+00 -3.719247e-15 -2.897682e-14
2.719299e-01 5.250008696455e+00 2.855264e+00 2.394745e+00 -3.733125e-15 -3.153033e-14
2.752004e-01 5.250008265574e+00 2.889604e+00 2.360404e+00 -1.693090e-15 -3.175238e-14
2.784585e-01 5.250007842273e+00 2.923814e+00 2.326193e+00 -2.595146e-15 -3.186340e-14
2.817034e-01 5.250007426937e+00 2.957886e+00 2.292121e+00 -2.012279e-15 -2.897682e-14
2.849345e-01 5.250007019959e+00 2.991812e+00 2.258195e+00 -4.093947e-15 -3.375078e-14
2.881510e-01 5.250006621742e+00 3.025586e+00 2.224421e+00 -3.469447e-15 -3.175238e-14
2.913524e-01 5.250006232694e+00 3.059200e+00 2.190806e+00 -1.498801e-15 -2.930989e-14
2.945379e-01 5.250005853229e+00 3.092648e+00 2.157358e+00 -3.982925e-15 -3.208545e-14
2.977069e-01 5.250005483765e+00 3.125923e+00 2.124083e+00 -2.664535e-15 -3.441691e-14
3.008589e-01 5.250005124721e+00 3.159018e+00 2.090987e+00 -3.580469e-15 -2.775558e-14
3.039931e-01 5.250004776513e+00 3.191927e+00 2.058077e+00 -2.914335e-15 -3.108624e-14
3.071090e-01 5.250004439556e+00 3.224645e+00 2.025360e+00 -3.858025e-15 -2.786660e-14
3.102061e-01 5.250004114256e+00 3.257164e+00 1.992840e+00 -2.331468e-15 -3.241851e-14
3.132838e-01 5.250003801010e+00 3.289480e+00 1.960524e+00 -3.191891e-15 -3.130829e-14
3.163415e-01 5.250003500203e+00 3.321586e+00 1.928418e+00 -2.053913e-15 -2.942091e-14
3.193788e-01 5.250003212202e+00 3.353477e+00 1.896526e+00 -1.582068e-15 -3.008704e-14
3.223951e-01 5.250002937357e+00 3.385148e+00 1.864855e+00 -2.720046e-15 -3.297362e-14
3.253900e-01 5.250002675995e+00 3.416595e+00 1.833408e+00 -2.609024e-15 -3.574918e-14
3.283630e-01 5.250002428414e+00 3.447811e+00 1.802191e+00 -2.275957e-15 -3.430589e-14
3.313137e-01 5.250002194887e+00 3.478794e+00 1.771208e+00 -2.886580e-15 -2.875478e-14
3.342417e-01 5.250001975651e+00 3.509538e+00 1.740464e+00 -4.163336e-15 -3.208545e-14
3.371465e-01 5.250001770907e+00 3.540039e+00 1.709963e+00 -3.136380e-15 -3.197442e-14
3.400279e-01 5.250001580818e+00 3.570293e+00 1.679708e+00 -2.470246e-15 -3.541611e-14
3.428855e-01 5.250001405504e+00 3.600298e+00 1.649704e+00 -1.804112e-15 -3.463896e-14
3.457189e-01 5.250001245041e+00 3.630049e+00 1.619952e+00 -1.915135e-15 -3.719247e-14
3.485279e-01 5.250001099457e+00 3.659543e+00 1.590458e+00 -1.665335e-15 -3.430589e-14
3.513122e-01 5.250000968729e+00 3.688778e+00 1.561223e+00 -2.053913e-15 -3.386180e-14
3.540715e-01 5.250000852783e+00 3.717750e+00 1.532250e+00 -1.193490e-15 -3.275158e-14
3.568056e-01 5.250000751491e+00 3.746458e+00 1.503542e+00 -1.249001e-15 -3.308465e-14
3.595142e-01 5.250000664672e+00 3.774899e+00 1.475101e+00 -2.359224e-15 -3.130829e-14
3.621973e-01 5.250000592085e+00 3.803072e+00 1.446929e+00 -3.358425e-15 -2.992051e-14
3.648546e-01 5.250000533436e+00 3.830973e+00 1.419027e+00 -9.992007e-16 -3.252953e-14
3.674860e-01 5.250000488371e+00 3.858603e+00 1.391398e+00 -4.496403e-15 -3.286260e-14
3.700913e-01 5.250000456480e+00 3.885959e+00 1.364042e+00 -3.275158e-15 -3.386180e-14
3.726705e-01 5.250000437298e+00 3.913040e+00 1.336960e+00 -1.748601e-15 -3.191891e-14
3.752235e-01 5.250000430301e+00 3.939846e+00 1.310154e+00 -2.969847e-15 -2.997602e-14
3.777501e-01 5.250000434914e+00 3.966376e+00 1.283624e+00 -2.220446e-15 -3.308465e-14
3.802504e-01 5.250000450506e+00 3.992630e+00 1.257371e+00 -2.969847e-15 -3.130829e-14
3.827244e-01 5.250000476397e+00 4.018606e+00 1.231394e+00 -3.025358e-15 -3.524958e-14
3.851719e-01 5.250000511858e+00 4.044305e+00 1.205695e+00 -3.330669e-15 -3.319567e-14
3.875931e-01 5.250000556116e+00 4.069727e+00 1.180274e+00 -2.442491e-15 -3.180789e-14
3.899878e-01 5.250000608352e+00 4.094872e+00 1.155129e+00 -2.609024e-15 -3.186340e-14
3.923562e-01 5.250000667712e+00 4.119740e+00 1.130261e+00 -3.830269e-15 -3.230749e-14
3.946982e-01 5.250000733302e+00 4.144331e+00 1.105670e+00 -2.275957e-15 -3.402834e-14
3.970139e-01 5.250000804201e+00 4.168646e+00 1.081355e+00 -4.107825e-15 -3.408385e-14
3.993034e-01 5.250000879458e+00 4.192686e+00 1.057315e+00 -4.329870e-15 -3.591571e-14
4.015667e-01 5.250000958100e+00 4.216450e+00 1.033551e+00 -3.941292e-15 -3.524958e-14
4.038038e-01 5.250001039136e+00 4.239940e+00 1.010061e+00 -4.329870e-15 -3.308465e-14
4.060150e-01 5.250001121561e+00 4.263157e+00 9.868441e-01 -3.858025e-15 -3.769207e-14
4.082001e-01 5.250001204364e+00 4.286101e+00 9.639006e-01 -4.024558e-15 -3.502754e-14
4.103592e-01 5.250001286529e+00 4.308772e+00 9.412292e-01 -2.498002e-15 -3.497203e-14
4.124926e-01 5.250001367043e+00 4.331172e+00 9.188294e-01 -4.468648e-15 -3.275158e-14
4.146001e-01 5.250001444899e+00 4.353301e+00 8.967003e-01 -4.302114e-15 -3.508305e-14
4.166819e-01 5.250001519105e+00 4.375160e+00 8.748414e-01 -5.329071e-15 -3.497203e-14
4.187381e-01 5.250001588686e+00 4.396750e+00 8.532519e-01 -5.023759e-15 -3.297362e-14
4.207686e-01 5.250001652690e+00 4.418070e+00 8.319314e-01 -3.025358e-15 -3.508305e-14
4.227736e-01 5.250001710197e+00 4.439122e+00 8.108794e-01 -3.219647e-15 -3.241851e-14
4.247530e-01 5.250001760319e+00 4.459906e+00 7.900955e-01 -5.023759e-15 -3.425038e-14
4.267069e-01 5.250001802208e+00 4.480422e+00 7.695794e-01 -3.691492e-15 -3.380629e-14
4.286353e-01 5.250001835063e+00 4.500671e+00 7.493310e-01 -3.136380e-15 -3.497203e-14
4.305382e-01 5.250001858131e+00 4.520652e+00 7.293503e-01 -3.830269e-15 -3.452794e-14
4.324157e-01 5.250001870717e+00 4.540364e+00 7.096374e-01 -2.026157e-15 -3.408385e-14
4.342676e-01 5.250001872186e+00 4.559809e+00 6.901925e-01 -3.802514e-15 -3.358425e-14
4.360939e-01 5.250001861967e+00 4.578986e+00 6.710162e-01 -3.358425e-15 -3.469447e-14
4.378946e-01 5.250001839561e+00 4.597893e+00 6.521090e-01 -3.774758e-15 -3.441691e-14
4.396695e-01 5.250001804544e+00 4.616530e+00 6.334716e-01 -3.164136e-15 -3.447242e-14
4.414187e-01 5.250001756569e+00 4.634897e+00 6.151051e-01 -2.386980e-15 -3.497203e-14
4.431420e-01 5.250001695376e+00 4.652991e+00 5.970106e-01 -1.776357e-15 -3.547163e-14
4.448393e-01 5.250001620788e+00 4.670812e+00 5.791894e-01 -2.692291e-15 -3.652634e-14
4.465103e-01 5.250001532720e+00 4.688359e+00 5.616430e-01 -2.248202e-15 -3.574918e-14
4.481551e-01 5.250001431181e+00 4.705628e+00 5.443732e-01 -2.164935e-15 -3.441691e-14
4.497733e-01 5.250001316275e+00 4.722620e+00 5.273818e-01 -1.942890e-15 -3.602674e-14
4.513648e-01 5.250001188203e+00 4.739330e+00 5.106709e-01 -1.970646e-15 -3.541611e-14
4.529294e-01 5.250001047267e+00 4.755758e+00 4.942428e-01 -3.524958e-15 -3.563816e-14
4.544668e-01 5.250000893869e+00 4.771901e+00 4.781000e-01 -4.080070e-15 -3.491651e-14
4.559767e-01 5.250000728511e+00 4.787756e+00 4.622450e-01 -2.470246e-15 -3.491651e-14
4.574590e-01 5.250000551795e+00 4.803320e+00 4.466806e-01 -2.359224e-15 -3.563816e-14
4.589134e-01 5.250000364423e+00 4.818591e+00 4.314098e-01 -5.606626e-15 -3.680389e-14
4.603395e-01 5.250000167192e+00 4.833565e+00 4.164355e-01 -2.720046e-15 -3.430589e-14
4.617370e-01 5.249999960992e+00 4.848239e+00 4.017610e-01 -2.747802e-15 -3.497203e-14
4.631057e-01 5.249999746805e+00 4.862610e+00 3.873896e-01 -3.635980e-15 -3.597123e-14
4.644452e-01 5.249999525695e+00 4.876675e+00 3.733245e-01 -2.692291e-15 -3.480549e-14
4.657552e-01 5.249999298805e+00 4.890430e+00 3.595694e-01 -5.412337e-15 -3.558265e-14
4.670354e-01 5.249999067351e+00 4.903871e+00 3.461277e-01 -3.552714e-15 -3.497203e-14
4.682853e-01 5.249998832610e+00 4.916996e+00 3.330029e-01 -4.718448e-15 -3.658185e-14
4.695048e-01 5.249998595914e+00 4.929800e+00 3.201986e-01 -5.023759e-15 -3.536060e-14
4.706933e-01 5.249998358640e+00 4.942280e+00 3.077184e-01 -4.163336e-15 -3.491651e-14
4.718507e-01 5.249998122195e+00 4.954432e+00 2.955658e-01 -4.968248e-15 -3.619327e-14
4.729765e-01 5.249997888010e+00 4.966254e+00 2.837443e-01 -2.026157e-15 -3.647083e-14
4.740705e-01 5.249997657520e+00 4.977740e+00 2.722573e-01 -3.386180e-15 -3.563816e-14
4.751323e-01 5.249997432155e+00 4.988889e+00 2.611081e-01 -3.802514e-15 -3.680389e-14
4.761616e-01 5.249997213324e+00 4.999697e+00 2.503000e-01 -4.718448e-15 -3.796963e-14
4.771582e-01 5.249997002400e+00 5.010161e+00 2.398360e-01 -2.498002e-15 -3.724798e-14
4.781217e-01 5.249996800702e+00 5.020278e+00 2.297191e-01 -3.663736e-15 -3.680389e-14
4.790519e-01 5.249996609481e+00 5.030045e+00 2.199518e-01 -3.858025e-15 -3.669287e-14
4.799485e-01 5.249996429904e+00 5.039460e+00 2.105369e-01 -2.997602e-15 -3.735900e-14
4.808114e-01 5.249996263038e+00 5.048520e+00 2.014765e-01 -2.220446e-15 -3.733125e-14
4.816403e-01 5.249996109831e+00 5.057223e+00 1.927728e-01 -4.163336e-15 -3.727574e-14
4.824351e-01 5.249995971099e+00 5.065568e+00 1.844277e-01 -5.884182e-15 -3.758105e-14
4.831956e-01 5.249995847508e+00 5.073553e+00 1.764425e-01 -5.634382e-15 -3.760880e-14
4.839216e-01 5.249995739562e+00 5.081177e+00 1.688188e-01 -3.996803e-15 -3.874678e-14
4.846132e-01 5.249995647591e+00 5.088438e+00 1.615574e-01 -3.053113e-15 -3.702594e-14
4.852701e-01 5.249995571733e+00 5.095336e+00 1.546591e-01 -4.163336e-15 -3.747003e-14
4.858925e-01 5.249995511927e+00 5.101871e+00 1.481244e-01 -4.163336e-15 -3.855249e-14
4.864802e-01 5.249995467902e+00 5.108042e+00 1.419534e-01 -5.218048e-15 -3.838596e-14
4.870333e-01 5.249995439173e+00 5.113849e+00 1.361460e-01 -3.330669e-15 -3.799738e-14
4.875518e-01 5.249995425027e+00 5.119294e+00 1.307018e-01 -3.885781e-15 -3.835821e-14
4.880357e-01 5.249995424529e+00 5.124375e+00 1.256201e-01 -2.942091e-15 -3.835821e-14
4.884853e-01 5.249995436515e+00 5.129095e+00 1.209002e-01 -4.107825e-15 -3.841372e-14
4.889004e-01 5.249995459593e+00 5.133455e+00 1.165408e-01 -3.164136e-15 -3.860801e-14
4.892814e-01 5.249995492148e+00 5.137455e+00 1.125406e-01 -3.275158e-15 -3.871903e-14
4.896283e-01 5.249995532349e+00 5.141098e+00 1.088980e-01 -3.941292e-15 -3.913536e-14
4.899413e-01 5.249995578156e+00 5.144384e+00 1.056115e-01 -2.831069e-15 -3.907985e-14
4.902206e-01 5.249995627332e+00 5.147316e+00 1.026792e-01 -2.664535e-15 -3.846923e-14
4.904663e-01 5.249995677458e+00 5.149896e+00 1.000993e-01 -4.052314e-15 -3.896883e-14
4.906787e-01 5.249995725949e+00 5.152126e+00 9.786973e-02 -2.609024e-15 -3.910761e-14
4.908578e-01 5.249995770075e+00 5.154007e+00 9.598864e-02 -3.885781e-15 -3.938516e-14
4.910040e-01 5.249995806981e+00 5.155542e+00 9.445409e-02 -3.941292e-15 -3.916312e-14
4.911173e-01 5.249995833712e+00 5.156732e+00 9.326424e-02 -4.274359e-15 -3.949618e-14
4.911980e-01 5.249995847241e+00 5.157578e+00 9.241736e-02 -6.494805e-15 -3.946843e-14
4.912461e-01 5.249995844499e+00 5.158084e+00 9.191188e-02 -4.996004e-15 -3.957945e-14
4.912618e-01 5.249995822400e+00 5.158249e+00 9.174645e-02 -4.940492e-15 -3.956557e-14
4.912453e-01 5.249995777880e+00 5.158076e+00 9.191997e-02 -5.273559e-15 -3.978762e-14
4.911966e-01 5.249995707924e+00 5.157564e+00 9.243165e-02 -7.105427e-15 -3.985701e-14
4.911157e-01 5.249995609607e+00 5.156715e+00 9.328104e-02 -3.774758e-15 -3.989864e-14
4.910026e-01 5.249995480120e+00 5.155527e+00 9.446808e-02 -4.996004e-15 -3.989864e-14
4.908573e-01 5.249995316813e+00 5.154002e+00 9.599315e-02 -4.884981e-15 -4.005130e-14
4.906798e-01 5.249995117222e+00 5.152138e+00 9.785709e-02 -6.106227e-15 -4.009293e-14
4.904699e-01 5.249994879107e+00 5.149934e+00 1.000613e-01 -5.329071e-15 -4.027334e-14
4.902273e-01 5.249994600481e+00 5.147387e+00 1.026076e-01 -4.163336e-15 -4.048151e-14
4.899520e-01 5.249994279640e+00 5.144496e+00 1.054985e-01 -4.218847e-15 -4.045375e-14
4.896435e-01 5.249993915190e+00 5.141257e+00 1.087370e-01 -4.773959e-15 -4.040518e-14
4.893016e-01 5.249993506071e+00 5.137667e+00 1.123269e-01 -4.607426e-15 -4.052314e-14
4.889258e-01 5.249993051576e+00 5.133721e+00 1.162724e-01 -5.495604e-15 -4.062028e-14
4.885156e-01 5.249992551367e+00 5.129414e+00 1.205785e-01 -4.052314e-15 -4.072437e-14
4.880706e-01 5.249992005487e+00 5.124741e+00 1.252508e-01 -4.662937e-15 -4.070355e-14
4.875901e-01 5.249991414366e+00 5.119696e+00 1.302954e-01 -5.162537e-15 -4.094294e-14
4.870735e-01 5.249990778819e+00 5.114272e+00 1.357192e-01 -5.440093e-15 -4.097590e-14
4.865200e-01 5.249990100042e+00 5.108460e+00 1.415297e-01 -4.329870e-15 -4.090131e-14
4.859290e-01 5.249989379598e+00 5.102254e+00 1.477349e-01 -6.050715e-15 -4.121183e-14
4.852995e-01 5.249988619403e+00 5.095645e+00 1.543435e-01 -3.774758e-15 -4.099499e-14
4.846308e-01 5.249987821695e+00 5.088623e+00 1.613645e-01 -4.607426e-15 -4.073131e-14
4.839218e-01 5.249986989009e+00 5.081179e+00 1.688076e-01 -5.551115e-15 -4.122744e-14
4.831717e-01 5.249986124137e+00 5.073303e+00 1.766830e-01 -4.440892e-15 -4.107131e-14
4.823794e-01 5.249985230087e+00 5.064984e+00 1.850011e-01 -3.885781e-15 -4.115458e-14
4.815440e-01 5.249984310035e+00 5.056212e+00 1.937728e-01 -5.495604e-15 -4.208439e-14
4.806642e-01 5.249983367275e+00 5.046974e+00 2.030093e-01 -4.329870e-15 -4.186929e-14
4.797391e-01 5.249982405164e+00 5.037260e+00 2.127221e-01 -3.941292e-15 -4.263256e-14
4.787675e-01 5.249981427070e+00 5.027059e+00 2.229228e-01 -3.552714e-15 -4.191092e-14
4.777483e-01 5.249980436312e+00 5.016357e+00 2.336231e-01 -4.996004e-15 -4.209133e-14
4.766804e-01 5.249979436106e+00 5.005144e+00 2.448351e-01 -4.940492e-15 -4.200806e-14
4.755626e-01 5.249978429517e+00 4.993408e+00 2.565707e-01 -4.996004e-15 -4.221623e-14
4.743939e-01 5.249977419407e+00 4.981136e+00 2.688417e-01 -4.052314e-15 -4.249379e-14
4.731730e-01 5.249976408403e+00 4.968316e+00 2.816602e-01 -5.384582e-15 -4.236889e-14
4.718988e-01 5.249975398859e+00 4.954938e+00 2.950378e-01 -3.663736e-15 -4.202194e-14
4.705703e-01 5.249974392838e+00 4.940988e+00 3.089863e-01 -4.107825e-15 -4.335421e-14
4.691863e-01 5.249973392111e+00 4.926456e+00 3.235172e-01 -3.774758e-15 -4.224399e-14
4.677458e-01 5.249972398158e+00 4.911331e+00 3.386417e-01 -3.663736e-15 -4.307665e-14
4.662476e-01 5.249971412198e+00 4.895600e+00 3.543711e-01 -4.274359e-15 -4.213296e-14
4.646909e-01 5.249970435229e+00 4.879254e+00 3.707161e-01 -3.219647e-15 -4.421463e-14
4.630745e-01 5.249969468095e+00 4.862282e+00 3.876873e-01 -5.773160e-15 -4.254930e-14
