5.000000e-01 5.250000000000e+00 5.250000e+00 0.000000e+00 -1.137979e-15 0.000000e+00
4.999813e-01 5.249999999087e+00 5.249804e+00 1.958664e-04 -5.828671e-16 -3.729655e-17
4.999254e-01 5.249999996350e+00 5.249217e+00 7.834691e-04 -2.470246e-15 -1.422473e-16
4.998321e-01 5.249999991799e+00 5.248237e+00 1.762819e-03 -2.720046e-15 -1.422473e-16
4.997015e-01 5.249999985449e+00 5.246866e+00 3.133934e-03 -1.665335e-15 -2.220446e-16
4.995336e-01 5.249999977321e+00 5.245103e+00 4.896840e-03 -1.054712e-15 -2.220446e-16
4.993284e-01 5.249999967443e+00 5.242948e+00 7.051567e-03 -1.193490e-15 -1.179612e-16
4.990859e-01 5.249999955848e+00 5.240402e+00 9.598153e-03 -2.359224e-15 -3.504141e-16
4.988060e-01 5.249999942575e+00 5.237463e+00 1.253664e-02 -1.304512e-15 -1.387779e-16
4.984888e-01 5.249999927669e+00 5.234133e+00 1.586708e-02 3.053113e-16 -1.665335e-16
4.981343e-01 5.249999911183e+00 5.230410e+00 1.958953e-02 -1.387779e-15 -3.191891e-16
4.977425e-01 5.249999893173e+00 5.226296e+00 2.370404e-02 -2.498002e-16 -7.216450e-16
4.973133e-01 5.249999873703e+00 5.221789e+00 2.821067e-02 -1.249001e-15 -5.342948e-16
4.968467e-01 5.249999852841e+00 5.216890e+00 3.310948e-02 -4.163336e-16 -3.122502e-16
4.963428e-01 5.249999830663e+00 5.211599e+00 3.840054e-02 -2.026157e-15 -6.522560e-16
4.958015e-01 5.249999807250e+00 5.205916e+00 4.408391e-02 -8.326673e-16 -2.289835e-16
4.952229e-01 5.249999782687e+00 5.199840e+00 5.015965e-02 7.771561e-16 -1.942890e-16
4.946069e-01 5.249999757067e+00 5.193372e+00 5.662782e-02 -1.554312e-15 -3.191891e-16
4.939535e-01 5.249999730487e+00 5.186511e+00 6.348847e-02 -2.775558e-15 -6.938894e-17
4.932627e-01 5.249999703052e+00 5.179258e+00 7.074167e-02 0.000000e+00 -5.967449e-16
4.925345e-01 5.249999674868e+00 5.171612e+00 7.838745e-02 -2.775558e-15 -1.221245e-15
4.917689e-01 5.249999646052e+00 5.163574e+00 8.642584e-02 0.000000e+00 -6.661338e-16
4.909660e-01 5.249999616722e+00 5.155143e+00 9.485688e-02 -1.387779e-15 -5.273559e-16
4.901256e-01 5.249999587002e+00 5.146319e+00 1.036806e-01 -2.664535e-15 -1.804112e-15
4.892479e-01 5.249999557023e+00 5.137103e+00 1.128969e-01 -5.828671e-16 -5.551115e-17
4.883327e-01 5.249999526919e+00 5.127494e+00 1.225059e-01 -2.470246e-15 6.938894e-17
4.873802e-01 5.249999496830e+00 5.117492e+00 1.325076e-01 -3.053113e-15 -5.967449e-16
4.863903e-01 5.249999466900e+00 5.107098e+00 1.429017e-01 -2.109424e-15 -1.457168e-15
4.853630e-01 5.249999437278e+00 5.096311e+00 1.536884e-01 -2.775558e-16 -1.124101e-15
4.842983e-01 5.249999408119e+00 5.085132e+00 1.648675e-01 -1.221245e-15 -1.068590e-15
4.831962e-01 5.249999379579e+00 5.073560e+00 1.764389e-01 -1.110223e-15 5.551115e-17
4.820569e-01 5.249999351821e+00 5.061597e+00 1.884024e-01 -2.775558e-17 -1.276756e-15
4.808801e-01 5.249999325012e+00 5.049241e+00 2.007579e-01 8.326673e-16 -3.330669e-16
4.796661e-01 5.249999299321e+00 5.036494e+00 2.135051e-01 -9.159340e-16 -1.720846e-15
4.784148e-01 5.249999274922e+00 5.023355e+00 2.266438e-01 -1.582068e-15 -8.326673e-16
4.771262e-01 5.249999251994e+00 5.009825e+00 2.401738e-01 8.326673e-17 -5.551115e-16
4.758004e-01 5.249999230715e+00 4.995905e+00 2.540946e-01 -9.159340e-16 -3.330669e-16
4.744374e-01 5.249999211272e+00 4.981593e+00 2.684060e-01 -9.159340e-16 -1.554312e-15
4.730373e-01 5.249999193849e+00 4.966892e+00 2.831076e-01 -1.332268e-15 0.000000e+00
4.716000e-01 5.249999178637e+00 4.951800e+00 2.981988e-01 -5.828671e-16 8.326673e-17
4.701257e-01 5.249999165827e+00 4.936320e+00 3.136792e-01 3.885781e-16 -9.159340e-16
4.686144e-01 5.249999155615e+00 4.920451e+00 3.295483e-01 -5.828671e-16 -1.942890e-16
4.670661e-01 5.249999148195e+00 4.904194e+00 3.458053e-01 -1.110223e-16 -7.771561e-16
4.654809e-01 5.249999143766e+00 4.887549e+00 3.624497e-01 -1.332268e-15 -2.942091e-15
4.638589e-01 5.249999142527e+00 4.870518e+00 3.794807e-01 7.216450e-16 -4.163336e-16
4.622002e-01 5.249999144679e+00 4.853102e+00 3.968975e-01 -1.748601e-15 -5.551115e-16
4.605048e-01 5.249999150422e+00 4.835300e+00 4.146992e-01 8.049117e-16 -2.053913e-15
4.587728e-01 5.249999159960e+00 4.817114e+00 4.328850e-01 -1.165734e-15 -6.661338e-16
4.570043e-01 5.249999173492e+00 4.798545e+00 4.514537e-01 -4.996004e-16 -1.554312e-15
4.551995e-01 5.249999191223e+00 4.779595e+00 4.704044e-01 8.604228e-16 3.885781e-16
4.533584e-01 5.249999213354e+00 4.760263e+00 4.897359e-01 5.828671e-16 -1.942890e-16
4.514812e-01 5.249999240085e+00 4.740552e+00 5.094469e-01 -9.992007e-16 -1.720846e-15
4.495679e-01 5.249999271616e+00 4.720463e+00 5.295361e-01 4.440892e-16 -2.331468e-15
4.476188e-01 5.249999308146e+00 4.699997e+00 5.500021e-01 3.330669e-16 -3.053113e-16
4.456339e-01 5.249999349873e+00 4.679156e+00 5.708434e-01 -5.273559e-16 4.163336e-16
4.436134e-01 5.249999396989e+00 4.657941e+00 5.920584e-01 9.714451e-16 -1.942890e-16
4.415575e-01 5.249999449689e+00 4.636354e+00 6.136454e-01 1.582068e-15 -1.137979e-15
4.394664e-01 5.249999508160e+00 4.614397e+00 6.356027e-01 1.776357e-15 -2.414735e-15
4.373401e-01 5.249999572589e+00 4.592071e+00 6.579284e-01 5.551115e-17 -1.026956e-15
4.351790e-01 5.249999643159e+00 4.569379e+00 6.806205e-01 -3.885781e-16 -1.360023e-15
4.329831e-01 5.249999720049e+00 4.546323e+00 7.036768e-01 1.443290e-15 -3.053113e-15
4.307528e-01 5.249999803432e+00 4.522905e+00 7.270953e-01 1.582068e-15 -6.106227e-16
4.284882e-01 5.249999893478e+00 4.499126e+00 7.508735e-01 1.471046e-15 -9.714451e-16
4.261896e-01 5.249999990352e+00 4.474991e+00 7.750092e-01 -1.110223e-16 -1.498801e-15
4.238572e-01 5.250000094213e+00 4.450500e+00 7.994997e-01 1.221245e-15 -2.942091e-15
4.214912e-01 5.250000205214e+00 4.425658e+00 8.243424e-01 5.551115e-16 -6.106227e-16
4.190920e-01 5.250000323501e+00 4.400466e+00 8.495345e-01 1.110223e-16 -2.442491e-15
4.166597e-01 5.250000449216e+00 4.374927e+00 8.750732e-01 -3.330669e-16 -2.109424e-15
4.141948e-01 5.250000582491e+00 4.349045e+00 9.009555e-01 7.216450e-16 -4.829470e-15
4.116974e-01 5.250000723453e+00 4.322823e+00 9.271782e-01 2.858824e-15 -2.553513e-15
4.091679e-01 5.250000872221e+00 4.296263e+00 9.537381e-01 2.442491e-15 -2.664535e-15
4.066066e-01 5.250001028906e+00 4.269369e+00 9.806318e-01 -6.106227e-16 -4.773959e-15
4.040139e-01 5.250001193609e+00 4.242145e+00 1.007856e+00 1.720846e-15 -7.049916e-15
4.013900e-01 5.250001366424e+00 4.214595e+00 1.035406e+00 9.159340e-16 -4.662937e-15
3.987354e-01 5.250001547438e+00 4.186722e+00 1.063280e+00 1.748601e-15 -3.275158e-15
3.960504e-01 5.250001736724e+00 4.158529e+00 1.091472e+00 1.942890e-16 -2.886580e-15
3.933354e-01 5.250001934351e+00 4.130022e+00 1.119980e+00 1.193490e-15 -9.992007e-16
3.905909e-01 5.250002140374e+00 4.101204e+00 1.148798e+00 4.996004e-16 -3.386180e-15
3.878171e-01 5.250002354841e+00 4.072079e+00 1.177923e+00 6.938894e-16 -1.054712e-15
3.850145e-01 5.250002577788e+00 4.042653e+00 1.207350e+00 6.938894e-16 -1.776357e-15
3.821837e-01 5.250002809242e+00 4.012929e+00 1.237074e+00 1.415534e-15 0.000000e+00
3.793249e-01 5.250003049219e+00 3.982912e+00 1.267091e+00 1.276756e-15 -2.164935e-15
3.764387e-01 5.250003297725e+00 3.952607e+00 1.297397e+00 1.221245e-15 -3.441691e-15
3.735256e-01 5.250003554754e+00 3.922019e+00 1.327985e+00 1.582068e-15 -9.436896e-16
3.705860e-01 5.250003820290e+00 3.891153e+00 1.358851e+00 1.776357e-15 -1.443290e-15
3.676204e-01 5.250004094307e+00 3.860014e+00 1.389990e+00 0.000000e+00 -8.881784e-16
3.646293e-01 5.250004376766e+00 3.828608e+00 1.421396e+00 -2.775558e-17 -1.443290e-15
3.616134e-01 5.250004667618e+00 3.796940e+00 1.453064e+00 -2.220446e-16 3.885781e-16
3.585730e-01 5.250004966804e+00 3.765016e+00 1.484989e+00 1.387779e-15 -8.881784e-16
3.555087e-01 5.250005274252e+00 3.732842e+00 1.517164e+00 1.665335e-16 -2.109424e-15
3.524212e-01 5.250005589881e+00 3.700422e+00 1.549583e+00 8.881784e-16 -6.106227e-16
3.493109e-01 5.250005913599e+00 3.667765e+00 1.582241e+00 2.109424e-15 -2.553513e-15
3.461785e-01 5.250006245302e+00 3.634874e+00 1.615132e+00 0.000000e+00 0.000000e+00
3.430245e-01 5.250006584876e+00 3.601758e+00 1.648249e+00 1.054712e-15 8.881784e-16
3.398496e-01 5.250006932197e+00 3.568421e+00 1.681586e+00 1.249001e-15 -5.551115e-16
3.366544e-01 5.250007287130e+00 3.534871e+00 1.715136e+00 8.604228e-16 -1.221245e-15
3.334394e-01 5.250007649530e+00 3.501114e+00 1.748893e+00 -8.881784e-16 4.440892e-16
3.302055e-01 5.250008019245e+00 3.467157e+00 1.782851e+00 4.440892e-16 -3.941292e-15
3.269530e-01 5.250008396108e+00 3.433007e+00 1.817001e+00 -6.106227e-16 -1.221245e-15
3.236829e-01 5.250008779948e+00 3.398670e+00 1.851338e+00 6.661338e-16 -4.718448e-15
3.203956e-01 5.250009170582e+00 3.364154e+00 1.885855e+00 8.881784e-16 -3.219647e-15
3.170920e-01 5.250009567820e+00 3.329466e+00 1.920544e+00 -1.360023e-15 -1.110223e-15
3.137726e-01 5.250009971463e+00 3.294613e+00 1.955397e+00 1.637579e-15 -3.941292e-15
3.104383e-01 5.250010381303e+00 3.259602e+00 1.990409e+00 2.220446e-16 -2.164935e-15
3.070896e-01 5.250010797127e+00 3.224441e+00 2.025570e+00 1.082467e-15 -3.053113e-15
3.037273e-01 5.250011218714e+00 3.189136e+00 2.060875e+00 7.494005e-16 -2.720046e-15
3.003521e-01 5.250011645835e+00 3.153697e+00 2.096315e+00 -7.494005e-16 -5.551115e-17
2.969648e-01 5.250012078257e+00 3.118130e+00 2.131882e+00 3.053113e-16 -1.110223e-15
2.935661e-01 5.250012515739e+00 3.082444e+00 2.167569e+00 1.804112e-15 -3.164136e-15
2.901567e-01 5.250012958037e+00 3.046645e+00 2.203368e+00 4.440892e-16 -3.552714e-15
2.867373e-01 5.250013404901e+00 3.010742e+00 2.239271e+00 1.110223e-15 -1.443290e-15
2.833089e-01 5.250013856077e+00 2.974743e+00 2.275271e+00 1.998401e-15 -3.719247e-15
2.798720e-01 5.250014311307e+00 2.938656e+00 2.311358e+00 1.859624e-15 -2.775558e-15
2.764275e-01 5.250014770330e+00 2.902489e+00 2.347526e+00 1.970646e-15 -8.881784e-16
2.729761e-01 5.250015232882e+00 2.866249e+00 2.383766e+00 5.551115e-16 -3.275158e-15
2.695187e-01 5.250015698697e+00 2.829946e+00 2.420070e+00 6.106227e-16 -4.996004e-16
2.660559e-01 5.250016167508e+00 2.793587e+00 2.456429e+00 1.637579e-15 -3.608225e-15
2.625886e-01 5.250016639045e+00 2.757181e+00 2.492836e+00 8.049117e-16 -1.554312e-15
2.591176e-01 5.250017113039e+00 2.720735e+00 2.529282e+00 9.992007e-16 -2.109424e-15
2.556437e-01 5.250017589220e+00 2.684259e+00 2.565759e+00 1.332268e-15 -3.830269e-15
2.521676e-01 5.250018067319e+00 2.647760e+00 2.602258e+00 -4.718448e-16 -1.110223e-15
2.486901e-01 5.250018547066e+00 2.611247e+00 2.638772e+00 7.216450e-16 -5.551115e-17
2.452121e-01 5.250019028196e+00 2.574728e+00 2.675291e+00 1.276756e-15 -1.998401e-15
2.417344e-01 5.250019510441e+00 2.538211e+00 2.711808e+00 1.582068e-15 2.109424e-15
2.382577e-01 5.250019993539e+00 2.501706e+00 2.748314e+00 1.165734e-15 1.887379e-15
2.347828e-01 5.250020477230e+00 2.465219e+00 2.784801e+00 4.440892e-16 -3.275158e-15
2.313106e-01 5.250020961255e+00 2.428761e+00 2.821260e+00 2.359224e-15 8.881784e-16
2.278418e-01 5.250021445361e+00 2.392339e+00 2.857683e+00 2.164935e-15 1.276756e-15
2.243772e-01 5.250021929298e+00 2.355961e+00 2.894061e+00 8.326673e-17 -2.220446e-16
2.209177e-01 5.250022412821e+00 2.319636e+00 2.930386e+00 1.276756e-15 9.436896e-16
2.174640e-01 5.250022895689e+00 2.283372e+00 2.966651e+00 1.526557e-15 2.609024e-15
2.140170e-01 5.250023377666e+00 2.247178e+00 3.002845e+00 7.771561e-16 7.216450e-16
2.105773e-01 5.250023858522e+00 2.211062e+00 3.038962e+00 8.049117e-16 -6.106227e-16
2.071459e-01 5.250024338033e+00 2.175032e+00 3.074992e+00 1.387779e-15 5.551115e-17
2.037235e-01 5.250024815979e+00 2.139096e+00 3.110928e+00 9.992007e-16 -1.332268e-15
2.003108e-01 5.250025292150e+00 2.103264e+00 3.146762e+00 1.249001e-15 -9.992007e-16
1.969087e-01 5.250025766340e+00 2.067541e+00 3.182484e+00 4.163336e-16 -2.886580e-15
1.935179e-01 5.250026238349e+00 2.031938e+00 3.218088e+00 1.221245e-15 2.442491e-15
1.901393e-01 5.250026707986e+00 1.996462e+00 3.253564e+00 1.526557e-15 1.887379e-15
1.867735e-01 5.250027175067e+00 1.961122e+00 3.288905e+00 -1.387779e-16 1.221245e-15
1.834214e-01 5.250027639414e+00 1.925924e+00 3.324103e+00 9.159340e-16 2.220446e-16
1.800836e-01 5.250028100858e+00 1.890878e+00 3.359150e+00 3.053113e-16 1.443290e-15
1.767610e-01 5.250028559237e+00 1.855991e+00 3.394038e+00 5.551115e-17 3.330669e-15
1.734543e-01 5.250029014395e+00 1.821270e+00 3.428759e+00 -5.551115e-17 3.885781e-15
1.701642e-01 5.250029466187e+00 1.786725e+00 3.463305e+00 6.661338e-16 -8.881784e-16
1.668916e-01 5.250029914474e+00 1.752361e+00 3.497668e+00 9.714451e-16 3.552714e-15
1.636370e-01 5.250030359124e+00 1.718188e+00 3.531842e+00 9.436896e-16 1.221245e-15
1.604013e-01 5.250030800015e+00 1.684213e+00 3.565818e+00 6.661338e-16 1.221245e-15
1.571851e-01 5.250031237031e+00 1.650443e+00 3.599588e+00 1.110223e-16 8.881784e-16
1.539891e-01 5.250031670065e+00 1.616886e+00 3.633146e+00 6.661338e-16 7.882583e-15
1.508142e-01 5.250032099017e+00 1.583549e+00 3.666483e+00 -1.387779e-16 2.109424e-15
1.476609e-01 5.250032523795e+00 1.550439e+00 3.699593e+00 4.163336e-16 6.550316e-15
1.445299e-01 5.250032944316e+00 1.517564e+00 3.732469e+00 3.330669e-16 8.992806e-15
1.414220e-01 5.250033360501e+00 1.484931e+00 3.765102e+00 9.714451e-16 9.436896e-15
1.383379e-01 5.250033772282e+00 1.452547e+00 3.797486e+00 4.579670e-16 4.884981e-15
1.352781e-01 5.250034179596e+00 1.420420e+00 3.829615e+00 6.383782e-16 3.330669e-15
1.322433e-01 5.250034582388e+00 1.388555e+00 3.861480e+00 1.346145e-15 3.330669e-15
1.292343e-01 5.250034980611e+00 1.356960e+00 3.893075e+00 2.775558e-16 1.554312e-15
1.262516e-01 5.250035374222e+00 1.325642e+00 3.924394e+00 2.775558e-17 3.774758e-15
1.232959e-01 5.250035763187e+00 1.294607e+00 3.955429e+00 2.498002e-16 3.885781e-15
1.203678e-01 5.250036147477e+00 1.263862e+00 3.986174e+00 4.579670e-16 4.107825e-15
1.174680e-01 5.250036527071e+00 1.233414e+00 4.016623e+00 5.689893e-16 9.325873e-15
1.145970e-01 5.250036901951e+00 1.203268e+00 4.046768e+00 2.081668e-16 6.439294e-15
1.117555e-01 5.250037272106e+00 1.173433e+00 4.076604e+00 7.494005e-16 8.881784e-16
1.089441e-01 5.250037637533e+00 1.143913e+00 4.106125e+00 -1.665335e-16 2.553513e-15
1.061633e-01 5.250037998229e+00 1.114715e+00 4.135323e+00 8.326673e-16 5.662137e-15
1.034138e-01 5.250038354201e+00 1.085845e+00 4.164193e+00 1.193490e-15 2.331468e-15
1.006962e-01 5.250038705458e+00 1.057310e+00 4.192729e+00 9.853229e-16 2.886580e-15
9.801091e-02 5.250039052014e+00 1.029115e+00 4.220924e+00 1.665335e-16 1.165734e-14
9.535862e-02 5.250039393886e+00 1.001266e+00 4.248774e+00 1.804112e-16 1.199041e-14
9.273985e-02 5.250039731098e+00 9.737684e-01 4.276271e+00 4.718448e-16 9.103829e-15
9.015515e-02 5.250040063674e+00 9.466290e-01 4.303411e+00 -2.775558e-17 7.438494e-15
8.760505e-02 5.250040391644e+00 9.198531e-01 4.330187e+00 2.775558e-16 4.440892e-15
8.509011e-02 5.250040715040e+00 8.934461e-01 4.356595e+00 4.440892e-16 4.996004e-15
8.261083e-02 5.250041033897e+00 8.674137e-01 4.382627e+00 1.804112e-15 1.199041e-14
8.016773e-02 5.250041348254e+00 8.417612e-01 4.408280e+00 5.967449e-16 7.216450e-15
7.776134e-02 5.250041658150e+00 8.164940e-01 4.433548e+00 4.579670e-16 9.992007e-16
7.539214e-02 5.250041963628e+00 7.916175e-01 4.458424e+00 3.191891e-16 1.110223e-16
7.306065e-02 5.250042264732e+00 7.671368e-01 4.482905e+00 1.526557e-16 2.442491e-15
7.076734e-02 5.250042561510e+00 7.430571e-01 4.506986e+00 8.187895e-16 2.664535e-15
6.851270e-02 5.250042854008e+00 7.193834e-01 4.530659e+00 5.273559e-16 1.554312e-15
6.629721e-02 5.250043142277e+00 6.961207e-01 4.553922e+00 1.443290e-15 2.997602e-15
6.412133e-02 5.250043426368e+00 6.732740e-01 4.576769e+00 6.522560e-16 6.883383e-15
6.198553e-02 5.250043706332e+00 6.508480e-01 4.599196e+00 6.938894e-16 6.328271e-15
5.989026e-02 5.250043982223e+00 6.288477e-01 4.621196e+00 6.522560e-16 5.884182e-15
5.783597e-02 5.250044254096e+00 6.072776e-01 4.642767e+00 5.273559e-16 8.881784e-16
5.582310e-02 5.250044522005e+00 5.861425e-01 4.663902e+00 3.469447e-16 4.440892e-15
5.385209e-02 5.250044786007e+00 5.654469e-01 4.684598e+00 2.914335e-16 8.326673e-15
5.192337e-02 5.250045046159e+00 5.451954e-01 4.704850e+00 9.714451e-17 2.220446e-15
5.003736e-02 5.250045302517e+00 5.253922e-01 4.724653e+00 3.053113e-16 3.219647e-15
4.819447e-02 5.250045555140e+00 5.060420e-01 4.744004e+00 4.163336e-16 7.105427e-15
4.639513e-02 5.250045804087e+00 4.871489e-01 4.762897e+00 2.636780e-16 2.553513e-15
4.463973e-02 5.250046049418e+00 4.687172e-01 4.781329e+00 7.216450e-16 7.660539e-15
4.292868e-02 5.250046291190e+00 4.507511e-01 4.799295e+00 3.053113e-16 4.662937e-15
4.126236e-02 5.250046529465e+00 4.332547e-01 4.816792e+00 1.942890e-16 0.000000e+00
3.964116e-02 5.250046764302e+00 4.162322e-01 4.833815e+00 8.326673e-16 4.551914e-15
3.806548e-02 5.250046995761e+00 3.996875e-01 4.850360e+00 3.885781e-16 3.330669e-15
3.653567e-02 5.250047223902e+00 3.836245e-01 4.866423e+00 5.273559e-16 2.886580e-15
3.505212e-02 5.250047448784e+00 3.680473e-01 4.882000e+00 6.106227e-16 6.772360e-15
3.361519e-02 5.250047670466e+00 3.529595e-01 4.897088e+00 5.134781e-16 3.219647e-15
3.222525e-02 5.250047889004e+00 3.383651e-01 4.911683e+00 1.942890e-16 2.775558e-15
3.088264e-02 5.250048104455e+00 3.242677e-01 4.925780e+00 4.440892e-16 6.772360e-15
2.958771e-02 5.250048316872e+00 3.106710e-01 4.939377e+00 4.649059e-16 0.000000e+00
2.834082e-02 5.250048526305e+00 2.975786e-01 4.952470e+00 5.065393e-16 4.107825e-15
2.714231e-02 5.250048732803e+00 2.849942e-01 4.965055e+00 5.273559e-16 4.440892e-15
2.599250e-02 5.250048936409e+00 2.729212e-01 4.977128e+00 4.649059e-16 2.220446e-15
2.489173e-02 5.250049137160e+00 2.613632e-01 4.988686e+00 6.314393e-16 6.328271e-15
2.384033e-02 5.250049335090e+00 2.503235e-01 4.999726e+00 3.747003e-16 4.884981e-15
2.283862e-02 5.250049530223e+00 2.398055e-01 5.010244e+00 5.967449e-16 5.329071e-15
2.188691e-02 5.250049722576e+00 2.298126e-01 5.020237e+00 3.747003e-16 4.884981e-15
2.098552e-02 5.250049912157e+00 2.203480e-01 5.029702e+00 5.412337e-16 1.332268e-15
2.013476e-02 5.250050098962e+00 2.114150e-01 5.038635e+00 7.285839e-16 1.887379e-15
1.933492e-02 5.250050282977e+00 2.030167e-01 5.047034e+00 5.967449e-16 7.105427e-15
1.858632e-02 5.250050464171e+00 1.951563e-01 5.054894e+00 6.591949e-16 4.551914e-15
1.788923e-02 5.250050642500e+00 1.878369e-01 5.062214e+00 7.424616e-16 4.773959e-15
1.724395e-02 5.250050817903e+00 1.810614e-01 5.068989e+00 7.840950e-16 5.773160e-15
1.665076e-02 5.250050990299e+00 1.748330e-01 5.075218e+00 6.245005e-16 5.884182e-15
1.610995e-02 5.250051159590e+00 1.691544e-01 5.080897e+00 4.649059e-16 1.099121e-14
1.562178e-02 5.250051325654e+00 1.640287e-01 5.086023e+00 6.245005e-16 6.772360e-15
1.518653e-02 5.250051488346e+00 1.594585e-01 5.090593e+00 5.412337e-16 2.109424e-15
1.480445e-02 5.250051647497e+00 1.554467e-01 5.094605e+00 6.938894e-16 7.660539e-15
1.447581e-02 5.250051802912e+00 1.519960e-01 5.098056e+00 5.898060e-16 6.217249e-15
1.420086e-02 5.250051954370e+00 1.491090e-01 5.100943e+00 6.730727e-16 8.437695e-15
1.397983e-02 5.250052101619e+00 1.467883e-01 5.103264e+00 7.181755e-16 5.218048e-15
1.381298e-02 5.250052244380e+00 1.450363e-01 5.105016e+00 7.771561e-16 4.773959e-15
1.370052e-02 5.250052382346e+00 1.438555e-01 5.106197e+00 7.216450e-16 2.220446e-15
1.364268e-02 5.250052515176e+00 1.432482e-01 5.106804e+00 7.285839e-16 5.773160e-15
1.363968e-02 5.250052642501e+00 1.432167e-01 5.106836e+00 7.598089e-16 -6.661338e-16
1.369172e-02 5.250052763924e+00 1.437631e-01 5.106290e+00 6.765422e-16 4.662937e-15
1.379900e-02 5.250052879015e+00 1.448895e-01 5.105163e+00 7.424616e-16 -9.992007e-16
1.396170e-02 5.250052987318e+00 1.465978e-01 5.103455e+00 7.216450e-16 1.665335e-15
1.417999e-02 5.250053088349e+00 1.488899e-01 5.101163e+00 8.118506e-16 3.774758e-15
1.445405e-02 5.250053181599e+00 1.517675e-01 5.098286e+00 7.077672e-16 3.885781e-15
1.478402e-02 5.250053266535e+00 1.552322e-01 5.094821e+00 6.834810e-16 8.770762e-15
1.517004e-02 5.250053342604e+00 1.592854e-01 5.090768e+00 6.869505e-16 4.440892e-16
1.561223e-02 5.250053409233e+00 1.639284e-01 5.086125e+00 5.950102e-16 7.660539e-15
1.611071e-02 5.250053465835e+00 1.691625e-01 5.080891e+00 6.297046e-16 1.998401e-15
1.666557e-02 5.250053511812e+00 1.749885e-01 5.075065e+00 5.950102e-16 9.769963e-15
1.727689e-02 5.250053546558e+00 1.814073e-01 5.068646e+00 6.539908e-16 2.553513e-15
1.794472e-02 5.250053569463e+00 1.884196e-01 5.061634e+00 7.788908e-16 1.165734e-14
1.866911e-02 5.250053579919e+00 1.960257e-01 5.054028e+00 7.563394e-16 1.065814e-14
1.945008e-02 5.250053577323e+00 2.042259e-01 5.045828e+00 7.641457e-16 8.326673e-15
2.028764e-02 5.250053561083e+00 2.130202e-01 5.037033e+00 8.586881e-16 1.110223e-14
2.118176e-02 5.250053530622e+00 2.224085e-01 5.027645e+00 8.586881e-16 2.997602e-15
2.213240e-02 5.250053485385e+00 2.323902e-01 5.017663e+00 6.548581e-16 4.884981e-15
2.313951e-02 5.250053424841e+00 2.429649e-01 5.007089e+00 7.771561e-16 6.772360e-15
2.420299e-02 5.250053348491e+00 2.541314e-01 4.995922e+00 1.047122e-15 3.441691e-15
2.532273e-02 5.250053255871e+00 2.658887e-01 4.984165e+00 1.026956e-15 5.329071e-15
2.649861e-02 5.250053146557e+00 2.782354e-01 4.971818e+00 8.823237e-16 -1.332268e-15
2.773044e-02 5.250053020171e+00 2.911696e-01 4.958883e+00 8.374378e-16 6.661338e-15
2.901806e-02 5.250052876382e+00 3.046896e-01 4.945363e+00 8.725659e-16 2.331468e-15
3.036124e-02 5.250052714914e+00 3.187930e-01 4.931260e+00 7.060325e-16 1.665335e-15
3.175974e-02 5.250052535544e+00 3.334773e-01 4.916575e+00 6.774095e-16 1.887379e-15
3.321330e-02 5.250052338110e+00 3.487396e-01 4.901313e+00 9.055257e-16 2.997602e-15
3.472161e-02 5.250052122510e+00 3.645770e-01 4.885475e+00 8.760354e-16 2.553513e-15
3.628437e-02 5.250051888704e+00 3.809858e-01 4.869066e+00 9.766493e-16 6.661338e-15
3.790120e-02 5.250051636716e+00 3.979626e-01 4.852089e+00 9.957313e-16 3.996803e-15
3.957173e-02 5.250051366634e+00 4.155032e-01 4.834548e+00 7.164408e-16 -7.771561e-16
4.129557e-02 5.250051078608e+00 4.336035e-01 4.816448e+00 5.707240e-16 -1.221245e-15
4.307226e-02 5.250050772854e+00 4.522587e-01 4.797792e+00 7.910339e-16 4.329870e-15
4.490135e-02 5.250050449645e+00 4.714642e-01 4.778586e+00 7.598089e-16 2.886580e-15
4.678236e-02 5.250050109314e+00 4.912147e-01 4.758835e+00 5.100087e-16 2.664535e-15
4.871475e-02 5.250049752250e+00 5.115049e-01 4.738545e+00 8.708312e-16 6.106227e-15
5.069801e-02 5.250049378894e+00 5.323291e-01 4.717720e+00 5.967449e-16 3.219647e-15
5.273155e-02 5.250048989734e+00 5.536813e-01 4.696368e+00 6.140921e-16 9.880985e-15
5.481479e-02 5.250048585302e+00 5.755553e-01 4.674493e+00 3.712308e-16 4.329870e-15
5.694712e-02 5.250048166170e+00 5.979448e-01 4.652103e+00 6.765422e-16 1.054712e-14
5.912790e-02 5.250047732940e+00 6.208429e-01 4.629205e+00 8.291978e-16 4.107825e-15
6.135647e-02 5.250047286243e+00 6.442429e-01 4.605804e+00 1.110223e-15 2.220446e-15
6.363214e-02 5.250046826733e+00 6.681375e-01 4.581909e+00 5.655199e-16 6.439294e-15
6.595423e-02 5.250046355079e+00 6.925195e-01 4.557527e+00 3.261280e-16 5.773160e-15
6.832202e-02 5.250045871958e+00 7.173812e-01 4.532665e+00 7.736867e-16 4.884981e-15
7.073476e-02 5.250045378054e+00 7.427150e-01 4.507330e+00 5.689893e-16 5.218048e-15
7.319170e-02 5.250044874048e+00 7.685129e-01 4.481532e+00 4.649059e-16 6.994405e-15
7.569208e-02 5.250044360615e+00 7.947668e-01 4.455278e+00 1.068590e-15 -3.330669e-16
7.823510e-02 5.250043838416e+00 8.214686e-01 4.428575e+00 5.134781e-16 2.664535e-15
8.081998e-02 5.250043308098e+00 8.486098e-01 4.401434e+00 1.026956e-15 4.884981e-15
8.344589e-02 5.250042770285e+00 8.761818e-01 4.373861e+00 8.673617e-16 3.441691e-15
8.611201e-02 5.250042225578e+00 9.041761e-01 4.345866e+00 1.006140e-15 4.551914e-15
8.881751e-02 5.250041674547e+00 9.325838e-01 4.317458e+00 9.783840e-16 5.884182e-15
9.156153e-02 5.250041117735e+00 9.613961e-01 4.288645e+00 1.269818e-15 6.661338e-15
9.434323e-02 5.250040555650e+00 9.906039e-01 4.259437e+00 8.257284e-16 6.439294e-15
9.716173e-02 5.250039988767e+00 1.020198e+00 4.229842e+00 1.748601e-15 2.775558e-15
1.000162e-01 5.250039417526e+00 1.050170e+00 4.199870e+00 6.453171e-16 3.441691e-15
1.029056e-01 5.250038842333e+00 1.080509e+00 4.169530e+00 1.137979e-15 2.220446e-16
1.058293e-01 5.250038263557e+00 1.111207e+00 4.138831e+00 1.332268e-15 2.442491e-15
1.087862e-01 5.250037681536e+00 1.142255e+00 4.107783e+00 1.339207e-15 6.550316e-15
1.117754e-01 5.250037096574e+00 1.173642e+00 4.076395e+00 1.255940e-15 6.217249e-15
1.147961e-01 5.250036508944e+00 1.205360e+00 4.044677e+00 9.089951e-16 1.221245e-15
1.178474e-01 5.250035918892e+00 1.237398e+00 4.012638e+00 1.845746e-15 2.553513e-15
1.209282e-01 5.250035326638e+00 1.269747e+00 3.980289e+00 1.547373e-15 8.548717e-15
1.240378e-01 5.250034732378e+00 1.302397e+00 3.947638e+00 1.665335e-15 6.439294e-15
1.271751e-01 5.250034136289e+00 1.335339e+00 3.914695e+00 1.242062e-15 7.438494e-15
1.303393e-01 5.250033538530e+00 1.368562e+00 3.881471e+00 1.380840e-15 3.663736e-15
1.335293e-01 5.250032939247e+00 1.402058e+00 3.847975e+00 1.582068e-15 3.219647e-15
1.367443e-01 5.250032338574e+00 1.435815e+00 3.814217e+00 1.124101e-15 7.438494e-15
1.399833e-01 5.250031736639e+00 1.469824e+00 3.780207e+00 1.457168e-15 5.884182e-15
1.432453e-01 5.250031133563e+00 1.504076e+00 3.745955e+00 1.165734e-15 8.437695e-15
1.465295e-01 5.250030529464e+00 1.538560e+00 3.711471e+00 1.484923e-15 4.662937e-15
1.498348e-01 5.250029924463e+00 1.573265e+00 3.676764e+00 1.415534e-15 8.104628e-15
1.531603e-01 5.250029318681e+00 1.608183e+00 3.641846e+00 1.276756e-15 4.884981e-15
1.565051e-01 5.250028712244e+00 1.643303e+00 3.606726e+00 1.235123e-15 4.107825e-15
1.598681e-01 5.250028105283e+00 1.678615e+00 3.571413e+00 1.679212e-15 3.663736e-15
1.632484e-01 5.250027497937e+00 1.714108e+00 3.535919e+00 1.484923e-15 7.771561e-15
1.666451e-01 5.250026890352e+00 1.749773e+00 3.500254e+00 1.540434e-15 6.661338e-15
1.700571e-01 5.250026282684e+00 1.785599e+00 3.464427e+00 7.771561e-16 3.552714e-15
1.734835e-01 5.250025675096e+00 1.821577e+00 3.428449e+00 1.443290e-15 3.108624e-15
1.769234e-01 5.250025067763e+00 1.857695e+00 3.392330e+00 1.415534e-15 9.214851e-15
1.803757e-01 5.250024460868e+00 1.893945e+00 3.356080e+00 5.134781e-16 7.660539e-15
1.838395e-01 5.250023854603e+00 1.930314e+00 3.319709e+00 0.000000e+00 1.265654e-14
1.873138e-01 5.250023249171e+00 1.966794e+00 3.283229e+00 1.207368e-15 7.993606e-15
1.907976e-01 5.250022644781e+00 2.003375e+00 3.246648e+00 9.020562e-16 7.660539e-15
1.942900e-01 5.250022041651e+00 2.040045e+00 3.209977e+00 1.401657e-15 6.439294e-15
1.977899e-01 5.250021440007e+00 2.076794e+00 3.173227e+00 1.137979e-15 3.108624e-15
2.012965e-01 5.250020840082e+00 2.113613e+00 3.136408e+00 7.494005e-16 1.043610e-14
2.048087e-01 5.250020242117e+00 2.150491e+00 3.099529e+00 1.151856e-15 8.215650e-15
2.083256e-01 5.250019646356e+00 2.187419e+00 3.062601e+00 1.679212e-15 1.276756e-14
2.118462e-01 5.250019053054e+00 2.224385e+00 3.025634e+00 1.873501e-15 7.549517e-15
2.153695e-01 5.250018462469e+00 2.261380e+00 2.988639e+00 7.632783e-16 5.773160e-15
2.188946e-01 5.250017874866e+00 2.298393e+00 2.951625e+00 5.551115e-16 5.107026e-15
2.224205e-01 5.250017290518e+00 2.335415e+00 2.914602e+00 6.245005e-16 5.884182e-15
2.259463e-01 5.250016709703e+00 2.372436e+00 2.877581e+00 1.804112e-16 1.076916e-14
2.294710e-01 5.250016132707e+00 2.409445e+00 2.840571e+00 8.743006e-16 1.132427e-14
2.329937e-01 5.250015559827e+00 2.446433e+00 2.803582e+00 1.054712e-15 1.376677e-14
2.365134e-01 5.250014991365e+00 2.483390e+00 2.766625e+00 6.938894e-17 7.882583e-15
2.400292e-01 5.250014427635e+00 2.520306e+00 2.729708e+00 1.429412e-15 1.010303e-14
2.435402e-01 5.250013868962e+00 2.557172e+00 2.692842e+00 7.077672e-16 1.043610e-14
2.470454e-01 5.250013315681e+00 2.593977e+00 2.656036e+00 1.471046e-15 1.032507e-14
2.505440e-01 5.250012768142e+00 2.630713e+00 2.619300e+00 1.068590e-15 7.882583e-15
2.540351e-01 5.250012226707e+00 2.667369e+00 2.582644e+00 -3.191891e-16 1.121325e-14
2.575177e-01 5.250011691753e+00 2.703936e+00 2.546075e+00 3.330669e-16 1.121325e-14
2.609910e-01 5.250011163671e+00 2.740406e+00 2.509605e+00 7.077672e-16 9.880985e-15
2.644541e-01 5.250010642869e+00 2.776769e+00 2.473242e+00 5.828671e-16 9.436896e-15
2.679062e-01 5.250010129768e+00 2.813015e+00 2.436995e+00 9.992007e-16 9.436896e-15
2.713464e-01 5.250009624808e+00 2.849137e+00 2.400873e+00 -2.914335e-16 1.121325e-14
2.747738e-01 5.250009128443e+00 2.885125e+00 2.364885e+00 2.484124e-15 1.376677e-14
2.781876e-01 5.250008641141e+00 2.920970e+00 2.329039e+00 4.857226e-16 1.332268e-14
2.815871e-01 5.250008163385e+00 2.956664e+00 2.293344e+00 2.081668e-15 1.254552e-14
2.849714e-01 5.250007695671e+00 2.992200e+00 2.257808e+00 1.110223e-15 8.215650e-15
2.883398e-01 5.250007238504e+00 3.027567e+00 2.222440e+00 2.234324e-15 1.365574e-14
2.916914e-01 5.250006792402e+00 3.062760e+00 2.187247e+00 3.469447e-16 1.054712e-14
2.950256e-01 5.250006357885e+00 3.097769e+00 2.152237e+00 1.970646e-15 1.032507e-14
2.983416e-01 5.250005935481e+00 3.132587e+00 2.117419e+00 1.859624e-15 1.088019e-14
3.016387e-01 5.250005525717e+00 3.167207e+00 2.082799e+00 1.915135e-15 7.216450e-15
3.049163e-01 5.250005129118e+00 3.201621e+00 2.048384e+00 1.387779e-15 1.065814e-14
3.081736e-01 5.250004746203e+00 3.235823e+00 2.014182e+00 2.803313e-15 1.110223e-14
3.114100e-01 5.250004377482e+00 3.269805e+00 1.980200e+00 1.942890e-15 1.332268e-14
3.146249e-01 5.250004023450e+00 3.303561e+00 1.946443e+00 2.914335e-15 8.437695e-15
3.178176e-01 5.250003684583e+00 3.337085e+00 1.912919e+00 0.000000e+00 7.993606e-15
3.209876e-01 5.250003361334e+00 3.370370e+00 1.879633e+00 1.970646e-15 1.021405e-14
3.241344e-01 5.250003054129e+00 3.403411e+00 1.846592e+00 1.498801e-15 1.032507e-14
3.272574e-01 5.250002763362e+00 3.436203e+00 1.813800e+00 1.360023e-15 8.992806e-15
3.303561e-01 5.250002489389e+00 3.468739e+00 1.781264e+00 2.442491e-15 8.659740e-15
3.334300e-01 5.250002232525e+00 3.501015e+00 1.748987e+00 7.494005e-16 1.210143e-14
3.364787e-01 5.250001993038e+00 3.533026e+00 1.716976e+00 1.859624e-15 1.210143e-14
3.395017e-01 5.250001771145e+00 3.564767e+00 1.685234e+00 3.413936e-15 1.054712e-14
3.424986e-01 5.250001567010e+00 3.596235e+00 1.653766e+00 3.552714e-15 1.165734e-14
3.454691e-01 5.250001380737e+00 3.627426e+00 1.622576e+00 1.110223e-16 9.214851e-15
3.484128e-01 5.250001212367e+00 3.658335e+00 1.591667e+00 1.165734e-15 8.326673e-15
3.513294e-01 5.250001061876e+00 3.688959e+00 1.561042e+00 2.664535e-15 1.088019e-14
3.542186e-01 5.250000929173e+00 3.719296e+00 1.530705e+00 2.164935e-15 9.214851e-15
3.570802e-01 5.250000814095e+00 3.749342e+00 1.500659e+00 2.053913e-15 8.104628e-15
3.599138e-01 5.250000716405e+00 3.779095e+00 1.470905e+00 2.803313e-15 1.043610e-14
3.627194e-01 5.250000635793e+00 3.808553e+00 1.441447e+00 2.581269e-15 1.132427e-14
3.654966e-01 5.250000571875e+00 3.837714e+00 1.412286e+00 1.720846e-15 8.271162e-15
3.682454e-01 5.250000524189e+00 3.866576e+00 1.383424e+00 2.997602e-15 1.371125e-14
3.709655e-01 5.250000492201e+00 3.895138e+00 1.354862e+00 2.747802e-15 8.382184e-15
3.736570e-01 5.250000475299e+00 3.923398e+00 1.326602e+00 2.026157e-15 7.494005e-15
3.763196e-01 5.250000472801e+00 3.951356e+00 1.298644e+00 8.049117e-16 7.494005e-15
3.789534e-01 5.250000483952e+00 3.979011e+00 1.270990e+00 3.580469e-15 1.115774e-14
3.815583e-01 5.250000507929e+00 4.006362e+00 1.243639e+00 2.275957e-15 1.054712e-14
3.841341e-01 5.250000543844e+00 4.033409e+00 1.216592e+00 3.330669e-15 1.104672e-14
3.866811e-01 5.250000590745e+00 4.060151e+00 1.189849e+00 1.859624e-15 1.043610e-14
3.891990e-01 5.250000647625e+00 4.086590e+00 1.163411e+00 1.776357e-15 8.937295e-15
3.916881e-01 5.250000713420e+00 4.112725e+00 1.137276e+00 8.604228e-16 9.992007e-15
3.941482e-01 5.250000787022e+00 4.138556e+00 1.111445e+00 1.859624e-15 9.880985e-15
3.965795e-01 5.250000867275e+00 4.164085e+00 1.085916e+00 2.414735e-15 9.936496e-15
3.989819e-01 5.250000952989e+00 4.189310e+00 1.060691e+00 1.665335e-15 9.492407e-15
4.013557e-01 5.250001042942e+00 4.214235e+00 1.035766e+00 3.302913e-15 1.026956e-14
4.037007e-01 5.250001135888e+00 4.238858e+00 1.011143e+00 1.720846e-15 1.099121e-14
4.060172e-01 5.250001230562e+00 4.263181e+00 9.868207e-01 1.776357e-15 9.381385e-15
4.083051e-01 5.250001325687e+00 4.287204e+00 9.627973e-01 1.276756e-15 1.054712e-14
4.105647e-01 5.250001419985e+00 4.310929e+00 9.390725e-01 1.693090e-15 1.043610e-14
4.127958e-01 5.250001512179e+00 4.334356e+00 9.156454e-01 8.881784e-16 1.149081e-14
4.149987e-01 5.250001601002e+00 4.357486e+00 8.925153e-01 1.859624e-15 1.249001e-14
4.171734e-01 5.250001685207e+00 4.380320e+00 8.696813e-01 6.938894e-16 1.015854e-14
4.193199e-01 5.250001763570e+00 4.402859e+00 8.471429e-01 6.106227e-16 1.182388e-14
4.214383e-01 5.250001834903e+00 4.425103e+00 8.248993e-01 1.387779e-15 1.021405e-14
4.235287e-01 5.250001898056e+00 4.447052e+00 8.029501e-01 8.326673e-17 1.221245e-14
4.255912e-01 5.250001951928e+00 4.468707e+00 7.812948e-01 2.359224e-15 9.714451e-15
4.276256e-01 5.250001995473e+00 4.490069e+00 7.599333e-01 1.887379e-15 9.492407e-15
4.296321e-01 5.250002027709e+00 4.511137e+00 7.388655e-01 3.996803e-15 8.826273e-15
4.316106e-01 5.250002047723e+00 4.531911e+00 7.180913e-01 1.026956e-15 1.060263e-14
4.335611e-01 5.250002054677e+00 4.552391e+00 6.976110e-01 2.192690e-15 1.004752e-14
4.354835e-01 5.250002047821e+00 4.572577e+00 6.774251e-01 1.998401e-15 7.938095e-15
4.373779e-01 5.250002026492e+00 4.592468e+00 6.575341e-01 2.609024e-15 1.043610e-14
4.392441e-01 5.250001990125e+00 4.612063e+00 6.379389e-01 2.331468e-15 9.103829e-15
4.410820e-01 5.250001938258e+00 4.631361e+00 6.186406e-01 2.303713e-15 1.004752e-14
4.428916e-01 5.250001870536e+00 4.650362e+00 5.996404e-01 2.192690e-15 9.492407e-15
4.446726e-01 5.250001786722e+00 4.669062e+00 5.809397e-01 2.664535e-15 9.270362e-15
4.464249e-01 5.250001686692e+00 4.687461e+00 5.625404e-01 1.082467e-15 1.004752e-14
4.481483e-01 5.250001570448e+00 4.705557e+00 5.444444e-01 3.691492e-15 9.825474e-15
4.498426e-01 5.250001438119e+00 4.723348e+00 5.266538e-01 2.636780e-15 9.936496e-15
4.515076e-01 5.250001289962e+00 4.740830e+00 5.091710e-01 -3.330669e-16 9.325873e-15
4.531431e-01 5.250001126365e+00 4.758002e+00 4.919987e-01 1.193490e-15 1.021405e-14
4.547487e-01 5.250000947848e+00 4.774861e+00 4.751397e-01 3.330669e-16 9.492407e-15
4.563242e-01 5.250000755066e+00 4.791404e+00 4.585970e-01 1.804112e-15 9.492407e-15
4.578692e-01 5.250000548804e+00 4.807627e+00 4.423738e-01 1.859624e-15 1.060263e-14
4.593835e-01 5.250000329977e+00 4.823527e+00 4.264736e-01 2.470246e-15 1.104672e-14
4.608667e-01 5.250000099626e+00 4.839100e+00 4.108998e-01 8.604228e-16 9.381385e-15
4.623184e-01 5.249999858914e+00 4.854344e+00 3.956562e-01 1.637579e-15 1.021405e-14
4.637384e-01 5.249999609121e+00 4.869253e+00 3.807466e-01 2.137179e-15 8.604228e-15
4.651261e-01 5.249999351634e+00 4.883824e+00 3.661750e-01 1.554312e-15 1.010303e-14
4.664813e-01 5.249999087939e+00 4.898054e+00 3.519452e-01 3.885781e-16 1.065814e-14
4.678036e-01 5.249998819612e+00 4.911937e+00 3.380615e-01 9.159340e-16 1.032507e-14
4.690925e-01 5.249998548305e+00 4.925471e+00 3.245278e-01 2.442491e-15 1.026956e-14
4.703476e-01 5.249998275733e+00 4.938650e+00 3.113483e-01 2.192690e-15 1.104672e-14
4.715687e-01 5.249998003661e+00 4.951471e+00 2.985271e-01 1.082467e-15 9.214851e-15
4.727552e-01 5.249997733884e+00 4.963930e+00 2.860681e-01 1.942890e-15 1.132427e-14
4.739069e-01 5.249997468211e+00 4.976022e+00 2.739754e-01 6.661338e-16 1.088019e-14
4.750233e-01 5.249997208448e+00 4.987745e+00 2.622527e-01 -2.220446e-16 1.121325e-14
4.761041e-01 5.249996956374e+00 4.999093e+00 2.509038e-01 1.887379e-15 1.137979e-14
4.771490e-01 5.249996713723e+00 5.010065e+00 2.399321e-01 2.831069e-15 1.060263e-14
4.781576e-01 5.249996482160e+00 5.020655e+00 2.293412e-01 2.831069e-15 1.004752e-14
4.791297e-01 5.249996263262e+00 5.030862e+00 2.191340e-01 2.720046e-15 1.112999e-14
4.800650e-01 5.249996058491e+00 5.040683e+00 2.093135e-01 1.720846e-15 1.085243e-14
4.809632e-01 5.249995869176e+00 5.050114e+00 1.998822e-01 2.331468e-15 1.210143e-14
4.818241e-01 5.249995696486e+00 5.059153e+00 1.908427e-01 2.914335e-15 1.137979e-14
4.826475e-01 5.249995541413e+00 5.067799e+00 1.821968e-01 2.609024e-15 1.162959e-14
4.834332e-01 5.249995404747e+00 5.076049e+00 1.739463e-01 1.609823e-15 1.049161e-14
4.841812e-01 5.249995287060e+00 5.083903e+00 1.660926e-01 1.831868e-15 1.090794e-14
4.848913e-01 5.249995188683e+00 5.091358e+00 1.586368e-01 2.609024e-15 1.157408e-14
4.855634e-01 5.249995109694e+00 5.098416e+00 1.515795e-01 1.887379e-15 1.168510e-14
4.861975e-01 5.249995049901e+00 5.105074e+00 1.449211e-01 1.887379e-15 1.160183e-14
4.867936e-01 5.249995008830e+00 5.111333e+00 1.386618e-01 2.109424e-15 1.135203e-14
4.873518e-01 5.249994985718e+00 5.117194e+00 1.328011e-01 3.719247e-15 1.137979e-14
4.878721e-01 5.249994979503e+00 5.122657e+00 1.273384e-01 2.053913e-15 1.157408e-14
4.883545e-01 5.249994988824e+00 5.127722e+00 1.222729e-01 9.436896e-16 1.210143e-14
4.887992e-01 5.249995012019e+00 5.132392e+00 1.176032e-01 6.106227e-16 1.157408e-14
4.892064e-01 5.249995047129e+00 5.136667e+00 1.133280e-01 2.553513e-15 1.149081e-14
4.895762e-01 5.249995091907e+00 5.140550e+00 1.094455e-01 1.332268e-15 1.154632e-14
4.899087e-01 5.249995143830e+00 5.144041e+00 1.059538e-01 1.609823e-15 1.168510e-14
4.902042e-01 5.249995200108e+00 5.147144e+00 1.028509e-01 3.053113e-15 1.168510e-14
4.904629e-01 5.249995257713e+00 5.149861e+00 1.001347e-01 1.998401e-15 1.160183e-14
4.906850e-01 5.249995313394e+00 5.152192e+00 9.780290e-02 1.665335e-15 1.176836e-14
4.908707e-01 5.249995363708e+00 5.154142e+00 9.585327e-02 2.553513e-15 1.179612e-14
4.910202e-01 5.249995405050e+00 5.155712e+00 9.428362e-02 1.776357e-15 1.190714e-14
4.911337e-01 5.249995433684e+00 5.156904e+00 9.309185e-02 3.774758e-15 1.168510e-14
4.912114e-01 5.249995445785e+00 5.157719e+00 9.227599e-02 1.498801e-15 1.175449e-14
4.912534e-01 5.249995437478e+00 5.158161e+00 9.183429e-02 2.331468e-15 1.197653e-14
4.912600e-01 5.249995404876e+00 5.158230e+00 9.176527e-02 4.274359e-15 1.193490e-14
4.912312e-01 5.249995344133e+00 5.157928e+00 9.206776e-02 1.221245e-15 1.203204e-14
4.911671e-01 5.249995251482e+00 5.157254e+00 9.274098e-02 1.831868e-15 1.201816e-14
4.910677e-01 5.249995123288e+00 5.156211e+00 9.378457e-02 2.275957e-15 1.211531e-14
4.909330e-01 5.249994956094e+00 5.154796e+00 9.519870e-02 2.442491e-15 1.208755e-14
4.907629e-01 5.249994746669e+00 5.153011e+00 9.698404e-02 1.887379e-15 1.225409e-14
4.905574e-01 5.249994492051e+00 5.150853e+00 9.914188e-02 3.719247e-15 1.239286e-14
4.903162e-01 5.249994189599e+00 5.148320e+00 1.016741e-01 2.997602e-15 1.237899e-14
4.900391e-01 5.249993837026e+00 5.145410e+00 1.045834e-01 4.329870e-15 1.226103e-14
4.897258e-01 5.249993432444e+00 5.142121e+00 1.078729e-01 3.719247e-15 1.237205e-14
4.893758e-01 5.249992974398e+00 5.138446e+00 1.115467e-01 2.609024e-15 1.232348e-14
4.889888e-01 5.249992461891e+00 5.134383e+00 1.156097e-01 2.942091e-15 1.239286e-14
4.885643e-01 5.249991894410e+00 5.129925e+00 1.200672e-01 1.665335e-15 1.244144e-14
4.881015e-01 5.249991271944e+00 5.125066e+00 1.249257e-01 2.331468e-15 1.256634e-14
4.875998e-01 5.249990594989e+00 5.119798e+00 1.301922e-01 2.109424e-15 1.247960e-14
4.870586e-01 5.249989864552e+00 5.114115e+00 1.358745e-01 2.386980e-15 1.243797e-14
4.864769e-01 5.249989082143e+00 5.108008e+00 1.419813e-01 2.609024e-15 1.282134e-14
4.858540e-01 5.249988249755e+00 5.101467e+00 1.485217e-01 2.831069e-15 1.245965e-14
4.851887e-01 5.249987369845e+00 5.094482e+00 1.555058e-01 2.664535e-15 1.208408e-14
4.844802e-01 5.249986445291e+00 5.087042e+00 1.629442e-01 1.776357e-15 1.289246e-14
4.837274e-01 5.249985479354e+00 5.079138e+00 1.708479e-01 2.220446e-15 1.275716e-14
4.829291e-01 5.249984475623e+00 5.070756e+00 1.792289e-01 2.831069e-15 1.337819e-14
4.820842e-01 5.249983437957e+00 5.061884e+00 1.880992e-01 4.052314e-15 1.225409e-14
4.811915e-01 5.249982370415e+00 5.052511e+00 1.974715e-01 2.053913e-15 1.285083e-14
4.802498e-01 5.249981277188e+00 5.042623e+00 2.073588e-01 2.498002e-15 1.174061e-14
4.792577e-01 5.249980162520e+00 5.032206e+00 2.177742e-01 1.609823e-15 1.346145e-14
4.782141e-01 5.249979030634e+00 5.021248e+00 2.287314e-01 1.942890e-15 1.267042e-14
4.771175e-01 5.249977885653e+00 5.009734e+00 2.402440e-01 2.386980e-15 1.325329e-14
4.759668e-01 5.249976731529e+00 4.997651e+00 2.523255e-01 7.216450e-16 1.253164e-14
4.747605e-01 5.249975571973e+00 4.984986e+00 2.649899e-01 1.165734e-15 1.426637e-14
4.734975e-01 5.249974410398e+00 4.971724e+00 2.782507e-01 2.109424e-15 1.222633e-14
4.721764e-01 5.249973249870e+00 4.957852e+00 2.921216e-01 2.886580e-15 1.298961e-14
4.707958e-01 5.249972093080e+00 4.943356e+00 3.066159e-01 2.109424e-15 1.371125e-14
4.693547e-01 5.249970942328e+00 4.928224e+00 3.217471e-01 1.887379e-15 1.335043e-14
4.678516e-01 5.249969799532e+00 4.912442e+00 3.375280e-01 2.997602e-15 1.179612e-14
4.662854e-01 5.249968666256e+00 4.895997e+00 3.539716e-01 2.331468e-15 1.484923e-14
4.646550e-01 5.249967543772e+00 4.878877e+00 3.710902e-01 4.163336e-15 1.218470e-14
4.629591e-01 5.249966433143e+00 4.861070e+00 3.888960e-01 2.331468e-15 1.210143e-14
