5.000000e-01 5.250000000000e+00 5.250000e+00 0.000000e+00 -1.137979e-15 0.000000e+00
4.999795e-01 5.249999998901e+00 5.249785e+00 2.148629e-04 -2.248202e-15 -4.423545e-17
4.999181e-01 5.249999995608e+00 5.249141e+00 8.594560e-04 -1.970646e-15 -6.591949e-17
4.998158e-01 5.249999990134e+00 5.248066e+00 1.933792e-03 -1.332268e-15 -1.838807e-16
4.996726e-01 5.249999982497e+00 5.246562e+00 3.437894e-03 -2.581269e-15 -2.463307e-16
4.994884e-01 5.249999972727e+00 5.244628e+00 5.371790e-03 -1.887379e-15 -1.387779e-17
4.992633e-01 5.249999960860e+00 5.242264e+00 7.735519e-03 -1.998401e-15 -3.816392e-16
4.989972e-01 5.249999946939e+00 5.239471e+00 1.052913e-02 -1.720846e-15 -2.983724e-16
4.986902e-01 5.249999931016e+00 5.236247e+00 1.375266e-02 -1.915135e-15 -1.804112e-16
4.983423e-01 5.249999913152e+00 5.232594e+00 1.740619e-02 -2.414735e-15 -3.191891e-16
4.979533e-01 5.249999893413e+00 5.228510e+00 2.148976e-02 -1.637579e-15 -7.494005e-16
4.975235e-01 5.249999871877e+00 5.223996e+00 2.600345e-02 -2.692291e-15 -6.938894e-16
4.970526e-01 5.249999848625e+00 5.219053e+00 3.094733e-02 -3.330669e-15 -6.314393e-16
4.965408e-01 5.249999823750e+00 5.213678e+00 3.632147e-02 -2.164935e-15 -4.371503e-16
4.959880e-01 5.249999797350e+00 5.207874e+00 4.212594e-02 -2.442491e-15 -1.318390e-16
4.953942e-01 5.249999769531e+00 5.201639e+00 4.836081e-02 -1.471046e-15 1.110223e-16
4.947594e-01 5.249999740407e+00 5.194974e+00 5.502616e-02 -1.637579e-15 -2.636780e-16
4.940836e-01 5.249999710100e+00 5.187878e+00 6.212205e-02 -1.970646e-15 -1.387779e-16
4.933668e-01 5.249999678737e+00 5.180351e+00 6.964853e-02 -1.915135e-15 -6.106227e-16
4.926090e-01 5.249999646455e+00 5.172394e+00 7.760566e-02 -1.942890e-15 -6.522560e-16
4.918101e-01 5.249999613398e+00 5.164006e+00 8.599349e-02 -2.720046e-15 -7.494005e-16
4.909702e-01 5.249999579714e+00 5.155188e+00 9.481204e-02 -1.831868e-15 -3.469447e-16
4.900894e-01 5.249999545561e+00 5.145938e+00 1.040613e-01 -3.247402e-15 -1.110223e-15
4.891674e-01 5.249999511102e+00 5.136258e+00 1.137414e-01 -7.494005e-16 -1.040834e-15
4.882045e-01 5.249999476508e+00 5.126147e+00 1.238521e-01 -2.498002e-15 -6.938894e-16
4.872006e-01 5.249999441956e+00 5.115606e+00 1.343936e-01 -2.331468e-15 -1.249001e-15
4.861556e-01 5.249999407627e+00 5.104634e+00 1.453657e-01 -9.714451e-16 -9.853229e-16
4.850696e-01 5.249999373712e+00 5.093231e+00 1.567683e-01 -1.887379e-15 -1.360023e-15
4.839427e-01 5.249999340406e+00 5.081398e+00 1.686013e-01 -1.526557e-15 -9.992007e-16
4.827747e-01 5.249999307909e+00 5.069135e+00 1.808647e-01 -2.470246e-15 -2.775558e-16
4.815658e-01 5.249999276427e+00 5.056441e+00 1.935581e-01 -1.970646e-15 -1.360023e-15
4.803160e-01 5.249999246172e+00 5.043318e+00 2.066814e-01 -2.720046e-15 -1.554312e-15
4.790252e-01 5.249999217360e+00 5.029765e+00 2.202343e-01 -2.997602e-15 -1.693090e-15
4.776936e-01 5.249999190213e+00 5.015783e+00 2.342166e-01 -2.914335e-15 -5.551115e-16
4.763211e-01 5.249999164957e+00 5.001371e+00 2.486279e-01 -2.137179e-15 -2.414735e-15
4.749078e-01 5.249999141822e+00 4.986531e+00 2.634677e-01 -1.859624e-15 -1.998401e-15
4.734537e-01 5.249999121042e+00 4.971263e+00 2.787357e-01 -2.747802e-15 -2.303713e-15
4.719588e-01 5.249999102855e+00 4.955568e+00 2.944313e-01 -1.720846e-15 -2.831069e-15
4.704233e-01 5.249999087501e+00 4.939445e+00 3.105539e-01 -2.081668e-15 -2.386980e-15
4.688472e-01 5.249999075226e+00 4.922896e+00 3.271030e-01 -1.720846e-15 -1.526557e-15
4.672306e-01 5.249999066275e+00 4.905921e+00 3.440779e-01 -2.386980e-15 -1.748601e-15
4.655735e-01 5.249999060898e+00 4.888521e+00 3.614777e-01 -2.303713e-15 -2.414735e-15
4.638759e-01 5.249999059347e+00 4.870697e+00 3.793017e-01 -9.436896e-16 -1.387779e-15
4.621381e-01 5.249999061873e+00 4.852450e+00 3.975489e-01 -1.415534e-15 -2.442491e-15
4.603601e-01 5.249999068730e+00 4.833781e+00 4.162184e-01 -2.386980e-15 -1.693090e-15
4.585419e-01 5.249999080173e+00 4.814690e+00 4.353090e-01 -1.831868e-15 -3.191891e-15
4.566838e-01 5.249999096456e+00 4.795179e+00 4.548196e-01 -2.914335e-15 -2.275957e-15
4.547857e-01 5.249999117835e+00 4.775250e+00 4.747490e-01 -9.714451e-16 -1.887379e-15
4.528479e-01 5.249999144562e+00 4.754903e+00 4.950958e-01 -2.498002e-15 -1.831868e-15
4.508705e-01 5.249999176892e+00 4.734141e+00 5.158585e-01 -4.246603e-15 -1.471046e-15
4.488537e-01 5.249999215076e+00 4.712964e+00 5.370357e-01 -3.275158e-15 -2.275957e-15
4.467975e-01 5.249999259363e+00 4.691374e+00 5.586256e-01 -2.498002e-16 -4.163336e-15
4.447022e-01 5.249999310000e+00 4.669373e+00 5.806264e-01 -4.551914e-15 -2.220446e-15
4.425679e-01 5.249999367232e+00 4.646963e+00 6.030364e-01 -2.942091e-15 -5.634382e-15
4.403948e-01 5.249999431298e+00 4.624146e+00 6.258536e-01 -2.248202e-15 -3.275158e-15
4.381832e-01 5.249999502436e+00 4.600924e+00 6.490757e-01 -2.969847e-15 -3.580469e-15
4.359332e-01 5.249999580877e+00 4.577299e+00 6.727006e-01 -1.720846e-15 -3.330669e-15
4.336451e-01 5.249999666849e+00 4.553274e+00 6.967260e-01 -2.914335e-15 -4.468648e-15
4.313191e-01 5.249999760572e+00 4.528850e+00 7.211493e-01 -1.415534e-15 -2.858824e-15
4.289554e-01 5.249999862263e+00 4.504032e+00 7.459680e-01 -3.164136e-15 -3.219647e-15
4.265544e-01 5.249999972130e+00 4.478821e+00 7.711793e-01 -1.804112e-15 -2.442491e-15
4.241162e-01 5.250000090375e+00 4.453220e+00 7.967803e-01 -2.248202e-15 -5.384582e-15
4.216412e-01 5.250000217192e+00 4.427232e+00 8.227680e-01 -2.664535e-15 -5.218048e-15
4.191296e-01 5.250000352767e+00 4.400861e+00 8.491392e-01 -2.803313e-15 -2.331468e-15
4.165819e-01 5.250000497277e+00 4.374110e+00 8.758906e-01 -3.053113e-15 -3.108624e-15
4.139983e-01 5.250000650891e+00 4.346982e+00 9.030188e-01 -2.220446e-15 -5.884182e-15
4.113791e-01 5.250000813766e+00 4.319481e+00 9.305202e-01 -1.804112e-15 -3.330669e-15
4.087248e-01 5.250000986052e+00 4.291610e+00 9.583910e-01 -2.692291e-15 -5.273559e-15
4.060356e-01 5.250001167886e+00 4.263374e+00 9.866274e-01 -3.969047e-15 -2.386980e-15
4.033120e-01 5.250001359396e+00 4.234776e+00 1.015225e+00 -3.580469e-15 -2.886580e-15
4.005544e-01 5.250001560697e+00 4.205821e+00 1.044180e+00 -3.247402e-15 -1.110223e-15
3.977632e-01 5.250001771892e+00 4.176514e+00 1.073488e+00 -3.413936e-15 -3.608225e-15
3.949388e-01 5.250001993074e+00 4.146858e+00 1.103144e+00 -2.470246e-15 -4.662937e-15
3.920817e-01 5.250002224321e+00 4.116858e+00 1.133144e+00 -3.025358e-15 -5.606626e-15
3.891923e-01 5.250002465700e+00 4.086520e+00 1.163483e+00 -2.553513e-15 -1.776357e-15
3.862712e-01 5.250002717264e+00 4.055847e+00 1.194155e+00 -2.220446e-15 -5.440093e-15
3.833187e-01 5.250002979052e+00 4.024847e+00 1.225156e+00 -1.221245e-15 -3.830269e-15
3.803355e-01 5.250003251090e+00 3.993522e+00 1.256481e+00 -2.275957e-15 -6.938894e-15
3.773220e-01 5.250003533390e+00 3.961880e+00 1.288123e+00 -3.691492e-15 -4.274359e-15
3.742787e-01 5.250003825950e+00 3.929926e+00 1.320077e+00 -2.442491e-15 -4.329870e-15
3.712063e-01 5.250004128754e+00 3.897666e+00 1.352338e+00 -3.191891e-15 -7.216450e-15
3.681053e-01 5.250004441771e+00 3.865105e+00 1.384899e+00 -2.414735e-15 -5.495604e-15
3.649762e-01 5.250004764955e+00 3.832250e+00 1.417755e+00 -2.026157e-15 -2.664535e-15
3.618197e-01 5.250005098247e+00 3.799107e+00 1.450898e+00 -4.440892e-15 -5.107026e-15
3.586364e-01 5.250005441573e+00 3.765683e+00 1.484323e+00 -3.747003e-15 -3.608225e-15
3.554270e-01 5.250005794844e+00 3.731983e+00 1.518023e+00 -2.692291e-15 -2.609024e-15
3.521919e-01 5.250006157956e+00 3.698015e+00 1.551991e+00 -2.747802e-15 -7.382983e-15
3.489320e-01 5.250006530793e+00 3.663786e+00 1.586220e+00 -1.415534e-15 -3.774758e-15
3.456479e-01 5.250006913223e+00 3.629303e+00 1.620704e+00 -3.969047e-15 -2.498002e-15
3.423403e-01 5.250007305101e+00 3.594573e+00 1.655434e+00 -2.997602e-15 -4.662937e-15
3.390098e-01 5.250007706267e+00 3.559603e+00 1.690405e+00 -2.109424e-15 -4.496403e-15
3.356572e-01 5.250008116549e+00 3.524401e+00 1.725607e+00 -3.164136e-15 -3.330669e-15
3.322833e-01 5.250008535760e+00 3.488974e+00 1.761034e+00 -3.608225e-15 -3.774758e-15
3.288886e-01 5.250008963703e+00 3.453331e+00 1.796678e+00 -3.025358e-15 -3.219647e-15
3.254741e-01 5.250009400166e+00 3.417478e+00 1.832531e+00 -2.609024e-15 -1.387779e-15
3.220404e-01 5.250009844927e+00 3.381424e+00 1.868586e+00 -1.276756e-15 -2.775558e-16
3.185884e-01 5.250010297750e+00 3.345178e+00 1.904833e+00 -3.719247e-15 -2.386980e-15
3.151187e-01 5.250010758390e+00 3.308747e+00 1.941264e+00 -2.581269e-15 -4.773959e-15
3.116323e-01 5.250011226589e+00 3.272139e+00 1.977872e+00 -3.108624e-15 -4.829470e-15
3.081299e-01 5.250011702083e+00 3.235364e+00 2.014648e+00 -3.913536e-15 -3.608225e-15
3.046123e-01 5.250012184595e+00 3.198430e+00 2.051583e+00 -3.025358e-15 -3.275158e-15
3.010805e-01 5.250012673839e+00 3.161345e+00 2.088668e+00 -2.886580e-15 -2.942091e-15
2.975351e-01 5.250013169524e+00 3.124118e+00 2.125895e+00 -2.386980e-15 -3.663736e-15
2.939770e-01 5.250013671347e+00 3.086759e+00 2.163255e+00 -3.497203e-15 -4.496403e-15
2.904072e-01 5.250014179001e+00 3.049275e+00 2.200739e+00 -2.997602e-15 -5.939693e-15
2.868264e-01 5.250014692172e+00 3.011677e+00 2.238338e+00 -3.164136e-15 -7.882583e-15
2.832355e-01 5.250015210539e+00 2.973973e+00 2.276042e+00 -3.719247e-15 -3.608225e-15
2.796354e-01 5.250015733779e+00 2.936172e+00 2.313844e+00 -3.191891e-15 -1.276756e-15
2.760271e-01 5.250016261561e+00 2.898284e+00 2.351732e+00 -3.858025e-15 -2.831069e-15
2.724113e-01 5.250016793553e+00 2.860318e+00 2.389699e+00 -2.720046e-15 -5.384582e-15
2.687889e-01 5.250017329419e+00 2.822284e+00 2.427734e+00 -3.164136e-15 -3.441691e-15
2.651610e-01 5.250017868822e+00 2.784190e+00 2.465828e+00 -2.886580e-15 -5.773160e-15
2.615283e-01 5.250018411422e+00 2.746047e+00 2.503972e+00 -2.525757e-15 -3.996803e-15
2.578917e-01 5.250018956879e+00 2.707863e+00 2.542156e+00 -2.414735e-15 -5.162537e-15
2.542523e-01 5.250019504854e+00 2.669649e+00 2.580371e+00 -2.220446e-15 -4.496403e-15
2.506108e-01 5.250020055006e+00 2.631414e+00 2.618606e+00 -2.081668e-15 -3.663736e-15
2.469683e-01 5.250020606999e+00 2.593167e+00 2.656854e+00 -2.720046e-15 -3.275158e-15
2.433255e-01 5.250021160496e+00 2.554918e+00 2.695103e+00 -2.803313e-15 -4.940492e-15
2.396836e-01 5.250021715164e+00 2.516677e+00 2.733344e+00 -3.608225e-15 -5.995204e-15
2.360432e-01 5.250022270672e+00 2.478454e+00 2.771568e+00 -8.604228e-16 -7.605028e-15
2.324055e-01 5.250022826695e+00 2.440258e+00 2.809765e+00 -2.858824e-15 -3.552714e-15
2.287713e-01 5.250023382912e+00 2.402098e+00 2.847925e+00 -3.913536e-15 -6.772360e-15
2.251414e-01 5.250023939006e+00 2.363985e+00 2.886039e+00 -2.581269e-15 -5.107026e-15
2.215169e-01 5.250024494665e+00 2.325928e+00 2.924097e+00 -2.997602e-15 -7.105427e-15
2.178987e-01 5.250025049586e+00 2.287936e+00 2.962089e+00 -3.497203e-15 -5.218048e-15
2.142876e-01 5.250025603471e+00 2.250020e+00 3.000006e+00 -3.275158e-15 -4.329870e-15
2.106846e-01 5.250026156028e+00 2.212188e+00 3.037838e+00 -2.720046e-15 -7.660539e-15
2.070905e-01 5.250026706975e+00 2.174450e+00 3.075576e+00 -1.665335e-15 -6.328271e-15
2.035063e-01 5.250027256035e+00 2.136817e+00 3.113211e+00 -3.191891e-15 -6.661338e-15
1.999330e-01 5.250027802942e+00 2.099296e+00 3.150732e+00 -1.915135e-15 -9.880985e-15
1.963713e-01 5.250028347439e+00 2.061898e+00 3.188130e+00 -2.525757e-15 -9.547918e-15
1.928221e-01 5.250028889274e+00 2.024632e+00 3.225397e+00 -2.220446e-15 -6.661338e-15
1.892864e-01 5.250029428209e+00 1.987508e+00 3.262522e+00 -2.747802e-15 -3.774758e-15
1.857651e-01 5.250029964013e+00 1.950533e+00 3.299497e+00 -3.053113e-15 -3.885781e-15
1.822589e-01 5.250030496464e+00 1.913719e+00 3.336312e+00 -2.775558e-15 -6.883383e-15
1.787689e-01 5.250031025354e+00 1.877073e+00 3.372958e+00 -2.109424e-15 -1.254552e-14
1.752958e-01 5.250031550479e+00 1.840606e+00 3.409426e+00 -1.443290e-15 -7.660539e-15
1.718405e-01 5.250032071651e+00 1.804325e+00 3.445707e+00 -2.359224e-15 -9.547918e-15
1.684038e-01 5.250032588689e+00 1.768240e+00 3.481793e+00 -2.331468e-15 -2.664535e-15
1.649866e-01 5.250033101423e+00 1.732360e+00 3.517673e+00 -3.386180e-15 -1.132427e-14
1.615898e-01 5.250033609693e+00 1.696693e+00 3.553341e+00 -2.498002e-15 -8.215650e-15
1.582141e-01 5.250034113350e+00 1.661248e+00 3.588786e+00 -3.330669e-15 -1.132427e-14
1.548604e-01 5.250034612256e+00 1.626035e+00 3.624000e+00 -2.886580e-15 -5.773160e-15
1.515295e-01 5.250035106282e+00 1.591060e+00 3.658975e+00 -3.747003e-15 -8.326673e-15
1.482222e-01 5.250035595309e+00 1.556333e+00 3.693702e+00 -2.803313e-15 -5.440093e-15
1.449393e-01 5.250036079230e+00 1.521862e+00 3.728174e+00 -3.108624e-15 -1.054712e-14
1.416815e-01 5.250036557945e+00 1.487656e+00 3.762381e+00 -3.441691e-15 -9.547918e-15
1.384497e-01 5.250037031368e+00 1.453722e+00 3.796315e+00 -2.747802e-15 -1.076916e-14
1.352447e-01 5.250037499418e+00 1.420069e+00 3.829969e+00 -2.761680e-15 -8.548717e-15
1.320671e-01 5.250037962026e+00 1.386704e+00 3.863334e+00 -3.386180e-15 -1.076916e-14
1.289177e-01 5.250038419131e+00 1.353636e+00 3.896402e+00 -2.692291e-15 -9.769963e-15
1.257974e-01 5.250038870683e+00 1.320872e+00 3.929166e+00 -3.622103e-15 -6.883383e-15
1.227067e-01 5.250039316637e+00 1.288421e+00 3.961619e+00 -2.983724e-15 -1.199041e-14
1.196465e-01 5.250039756961e+00 1.256288e+00 3.993751e+00 -2.442491e-15 -1.110223e-14
1.166175e-01 5.250040191627e+00 1.224483e+00 4.025557e+00 -2.761680e-15 -1.565414e-14
1.136203e-01 5.250040620616e+00 1.193013e+00 4.057028e+00 -2.942091e-15 -8.104628e-15
1.106556e-01 5.250041043917e+00 1.161884e+00 4.088157e+00 -2.942091e-15 -1.165734e-14
1.077243e-01 5.250041461527e+00 1.131105e+00 4.118937e+00 -3.511080e-15 -6.439294e-15
1.048268e-01 5.250041873446e+00 1.100681e+00 4.149361e+00 -3.205769e-15 -1.243450e-14
1.019639e-01 5.250042279686e+00 1.070621e+00 4.179421e+00 -3.233525e-15 -9.214851e-15
9.913631e-02 5.250042680259e+00 1.040931e+00 4.209111e+00 -3.969047e-15 -1.043610e-14
9.634461e-02 5.250043075187e+00 1.011618e+00 4.238425e+00 -3.302913e-15 -1.321165e-14
9.358944e-02 5.250043464496e+00 9.826892e-01 4.267354e+00 -3.358425e-15 -1.076916e-14
9.087146e-02 5.250043848216e+00 9.541503e-01 4.295894e+00 -3.705369e-15 -9.436896e-15
8.819128e-02 5.250044226383e+00 9.260084e-01 4.324036e+00 -4.343748e-15 -9.658940e-15
8.554952e-02 5.250044599037e+00 8.982699e-01 4.351775e+00 -3.344547e-15 -1.276756e-14
8.294678e-02 5.250044966221e+00 8.709411e-01 4.379104e+00 -2.983724e-15 -8.437695e-15
8.038365e-02 5.250045327982e+00 8.440284e-01 4.406017e+00 -3.316791e-15 -6.550316e-15
7.786074e-02 5.250045684371e+00 8.175378e-01 4.432508e+00 -3.427814e-15 -7.105427e-15
7.537861e-02 5.250046035442e+00 7.914754e-01 4.458571e+00 -3.649858e-15 -7.438494e-15
7.293784e-02 5.250046381250e+00 7.658473e-01 4.484199e+00 -2.831069e-15 -1.154632e-14
7.053899e-02 5.250046721854e+00 7.406594e-01 4.509387e+00 -3.649858e-15 -7.438494e-15
6.818261e-02 5.250047057314e+00 7.159174e-01 4.534130e+00 -3.247402e-15 -8.215650e-15
6.586925e-02 5.250047387694e+00 6.916272e-01 4.558420e+00 -3.677614e-15 -5.440093e-15
6.359945e-02 5.250047713058e+00 6.677942e-01 4.582253e+00 -3.622103e-15 -5.440093e-15
6.137373e-02 5.250048033472e+00 6.444242e-01 4.605624e+00 -3.316791e-15 -3.885781e-15
5.919262e-02 5.250048349004e+00 6.215225e-01 4.628526e+00 -3.483325e-15 -1.609823e-14
5.705663e-02 5.250048659722e+00 5.990946e-01 4.650954e+00 -3.538836e-15 -1.054712e-14
5.496626e-02 5.250048965696e+00 5.771457e-01 4.672903e+00 -3.760880e-15 -1.421085e-14
5.292201e-02 5.250049266998e+00 5.556811e-01 4.694368e+00 -2.969847e-15 -1.387779e-14
5.092438e-02 5.250049563699e+00 5.347060e-01 4.715344e+00 -3.164136e-15 -8.215650e-15
4.897384e-02 5.250049855873e+00 5.142253e-01 4.735825e+00 -3.191891e-15 -1.143530e-14
4.707087e-02 5.250050143592e+00 4.942441e-01 4.755806e+00 -3.441691e-15 -7.216450e-15
4.521594e-02 5.250050426932e+00 4.747674e-01 4.775283e+00 -3.094747e-15 -6.550316e-15
4.340951e-02 5.250050705967e+00 4.557999e-01 4.794251e+00 -3.386180e-15 -1.043610e-14
4.165203e-02 5.250050980773e+00 4.373464e-01 4.812705e+00 -3.011480e-15 -1.054712e-14
3.994396e-02 5.250051251424e+00 4.194116e-01 4.830640e+00 -3.261280e-15 -8.437695e-15
3.828573e-02 5.250051517997e+00 4.020001e-01 4.848051e+00 -3.080869e-15 -8.881784e-15
3.667777e-02 5.250051780567e+00 3.851166e-01 4.864935e+00 -2.858824e-15 -1.088019e-14
3.512051e-02 5.250052039209e+00 3.687654e-01 4.881287e+00 -3.386180e-15 -7.882583e-15
3.361438e-02 5.250052293996e+00 3.529510e-01 4.897101e+00 -3.275158e-15 -9.325873e-15
3.215979e-02 5.250052545001e+00 3.376778e-01 4.912375e+00 -3.615164e-15 -4.996004e-15
3.075714e-02 5.250052792293e+00 3.229500e-01 4.927103e+00 -3.150258e-15 -9.658940e-15
2.940684e-02 5.250053035940e+00 3.087718e-01 4.941281e+00 -3.094747e-15 -6.883383e-15
2.810929e-02 5.250053276006e+00 2.951475e-01 4.954906e+00 -3.379241e-15 -1.021405e-14
2.686487e-02 5.250053512549e+00 2.820811e-01 4.967972e+00 -3.184952e-15 -8.659740e-15
2.567397e-02 5.250053745624e+00 2.695767e-01 4.980477e+00 -3.080869e-15 -1.132427e-14
2.453697e-02 5.250053975276e+00 2.576382e-01 4.992416e+00 -2.942091e-15 -1.665335e-14
2.345425e-02 5.250054201542e+00 2.462696e-01 5.003785e+00 -3.073930e-15 -6.439294e-15
2.242616e-02 5.250054424453e+00 2.354747e-01 5.014580e+00 -3.282097e-15 -4.662937e-15
2.145307e-02 5.250054644024e+00 2.252573e-01 5.024797e+00 -3.025358e-15 -1.310063e-14
2.053535e-02 5.250054860259e+00 2.156211e-01 5.034434e+00 -3.233525e-15 -1.487699e-14
1.967333e-02 5.250055073145e+00 2.065700e-01 5.043485e+00 -3.344547e-15 -1.598721e-14
1.886737e-02 5.250055282656e+00 1.981073e-01 5.051948e+00 -3.164136e-15 -1.110223e-14
1.811780e-02 5.250055488741e+00 1.902369e-01 5.059819e+00 -3.108624e-15 -1.831868e-14
1.742496e-02 5.250055691332e+00 1.829620e-01 5.067094e+00 -3.247402e-15 -1.199041e-14
1.678917e-02 5.250055890336e+00 1.762863e-01 5.073770e+00 -3.427814e-15 -1.620926e-14
1.621076e-02 5.250056085634e+00 1.702130e-01 5.079843e+00 -3.108624e-15 -1.132427e-14
1.569005e-02 5.250056277079e+00 1.647455e-01 5.085311e+00 -3.157197e-15 -1.887379e-14
1.522734e-02 5.250056464493e+00 1.598871e-01 5.090169e+00 -2.949030e-15 -1.387779e-14
1.482294e-02 5.250056647668e+00 1.556409e-01 5.094416e+00 -3.226586e-15 -1.276756e-14
1.447714e-02 5.250056826360e+00 1.520100e-01 5.098047e+00 -3.198830e-15 -8.215650e-15
1.419024e-02 5.250057000290e+00 1.489975e-01 5.101060e+00 -3.191891e-15 -1.010303e-14
1.396250e-02 5.250057169142e+00 1.466063e-01 5.103451e+00 -3.178013e-15 -1.298961e-14
1.379421e-02 5.250057332562e+00 1.448392e-01 5.105218e+00 -3.174544e-15 -1.321165e-14
1.368563e-02 5.250057490156e+00 1.436991e-01 5.106358e+00 -3.098216e-15 -5.218048e-15
1.363701e-02 5.250057641491e+00 1.431886e-01 5.106869e+00 -3.101686e-15 -1.254552e-14
1.364860e-02 5.250057786094e+00 1.433103e-01 5.106748e+00 -3.073930e-15 -1.443290e-14
1.372062e-02 5.250057923452e+00 1.440666e-01 5.105991e+00 -3.157197e-15 -1.965095e-14
1.385331e-02 5.250058053015e+00 1.454598e-01 5.104598e+00 -3.164136e-15 -1.199041e-14
1.404687e-02 5.250058174194e+00 1.474922e-01 5.102566e+00 -3.268219e-15 -1.154632e-14
1.430150e-02 5.250058286368e+00 1.501657e-01 5.099893e+00 -3.094747e-15 -1.254552e-14
1.461737e-02 5.250058388881e+00 1.534824e-01 5.096576e+00 -3.129441e-15 -9.214851e-15
1.499466e-02 5.250058481047e+00 1.574440e-01 5.092615e+00 -3.327200e-15 -1.010303e-14
1.543352e-02 5.250058562156e+00 1.620520e-01 5.088007e+00 -3.212708e-15 -1.054712e-14
1.593408e-02 5.250058631475e+00 1.673078e-01 5.082751e+00 -3.178013e-15 -1.454392e-14
1.649645e-02 5.250058688256e+00 1.732127e-01 5.076846e+00 -3.131176e-15 -1.298961e-14
1.712072e-02 5.250058731735e+00 1.797676e-01 5.070291e+00 -3.105155e-15 -1.720846e-14
1.780699e-02 5.250058761147e+00 1.869733e-01 5.063085e+00 -3.342812e-15 -7.105427e-15
1.855528e-02 5.250058775723e+00 1.948305e-01 5.055228e+00 -3.110359e-15 -9.658940e-15
1.936565e-02 5.250058774701e+00 2.033393e-01 5.046719e+00 -3.117298e-15 -1.132427e-14
2.023808e-02 5.250058757335e+00 2.124999e-01 5.037559e+00 -3.247402e-15 -1.010303e-14
2.117257e-02 5.250058722894e+00 2.223120e-01 5.027747e+00 -3.062654e-15 -1.143530e-14
2.216907e-02 5.250058670678e+00 2.327752e-01 5.017283e+00 -3.335873e-15 -1.398881e-14
2.322750e-02 5.250058600018e+00 2.438887e-01 5.006170e+00 -3.252390e-15 -9.992007e-15
2.434776e-02 5.250058510289e+00 2.556515e-01 4.994407e+00 -3.068075e-15 -6.883383e-15
2.552972e-02 5.250058400910e+00 2.680621e-01 4.981996e+00 -3.280145e-15 -8.326673e-15
2.677323e-02 5.250058271356e+00 2.811189e-01 4.968939e+00 -2.769052e-15 -6.106227e-15
2.807808e-02 5.250058121163e+00 2.948199e-01 4.955238e+00 -2.854921e-15 -6.994405e-15
2.944406e-02 5.250057949929e+00 3.091627e-01 4.940895e+00 -2.694026e-15 -5.440093e-15
3.087091e-02 5.250057757327e+00 3.241446e-01 4.925913e+00 -2.705301e-15 -2.109424e-15
3.235835e-02 5.250057543103e+00 3.397627e-01 4.910295e+00 -3.319393e-15 -1.110223e-14
3.390605e-02 5.250057307080e+00 3.560135e-01 4.894044e+00 -3.072195e-15 -1.332268e-14
3.551365e-02 5.250057049165e+00 3.728934e-01 4.877164e+00 -2.806783e-15 -4.884981e-15
3.718078e-02 5.250056769347e+00 3.903982e-01 4.859659e+00 -2.945560e-15 -1.099121e-14
3.890700e-02 5.250056467699e+00 4.085235e-01 4.841533e+00 -2.968112e-15 -7.993606e-15
4.069187e-02 5.250056144378e+00 4.272647e-01 4.822791e+00 -3.318526e-15 -9.103829e-15
4.253490e-02 5.250055799626e+00 4.466164e-01 4.803439e+00 -3.127706e-15 -8.215650e-15
4.443556e-02 5.250055433762e+00 4.665734e-01 4.783482e+00 -3.188422e-15 -6.328271e-15
4.639330e-02 5.250055047188e+00 4.871297e-01 4.762925e+00 -3.049644e-15 -7.438494e-15
4.840754e-02 5.250054640377e+00 5.082792e-01 4.741775e+00 -3.025358e-15 -1.143530e-14
5.047767e-02 5.250054213874e+00 5.300155e-01 4.720039e+00 -2.928213e-15 -7.882583e-15
5.260303e-02 5.250053768286e+00 5.523318e-01 4.697722e+00 -3.160666e-15 -1.276756e-14
5.478295e-02 5.250053304279e+00 5.752209e-01 4.674832e+00 -2.890049e-15 -1.210143e-14
5.701672e-02 5.250052822572e+00 5.986756e-01 4.651377e+00 -3.039236e-15 -9.214851e-15
5.930362e-02 5.250052323924e+00 6.226881e-01 4.627364e+00 -3.046174e-15 -9.769963e-15
6.164289e-02 5.250051809134e+00 6.472504e-01 4.602801e+00 -3.101686e-15 -4.218847e-15
6.403374e-02 5.250051279025e+00 6.723543e-01 4.577697e+00 -2.931683e-15 -1.221245e-14
6.647537e-02 5.250050734445e+00 6.979914e-01 4.552059e+00 -3.028827e-15 -1.043610e-14
6.896695e-02 5.250050176248e+00 7.241530e-01 4.525897e+00 -3.400058e-15 -8.881784e-15
7.150762e-02 5.250049605297e+00 7.508300e-01 4.499220e+00 -3.330669e-15 -1.421085e-14
7.409652e-02 5.250049022448e+00 7.780134e-01 4.472036e+00 -3.323730e-15 -1.221245e-14
7.673275e-02 5.250048428546e+00 8.056938e-01 4.444355e+00 -3.379241e-15 -1.199041e-14
7.941540e-02 5.250047824419e+00 8.338617e-01 4.416186e+00 -3.039236e-15 -8.659740e-15
8.214356e-02 5.250047210870e+00 8.625074e-01 4.387540e+00 -2.851885e-15 -8.104628e-15
8.491628e-02 5.250046588671e+00 8.916209e-01 4.358426e+00 -3.032297e-15 -1.287859e-14
8.773260e-02 5.250045958559e+00 9.211923e-01 4.328854e+00 -3.094747e-15 -8.215650e-15
9.059156e-02 5.250045321235e+00 9.512113e-01 4.298834e+00 -3.531897e-15 -1.165734e-14
9.349217e-02 5.250044677355e+00 9.816678e-01 4.268377e+00 -3.670675e-15 -6.439294e-15
9.643345e-02 5.250044027532e+00 1.012551e+00 4.237493e+00 -2.844947e-15 -7.438494e-15
9.941439e-02 5.250043372332e+00 1.043851e+00 4.206192e+00 -2.921274e-15 -7.327472e-15
1.024340e-01 5.250042712276e+00 1.075557e+00 4.174486e+00 -3.191891e-15 -9.658940e-15
1.054912e-01 5.250042047840e+00 1.107658e+00 4.142384e+00 -3.164136e-15 -1.043610e-14
1.085850e-01 5.250041379453e+00 1.140143e+00 4.109898e+00 -3.205769e-15 -8.326673e-15
1.117144e-01 5.250040707503e+00 1.173001e+00 4.077039e+00 -3.282097e-15 -1.398881e-14
1.148783e-01 5.250040032337e+00 1.206223e+00 4.043818e+00 -3.323730e-15 -1.065814e-14
1.180757e-01 5.250039354263e+00 1.239795e+00 4.010244e+00 -2.990663e-15 -9.436896e-15
1.213055e-01 5.250038673556e+00 1.273708e+00 3.976331e+00 -3.788636e-15 -1.232348e-14
1.245666e-01 5.250037990463e+00 1.307950e+00 3.942088e+00 -4.017620e-15 -1.010303e-14
1.278581e-01 5.250037305203e+00 1.342510e+00 3.907528e+00 -3.344547e-15 -1.065814e-14
1.311787e-01 5.250036617971e+00 1.377376e+00 3.872660e+00 -3.150258e-15 -1.287859e-14
1.345275e-01 5.250035928949e+00 1.412538e+00 3.837497e+00 -3.538836e-15 -8.881784e-15
1.379033e-01 5.250035238303e+00 1.447985e+00 3.802051e+00 -3.566591e-15 -1.532108e-14
1.413051e-01 5.250034546190e+00 1.483703e+00 3.766331e+00 -4.218847e-15 -9.547918e-15
1.447317e-01 5.250033852761e+00 1.519683e+00 3.730351e+00 -3.316791e-15 -1.265654e-14
1.481821e-01 5.250033158168e+00 1.555913e+00 3.694121e+00 -2.761680e-15 -1.254552e-14
1.516553e-01 5.250032462561e+00 1.592380e+00 3.657652e+00 -3.011480e-15 -1.154632e-14
1.551499e-01 5.250031766096e+00 1.629074e+00 3.620957e+00 -4.080070e-15 -1.332268e-14
1.586651e-01 5.250031068935e+00 1.665983e+00 3.584048e+00 -3.788636e-15 -1.076916e-14
1.621996e-01 5.250030371250e+00 1.703096e+00 3.546935e+00 -2.817191e-15 -1.576517e-14
1.657524e-01 5.250029673222e+00 1.740400e+00 3.509630e+00 -3.955170e-15 -1.509903e-14
1.693223e-01 5.250028975043e+00 1.777884e+00 3.472145e+00 -2.317591e-15 -1.043610e-14
1.729082e-01 5.250028276918e+00 1.815536e+00 3.434492e+00 -2.886580e-15 -1.620926e-14
1.765091e-01 5.250027579063e+00 1.853345e+00 3.396682e+00 -2.609024e-15 -1.587619e-14
1.801237e-01 5.250026881708e+00 1.891299e+00 3.358728e+00 -2.151057e-15 -1.176836e-14
1.837510e-01 5.250026185095e+00 1.929385e+00 3.320641e+00 -2.858824e-15 -1.099121e-14
1.873898e-01 5.250025489477e+00 1.967593e+00 3.282432e+00 -2.872702e-15 -1.521006e-14
1.910391e-01 5.250024795119e+00 2.005911e+00 3.244114e+00 -2.400857e-15 -1.232348e-14
1.946977e-01 5.250024102295e+00 2.044326e+00 3.205698e+00 -3.386180e-15 -1.276756e-14
1.983645e-01 5.250023411293e+00 2.082827e+00 3.167196e+00 -2.720046e-15 -1.310063e-14
2.020384e-01 5.250022722406e+00 2.121403e+00 3.128620e+00 -3.025358e-15 -1.154632e-14
2.057182e-01 5.250022035939e+00 2.160041e+00 3.089981e+00 -2.262079e-15 -1.310063e-14
2.094029e-01 5.250021352204e+00 2.198730e+00 3.051291e+00 -2.831069e-15 -1.565414e-14
2.130913e-01 5.250020671522e+00 2.237458e+00 3.012562e+00 -2.262079e-15 -1.487699e-14
2.167823e-01 5.250019994221e+00 2.276214e+00 2.973806e+00 -1.831868e-15 -1.587619e-14
2.204749e-01 5.250019320640e+00 2.314986e+00 2.935033e+00 -3.066991e-15 -1.876277e-14
2.241679e-01 5.250018651125e+00 2.353763e+00 2.896256e+00 -3.150258e-15 -1.554312e-14
2.278602e-01 5.250017986032e+00 2.392532e+00 2.857486e+00 -2.692291e-15 -1.487699e-14
2.315508e-01 5.250017325727e+00 2.431283e+00 2.818734e+00 -3.483325e-15 -1.343370e-14
2.352386e-01 5.250016670589e+00 2.470005e+00 2.780012e+00 -1.762479e-15 -1.210143e-14
2.389224e-01 5.250016021008e+00 2.508685e+00 2.741331e+00 -2.553513e-15 -1.210143e-14
2.426013e-01 5.250015377387e+00 2.547313e+00 2.702702e+00 -4.232725e-15 -1.409983e-14
2.462741e-01 5.250014740147e+00 2.585878e+00 2.664136e+00 -2.414735e-15 -1.199041e-14
2.499399e-01 5.250014109723e+00 2.624369e+00 2.625645e+00 -3.053113e-15 -1.565414e-14
2.535976e-01 5.250013486568e+00 2.662775e+00 2.587239e+00 -2.928213e-15 -1.376677e-14
2.572461e-01 5.250012871154e+00 2.701084e+00 2.548928e+00 -3.677614e-15 -1.398881e-14
2.608845e-01 5.250012263974e+00 2.739287e+00 2.510725e+00 -2.414735e-15 -1.598721e-14
2.645118e-01 5.250011665538e+00 2.777373e+00 2.472638e+00 -2.289835e-15 -1.565414e-14
2.681268e-01 5.250011076381e+00 2.815332e+00 2.434679e+00 -2.164935e-15 -1.243450e-14
2.717288e-01 5.250010497054e+00 2.853153e+00 2.396858e+00 -1.859624e-15 -1.587619e-14
2.753167e-01 5.250009928133e+00 2.890826e+00 2.359184e+00 -3.094747e-15 -1.776357e-14
2.788896e-01 5.250009370210e+00 2.928341e+00 2.321669e+00 -2.609024e-15 -1.398881e-14
2.824465e-01 5.250008823896e+00 2.965688e+00 2.284320e+00 -3.205769e-15 -1.532108e-14
2.859866e-01 5.250008289820e+00 3.002859e+00 2.247149e+00 -2.844947e-15 -1.576517e-14
2.895089e-01 5.250007768624e+00 3.039844e+00 2.210164e+00 -3.788636e-15 -1.298961e-14
2.930126e-01 5.250007260960e+00 3.076633e+00 2.173375e+00 -3.705369e-15 -1.576517e-14
2.964969e-01 5.250006767489e+00 3.113217e+00 2.136790e+00 -1.984524e-15 -1.842970e-14
2.999608e-01 5.250006288876e+00 3.149589e+00 2.100418e+00 -1.360023e-15 -1.665335e-14
3.034037e-01 5.250005825784e+00 3.185739e+00 2.064267e+00 -2.831069e-15 -1.332268e-14
3.068247e-01 5.250005378873e+00 3.221659e+00 2.028346e+00 -2.720046e-15 -1.587619e-14
3.102230e-01 5.250004948790e+00 3.257342e+00 1.992663e+00 -3.996803e-15 -1.842970e-14
3.135980e-01 5.250004536166e+00 3.292779e+00 1.957226e+00 -3.358425e-15 -1.398881e-14
3.169489e-01 5.250004141612e+00 3.327964e+00 1.922041e+00 -2.192690e-15 -1.543210e-14
3.202751e-01 5.250003765706e+00 3.362889e+00 1.887115e+00 -3.247402e-15 -1.310063e-14
3.235759e-01 5.250003408996e+00 3.397547e+00 1.852456e+00 -2.220446e-15 -1.298961e-14
3.268507e-01 5.250003071985e+00 3.431932e+00 1.818071e+00 -2.969847e-15 -1.509903e-14
3.300989e-01 5.250002755131e+00 3.466039e+00 1.783964e+00 -3.719247e-15 -1.598721e-14
3.333200e-01 5.250002458835e+00 3.499860e+00 1.750143e+00 -2.747802e-15 -1.521006e-14
3.365134e-01 5.250002183440e+00 3.533391e+00 1.716612e+00 -2.942091e-15 -1.609823e-14
3.396786e-01 5.250001929219e+00 3.566626e+00 1.683376e+00 -4.107825e-15 -1.643130e-14
3.428153e-01 5.250001696377e+00 3.599560e+00 1.650441e+00 -2.026157e-15 -1.498801e-14
3.459229e-01 5.250001485038e+00 3.632190e+00 1.617811e+00 -3.663736e-15 -1.820766e-14
3.490010e-01 5.250001295244e+00 3.664511e+00 1.585491e+00 -3.302913e-15 -1.609823e-14
3.520494e-01 5.250001126949e+00 3.696518e+00 1.553483e+00 -4.468648e-15 -1.465494e-14
3.550676e-01 5.250000980019e+00 3.728210e+00 1.521791e+00 -4.746203e-15 -1.776357e-14
3.580554e-01 5.250000854221e+00 3.759582e+00 1.490419e+00 -3.108624e-15 -2.053913e-14
3.610125e-01 5.250000749230e+00 3.790631e+00 1.459370e+00 -3.219647e-15 -2.009504e-14
3.639387e-01 5.250000664619e+00 3.821356e+00 1.428645e+00 -4.385381e-15 -1.537659e-14
3.668337e-01 5.250000599865e+00 3.851754e+00 1.398247e+00 -3.441691e-15 -1.515454e-14
3.696975e-01 5.250000554342e+00 3.881823e+00 1.368177e+00 -3.080869e-15 -1.781908e-14
3.725298e-01 5.250000527327e+00 3.911563e+00 1.338438e+00 -3.552714e-15 -1.215694e-14
3.753305e-01 5.250000518001e+00 3.940971e+00 1.309030e+00 -3.608225e-15 -1.920686e-14
3.780996e-01 5.250000525446e+00 3.970046e+00 1.279954e+00 -1.332268e-15 -1.848521e-14
3.808370e-01 5.250000548656e+00 3.998789e+00 1.251212e+00 -4.163336e-15 -1.904032e-14
3.835426e-01 5.250000586535e+00 4.027198e+00 1.222803e+00 -2.609024e-15 -1.770806e-14
3.862165e-01 5.250000637904e+00 4.055273e+00 1.194727e+00 -3.996803e-15 -1.715295e-14
3.888586e-01 5.250000701507e+00 4.083015e+00 1.166985e+00 -3.108624e-15 -1.654232e-14
3.914689e-01 5.250000776015e+00 4.110424e+00 1.139577e+00 -2.386980e-15 -1.754152e-14
3.940476e-01 5.250000860035e+00 4.137499e+00 1.112501e+00 -1.526557e-15 -1.426637e-14
3.965945e-01 5.250000952117e+00 4.164243e+00 1.085758e+00 -2.720046e-15 -1.659783e-14
3.991099e-01 5.250001050760e+00 4.190654e+00 1.059347e+00 -3.275158e-15 -1.648681e-14
4.015938e-01 5.250001154423e+00 4.216735e+00 1.033267e+00 -2.858824e-15 -1.793010e-14
4.040462e-01 5.250001261534e+00 4.242485e+00 1.007516e+00 -3.663736e-15 -1.720846e-14
4.064672e-01 5.250001370496e+00 4.267906e+00 9.820954e-01 -1.471046e-15 -1.754152e-14
4.088570e-01 5.250001479699e+00 4.292999e+00 9.570027e-01 -2.581269e-15 -1.926237e-14
4.112156e-01 5.250001587531e+00 4.317764e+00 9.322373e-01 -2.525757e-15 -2.053913e-14
4.135432e-01 5.250001692386e+00 4.342204e+00 9.077982e-01 -4.718448e-15 -1.859624e-14
4.158397e-01 5.250001792674e+00 4.366317e+00 8.836846e-01 -2.581269e-15 -1.815215e-14
4.181054e-01 5.250001886832e+00 4.390106e+00 8.598955e-01 -8.604228e-16 -1.948441e-14
4.203402e-01 5.250001973336e+00 4.413572e+00 8.364303e-01 -1.776357e-15 -1.820766e-14
4.225442e-01 5.250002050708e+00 4.436714e+00 8.132883e-01 -2.803313e-15 -1.881828e-14
4.247174e-01 5.250002117531e+00 4.459533e+00 7.904690e-01 -2.303713e-15 -1.687539e-14
4.268600e-01 5.250002172452e+00 4.482030e+00 7.679721e-01 -1.387779e-15 -1.765255e-14
4.289719e-01 5.250002214202e+00 4.504205e+00 7.457972e-01 -2.525757e-15 -1.737499e-14
4.310531e-01 5.250002241597e+00 4.526058e+00 7.239445e-01 -2.525757e-15 -1.787459e-14
4.331036e-01 5.250002253553e+00 4.547588e+00 7.024140e-01 -3.053113e-15 -1.970646e-14
4.351234e-01 5.250002249093e+00 4.568796e+00 6.812064e-01 -8.326673e-16 -1.820766e-14
4.371124e-01 5.250002227359e+00 4.589680e+00 6.603222e-01 -1.720846e-15 -1.787459e-14
4.390705e-01 5.250002187617e+00 4.610240e+00 6.397623e-01 -7.494005e-16 -1.831868e-14
4.409975e-01 5.250002129271e+00 4.630474e+00 6.195280e-01 -2.470246e-15 -1.748601e-14
4.428935e-01 5.250002051864e+00 4.650382e+00 5.996205e-01 -3.247402e-15 -1.854072e-14
4.447581e-01 5.250001955091e+00 4.669960e+00 5.800418e-01 -1.443290e-15 -1.743050e-14
4.465913e-01 5.250001838804e+00 4.689208e+00 5.607937e-01 -1.887379e-15 -1.681988e-14
4.483927e-01 5.250001703015e+00 4.708123e+00 5.418785e-01 -1.970646e-15 -1.781908e-14
4.501622e-01 5.250001547905e+00 4.726703e+00 5.232987e-01 -2.997602e-15 -1.659783e-14
4.518994e-01 5.250001373826e+00 4.744944e+00 5.050572e-01 -1.665335e-15 -1.815215e-14
4.536042e-01 5.250001181304e+00 4.762844e+00 4.871569e-01 -1.665335e-15 -1.715295e-14
4.552762e-01 5.250000971038e+00 4.780400e+00 4.696013e-01 -1.165734e-15 -1.798561e-14
4.569150e-01 5.250000743905e+00 4.797607e+00 4.523938e-01 -2.414735e-15 -1.992850e-14
4.585202e-01 5.250000500952e+00 4.814462e+00 4.355382e-01 -2.109424e-15 -1.781908e-14
4.600916e-01 5.250000243398e+00 4.830962e+00 4.190385e-01 -3.469447e-15 -1.931788e-14
4.616287e-01 5.249999972625e+00 4.847101e+00 4.028988e-01 -2.858824e-15 -1.920686e-14
4.631311e-01 5.249999690174e+00 4.862876e+00 3.871236e-01 -1.693090e-15 -1.942890e-14
4.645983e-01 5.249999397732e+00 4.878282e+00 3.717171e-01 -2.331468e-15 -1.959544e-14
4.660300e-01 5.249999097124e+00 4.893315e+00 3.566841e-01 -9.159340e-16 -1.959544e-14
4.674257e-01 5.249998790296e+00 4.907970e+00 3.420291e-01 -1.165734e-15 -1.787459e-14
4.687849e-01 5.249998479302e+00 4.922242e+00 3.277569e-01 -3.302913e-15 -1.715295e-14
4.701072e-01 5.249998166286e+00 4.936126e+00 3.138721e-01 -2.303713e-15 -1.942890e-14
4.713922e-01 5.249997853457e+00 4.949618e+00 3.003794e-01 -2.997602e-15 -1.865175e-14
4.726394e-01 5.249997543075e+00 4.962714e+00 2.872836e-01 -1.387779e-15 -1.826317e-14
4.738484e-01 5.249997237418e+00 4.975408e+00 2.745890e-01 -2.942091e-15 -1.887379e-14
4.750187e-01 5.249996938763e+00 4.987697e+00 2.623002e-01 -2.609024e-15 -2.026157e-14
4.761500e-01 5.249996649353e+00 4.999575e+00 2.504214e-01 -2.581269e-15 -1.909584e-14
4.772419e-01 5.249996371372e+00 5.011040e+00 2.389566e-01 -3.191891e-15 -1.965095e-14
4.782939e-01 5.249996106912e+00 5.022086e+00 2.279098e-01 -1.582068e-15 -1.820766e-14
4.793059e-01 5.249995857944e+00 5.032711e+00 2.172844e-01 -3.330669e-15 -1.906808e-14
4.802773e-01 5.249995626287e+00 5.042912e+00 2.070837e-01 -2.220446e-15 -1.990075e-14
4.812081e-01 5.249995413574e+00 5.052685e+00 1.973107e-01 -3.108624e-15 -1.929013e-14
4.820978e-01 5.249995221224e+00 5.062027e+00 1.879680e-01 -2.969847e-15 -1.970646e-14
4.829464e-01 5.249995050412e+00 5.070937e+00 1.790578e-01 -3.275158e-15 -1.892930e-14
4.837536e-01 5.249994902040e+00 5.079413e+00 1.705820e-01 -1.054712e-15 -1.956768e-14
4.845193e-01 5.249994776710e+00 5.087453e+00 1.625420e-01 -3.053113e-15 -1.967870e-14
4.852434e-01 5.249994674699e+00 5.095056e+00 1.549388e-01 -2.442491e-15 -1.920686e-14
4.859259e-01 5.249994595938e+00 5.102221e+00 1.477731e-01 -5.495604e-15 -1.998401e-14
4.865666e-01 5.249994539996e+00 5.108949e+00 1.410451e-01 -4.107825e-15 -1.981748e-14
4.871657e-01 5.249994506062e+00 5.115240e+00 1.347547e-01 -4.052314e-15 -2.017830e-14
4.877232e-01 5.249994492934e+00 5.121093e+00 1.289011e-01 -3.552714e-15 -1.992850e-14
4.882391e-01 5.249994499016e+00 5.126511e+00 1.234835e-01 -5.218048e-15 -2.028933e-14
4.887137e-01 5.249994522316e+00 5.131494e+00 1.185005e-01 -4.218847e-15 -1.998401e-14
4.891471e-01 5.249994560448e+00 5.136044e+00 1.139505e-01 -2.498002e-15 -2.012279e-14
4.895393e-01 5.249994610642e+00 5.140163e+00 1.098317e-01 -2.386980e-15 -2.042810e-14
4.898907e-01 5.249994669759e+00 5.143853e+00 1.061418e-01 -3.053113e-15 -2.023381e-14
4.902015e-01 5.249994734314e+00 5.147116e+00 1.028786e-01 -3.497203e-15 -2.062239e-14
4.904719e-01 5.249994800495e+00 5.149955e+00 1.000395e-01 -1.665335e-15 -2.051137e-14
4.907022e-01 5.249994864204e+00 5.152373e+00 9.762197e-02 -2.498002e-15 -2.020606e-14
4.908925e-01 5.249994921086e+00 5.154371e+00 9.562351e-02 -2.275957e-15 -2.056688e-14
4.910432e-01 5.249994966578e+00 5.155953e+00 9.404158e-02 -2.164935e-15 -2.078893e-14
4.911544e-01 5.249994995952e+00 5.157121e+00 9.287376e-02 -2.164935e-15 -2.073341e-14
4.912264e-01 5.249995004370e+00 5.157877e+00 9.211786e-02 -1.443290e-15 -2.063627e-14
4.912593e-01 5.249994986938e+00 5.158223e+00 9.177192e-02 -2.664535e-15 -2.078893e-14
4.912534e-01 5.249994938770e+00 5.158161e+00 9.183435e-02 -1.998401e-15 -2.078893e-14
4.912087e-01 5.249994855043e+00 5.157691e+00 9.230395e-02 -1.942890e-15 -2.084444e-14
4.911252e-01 5.249994731071e+00 5.156815e+00 9.318002e-02 -3.497203e-15 -2.089995e-14
4.910031e-01 5.249994562364e+00 5.155532e+00 9.446239e-02 -3.552714e-15 -2.092770e-14
4.908422e-01 5.249994344696e+00 5.153843e+00 9.615154e-02 -2.275957e-15 -2.109424e-14
4.906424e-01 5.249994074172e+00 5.151745e+00 9.824861e-02 -3.386180e-15 -2.124689e-14
4.904036e-01 5.249993747287e+00 5.149238e+00 1.007555e-01 -2.498002e-15 -2.106648e-14
4.901256e-01 5.249993360989e+00 5.146318e+00 1.036749e-01 -2.498002e-15 -2.095546e-14
4.898079e-01 5.249992912732e+00 5.142983e+00 1.070103e-01 -2.109424e-15 -2.116363e-14
4.894501e-01 5.249992400529e+00 5.139226e+00 1.107661e-01 -3.941292e-15 -2.137179e-14
4.890518e-01 5.249991822989e+00 5.135044e+00 1.149475e-01 -2.053913e-15 -2.142730e-14
4.886124e-01 5.249991179355e+00 5.130430e+00 1.195609e-01 -3.330669e-15 -2.141343e-14
4.881312e-01 5.249990469529e+00 5.125377e+00 1.246133e-01 -2.886580e-15 -2.136138e-14
4.876073e-01 5.249989694081e+00 5.119877e+00 1.301128e-01 -2.109424e-15 -2.163547e-14
4.870400e-01 5.249988854257e+00 5.113920e+00 1.360684e-01 -3.108624e-15 -2.133016e-14
4.864284e-01 5.249987951965e+00 5.107498e+00 1.424898e-01 -4.551914e-15 -2.170746e-14
4.857713e-01 5.249986989753e+00 5.100599e+00 1.493879e-01 -1.665335e-15 -2.183496e-14
4.850678e-01 5.249985970772e+00 5.093212e+00 1.567741e-01 -3.441691e-15 -2.163027e-14
4.843166e-01 5.249984898729e+00 5.085324e+00 1.646607e-01 -4.551914e-15 -2.127118e-14
4.835165e-01 5.249983777820e+00 5.076923e+00 1.730607e-01 -2.831069e-15 -2.250630e-14
4.826662e-01 5.249982612660e+00 5.067995e+00 1.819877e-01 -2.720046e-15 -2.219058e-14
4.817643e-01 5.249981408194e+00 5.058525e+00 1.914559e-01 -3.108624e-15 -2.178813e-14
4.808095e-01 5.249980169605e+00 5.048500e+00 2.014800e-01 -4.163336e-15 -2.195466e-14
4.798004e-01 5.249978902213e+00 5.037904e+00 2.120749e-01 -4.718448e-15 -2.204487e-14
4.787354e-01 5.249977611365e+00 5.026722e+00 2.232560e-01 -3.941292e-15 -2.245426e-14
4.776131e-01 5.249976302336e+00 5.014937e+00 2.350390e-01 -3.885781e-15 -2.260692e-14
4.764320e-01 5.249974980215e+00 5.002536e+00 2.474395e-01 -2.498002e-15 -2.325917e-14
4.751905e-01 5.249973649819e+00 4.989500e+00 2.604732e-01 -3.330669e-15 -2.295386e-14
4.738873e-01 5.249972315595e+00 4.975816e+00 2.741561e-01 -3.663736e-15 -2.245426e-14
4.725207e-01 5.249970981557e+00 4.961467e+00 2.885036e-01 -4.052314e-15 -2.225997e-14
4.710894e-01 5.249969651232e+00 4.946438e+00 3.035314e-01 -3.719247e-15 -2.312039e-14
4.695918e-01 5.249968327632e+00 4.930714e+00 3.192547e-01 -3.497203e-15 -2.239875e-14
4.680265e-01 5.249967013260e+00 4.914279e+00 3.356885e-01 -4.551914e-15 -2.281508e-14
4.663922e-01 5.249965710148e+00 4.897118e+00 3.528476e-01 -4.718448e-15 -2.345346e-14
4.646874e-01 5.249964419928e+00 4.879218e+00 3.707463e-01 -5.273559e-15 -2.289835e-14
