5.000000e-01 5.250000000000e+00 5.250000e+00 0.000000e+00 -1.137979e-15 0.000000e+00
4.999754e-01 5.249999998409e+00 5.249741e+00 2.585621e-04 -6.106227e-16 -7.285839e-17
4.999015e-01 5.249999993642e+00 5.248966e+00 1.034255e-03 -1.332268e-15 -1.734723e-16
4.997784e-01 5.249999985720e+00 5.247673e+00 2.327097e-03 -1.776357e-15 -1.474515e-16
4.996060e-01 5.249999974679e+00 5.245863e+00 4.137119e-03 -1.554312e-15 -2.671474e-16
4.993843e-01 5.249999960567e+00 5.243536e+00 6.464366e-03 -2.386980e-15 -4.614364e-16
4.991134e-01 5.249999943447e+00 5.240691e+00 9.308890e-03 -2.692291e-15 -2.012279e-16
4.987933e-01 5.249999923395e+00 5.237329e+00 1.267076e-02 -2.248202e-15 1.387779e-17
4.984238e-01 5.249999900504e+00 5.233450e+00 1.655004e-02 -1.748601e-15 -5.412337e-16
4.980051e-01 5.249999874875e+00 5.229053e+00 2.094682e-02 -2.609024e-15 -4.302114e-16
4.975370e-01 5.249999846628e+00 5.224139e+00 2.586118e-02 -1.831868e-15 -4.787837e-16
4.970197e-01 5.249999815894e+00 5.218707e+00 3.129322e-02 -6.383782e-16 -2.636780e-16
4.964530e-01 5.249999782818e+00 5.212757e+00 3.724304e-02 -2.942091e-15 -2.081668e-16
4.958371e-01 5.249999747558e+00 5.206289e+00 4.371072e-02 -1.443290e-15 -2.498002e-16
4.951717e-01 5.249999710285e+00 5.199303e+00 5.069636e-02 -2.220446e-15 -5.134781e-16
4.944571e-01 5.249999671185e+00 5.191800e+00 5.820006e-02 -3.108624e-15 -6.106227e-16
4.936931e-01 5.249999630454e+00 5.183778e+00 6.622189e-02 -3.275158e-15 -1.068590e-15
4.928798e-01 5.249999588303e+00 5.175238e+00 7.476193e-02 -1.304512e-15 -1.193490e-15
4.920171e-01 5.249999544955e+00 5.166179e+00 8.382024e-02 -1.443290e-15 -2.914335e-16
4.911050e-01 5.249999500643e+00 5.156603e+00 9.339687e-02 -3.469447e-15 -1.540434e-15
4.901436e-01 5.249999455616e+00 5.146508e+00 1.034918e-01 -3.497203e-15 -9.020562e-16
4.891328e-01 5.249999410132e+00 5.135894e+00 1.141052e-01 -2.192690e-15 -1.124101e-15
4.880726e-01 5.249999364461e+00 5.124763e+00 1.252368e-01 -2.525757e-15 -8.465451e-16
4.869631e-01 5.249999318885e+00 5.113113e+00 1.368867e-01 -1.665335e-15 -1.859624e-15
4.858042e-01 5.249999273696e+00 5.100944e+00 1.490548e-01 -3.191891e-15 -1.373901e-15
4.845960e-01 5.249999229198e+00 5.088258e+00 1.617410e-01 -1.221245e-15 -1.651457e-15
4.833385e-01 5.249999185703e+00 5.075054e+00 1.749451e-01 -3.386180e-15 -2.026157e-15
4.820316e-01 5.249999143535e+00 5.061332e+00 1.886668e-01 -3.858025e-15 -8.049117e-16
4.806755e-01 5.249999103026e+00 5.047093e+00 2.029060e-01 -2.969847e-15 -9.992007e-16
4.792702e-01 5.249999064518e+00 5.032337e+00 2.176623e-01 -3.552714e-15 -1.831868e-15
4.778156e-01 5.249999028360e+00 5.017064e+00 2.329353e-01 -3.025358e-15 -8.881784e-16
4.763119e-01 5.249998994910e+00 5.001274e+00 2.487245e-01 -2.553513e-15 4.163336e-16
4.747590e-01 5.249998964534e+00 4.984969e+00 2.650295e-01 -2.636780e-15 -1.859624e-15
4.731571e-01 5.249998937603e+00 4.968149e+00 2.818497e-01 -3.969047e-15 -1.471046e-15
4.715062e-01 5.249998914497e+00 4.950815e+00 2.991843e-01 -3.635980e-15 -2.386980e-15
4.698063e-01 5.249998895600e+00 4.932966e+00 3.170326e-01 -2.997602e-15 -1.110223e-15
4.680576e-01 5.249998881301e+00 4.914605e+00 3.353938e-01 -2.636780e-15 -1.831868e-15
4.662602e-01 5.249998871993e+00 4.895732e+00 3.542669e-01 -3.247402e-15 -1.082467e-15
4.644141e-01 5.249998868075e+00 4.876348e+00 3.736508e-01 -2.498002e-15 -1.137979e-15
4.625195e-01 5.249998869946e+00 4.856455e+00 3.935443e-01 -3.747003e-15 -1.193490e-15
4.605764e-01 5.249998878009e+00 4.836053e+00 4.139463e-01 -3.413936e-15 -1.970646e-15
4.585851e-01 5.249998892669e+00 4.815144e+00 4.348553e-01 -3.164136e-15 -1.887379e-15
4.565456e-01 5.249998914330e+00 4.793729e+00 4.562697e-01 -2.164935e-15 -2.664535e-15
4.544582e-01 5.249998943396e+00 4.771811e+00 4.781879e-01 -2.775558e-15 -3.524958e-15
4.523229e-01 5.249998980271e+00 4.749391e+00 5.006081e-01 -3.164136e-15 -3.136380e-15
4.501401e-01 5.249999025356e+00 4.726471e+00 5.235283e-01 -3.913536e-15 -3.247402e-15
4.479098e-01 5.249999079051e+00 4.703052e+00 5.469466e-01 -2.886580e-15 -2.692291e-15
4.456322e-01 5.249999141749e+00 4.679139e+00 5.708606e-01 -2.275957e-15 -3.164136e-15
4.433077e-01 5.249999213840e+00 4.654731e+00 5.952679e-01 -4.357625e-15 -3.635980e-15
4.409365e-01 5.249999295710e+00 4.629833e+00 6.201659e-01 -3.080869e-15 -2.581269e-15
4.385188e-01 5.249999387736e+00 4.604447e+00 6.455521e-01 -2.414735e-15 -3.469447e-15
4.360549e-01 5.249999490288e+00 4.578576e+00 6.714233e-01 -2.636780e-15 -4.385381e-15
4.335451e-01 5.249999603728e+00 4.552223e+00 6.977766e-01 -3.469447e-15 -2.747802e-15
4.309896e-01 5.249999728407e+00 4.525391e+00 7.246086e-01 -2.775558e-15 -2.053913e-15
4.283889e-01 5.249999864667e+00 4.498084e+00 7.519159e-01 -2.664535e-15 -3.802514e-15
4.257433e-01 5.250000012836e+00 4.470305e+00 7.796949e-01 -2.081668e-15 -2.164935e-15
4.230532e-01 5.250000173233e+00 4.442059e+00 8.079416e-01 -3.302913e-15 -1.887379e-15
4.203189e-01 5.250000346161e+00 4.413348e+00 8.366521e-01 -2.581269e-15 -4.940492e-15
4.175408e-01 5.250000531909e+00 4.384179e+00 8.658220e-01 -2.609024e-15 -1.498801e-15
4.147194e-01 5.250000730749e+00 4.354554e+00 8.954469e-01 -2.164935e-15 -4.662937e-15
4.118551e-01 5.250000942939e+00 4.324479e+00 9.255221e-01 -2.581269e-15 -6.550316e-15
4.089484e-01 5.250001168719e+00 4.293959e+00 9.560426e-01 -3.386180e-15 -6.494805e-15
4.059998e-01 5.250001408310e+00 4.262998e+00 9.870034e-01 -2.609024e-15 -5.551115e-15
4.030098e-01 5.250001661914e+00 4.231603e+00 1.018399e+00 -3.802514e-15 -5.495604e-15
3.999788e-01 5.250001929714e+00 4.199778e+00 1.050224e+00 -2.803313e-15 -3.441691e-15
3.969076e-01 5.250002211871e+00 4.167530e+00 1.082473e+00 -3.330669e-15 -2.331468e-15
3.937965e-01 5.250002508527e+00 4.134864e+00 1.115139e+00 -3.774758e-15 -1.387779e-15
3.906464e-01 5.250002819799e+00 4.101787e+00 1.148216e+00 -2.248202e-15 -6.994405e-15
3.874576e-01 5.250003145783e+00 4.068305e+00 1.181698e+00 -2.359224e-15 -6.439294e-15
3.842310e-01 5.250003486553e+00 4.034425e+00 1.215578e+00 -3.191891e-15 -3.885781e-15
3.809671e-01 5.250003842156e+00 4.000155e+00 1.249849e+00 -3.719247e-15 -4.107825e-15
3.776667e-01 5.250004212618e+00 3.965500e+00 1.284504e+00 -2.192690e-15 -6.328271e-15
3.743304e-01 5.250004597938e+00 3.930469e+00 1.319535e+00 -2.581269e-15 -6.383782e-15
3.709590e-01 5.250004998093e+00 3.895070e+00 1.354935e+00 -1.998401e-15 -6.106227e-15
3.675532e-01 5.250005413033e+00 3.859309e+00 1.390696e+00 -2.942091e-15 -4.607426e-15
3.641139e-01 5.250005842682e+00 3.823196e+00 1.426810e+00 -3.358425e-15 -6.605827e-15
3.606417e-01 5.250006286942e+00 3.786738e+00 1.463268e+00 -1.387779e-15 -4.996004e-15
3.571375e-01 5.250006745685e+00 3.749944e+00 1.500063e+00 -3.635980e-15 -7.882583e-15
3.536022e-01 5.250007218763e+00 3.712824e+00 1.537184e+00 -2.414735e-15 -6.772360e-15
3.500366e-01 5.250007705999e+00 3.675385e+00 1.574623e+00 -1.859624e-15 -2.997602e-15
3.464416e-01 5.250008207194e+00 3.637637e+00 1.612371e+00 -3.164136e-15 -4.385381e-15
3.428181e-01 5.250008722122e+00 3.599590e+00 1.650418e+00 -1.915135e-15 -4.107825e-15
3.391670e-01 5.250009250534e+00 3.561254e+00 1.688756e+00 -2.747802e-15 -5.107026e-15
3.354892e-01 5.250009792160e+00 3.522637e+00 1.727373e+00 -9.436896e-16 -5.107026e-15
3.317858e-01 5.250010346703e+00 3.483751e+00 1.766260e+00 -1.970646e-15 -4.940492e-15
3.280576e-01 5.250010913846e+00 3.444605e+00 1.805406e+00 -1.693090e-15 -5.551115e-15
3.243057e-01 5.250011493250e+00 3.405209e+00 1.844802e+00 -1.276756e-15 -6.994405e-15
3.205310e-01 5.250012084555e+00 3.365576e+00 1.884436e+00 -2.858824e-15 -7.827072e-15
3.167347e-01 5.250012687381e+00 3.325714e+00 1.924299e+00 -1.693090e-15 -6.994405e-15
3.129177e-01 5.250013301330e+00 3.285636e+00 1.964377e+00 -2.664535e-15 -5.662137e-15
3.090811e-01 5.250013925985e+00 3.245352e+00 2.004662e+00 -1.720846e-15 -6.994405e-15
3.052261e-01 5.250014560912e+00 3.204874e+00 2.045141e+00 -8.604228e-16 -2.442491e-15
3.013535e-01 5.250015205661e+00 3.164212e+00 2.085803e+00 -2.803313e-15 -2.664535e-15
2.974647e-01 5.250015859770e+00 3.123379e+00 2.126636e+00 -2.664535e-15 -3.608225e-15
2.935607e-01 5.250016522759e+00 3.082387e+00 2.167629e+00 -1.859624e-15 -5.107026e-15
2.896426e-01 5.250017194139e+00 3.041247e+00 2.208770e+00 -9.436896e-16 -4.773959e-15
2.857115e-01 5.250017873410e+00 2.999971e+00 2.250047e+00 -1.193490e-15 -6.328271e-15
2.817686e-01 5.250018560060e+00 2.958571e+00 2.291448e+00 -1.526557e-15 -4.385381e-15
2.778152e-01 5.250019253572e+00 2.917059e+00 2.332960e+00 -2.858824e-15 -6.994405e-15
2.738522e-01 5.250019953419e+00 2.875448e+00 2.374572e+00 -1.748601e-15 -4.829470e-15
2.698810e-01 5.250020659071e+00 2.833750e+00 2.416271e+00 -2.609024e-15 -3.663736e-15
2.659026e-01 5.250021369992e+00 2.791977e+00 2.458044e+00 -2.692291e-15 -5.884182e-15
2.619183e-01 5.250022085642e+00 2.750142e+00 2.499880e+00 -3.053113e-15 -7.827072e-15
2.579293e-01 5.250022805484e+00 2.708258e+00 2.541765e+00 -3.247402e-15 -8.215650e-15
2.539368e-01 5.250023528976e+00 2.666336e+00 2.583687e+00 -1.942890e-15 -6.106227e-15
2.499420e-01 5.250024255579e+00 2.624391e+00 2.625634e+00 -1.054712e-15 -8.049117e-15
2.459460e-01 5.250024984758e+00 2.582433e+00 2.667592e+00 -1.776357e-15 -4.884981e-15
2.419502e-01 5.250025715979e+00 2.540477e+00 2.709549e+00 -1.554312e-15 -6.050715e-15
2.379556e-01 5.250026448714e+00 2.498534e+00 2.751492e+00 -2.275957e-15 -8.271162e-15
2.339636e-01 5.250027182442e+00 2.456618e+00 2.793409e+00 -1.582068e-15 -3.608225e-15
2.299753e-01 5.250027916649e+00 2.414741e+00 2.835287e+00 -1.998401e-15 -8.049117e-15
2.259920e-01 5.250028650829e+00 2.372916e+00 2.877113e+00 -2.026157e-15 -5.495604e-15
2.220148e-01 5.250029384485e+00 2.331155e+00 2.918874e+00 -2.609024e-15 -6.106227e-15
2.180450e-01 5.250030117132e+00 2.289472e+00 2.960558e+00 -4.579670e-15 -7.271961e-15
2.140837e-01 5.250030848295e+00 2.247879e+00 3.002152e+00 -2.997602e-15 -4.884981e-15
2.101323e-01 5.250031577512e+00 2.206389e+00 3.043643e+00 -2.220446e-15 -4.718448e-15
2.061918e-01 5.250032304335e+00 2.165014e+00 3.085019e+00 -2.636780e-15 -7.660539e-15
2.022634e-01 5.250033028329e+00 2.123766e+00 3.126267e+00 -2.525757e-15 -5.773160e-15
1.983484e-01 5.250033749075e+00 2.082659e+00 3.167375e+00 -1.942890e-15 -4.329870e-15
1.944480e-01 5.250034466166e+00 2.041704e+00 3.208331e+00 -1.720846e-15 -3.885781e-15
1.905632e-01 5.250035179214e+00 2.000914e+00 3.249121e+00 -2.442491e-15 -8.881784e-15
1.866953e-01 5.250035887848e+00 1.960301e+00 3.289735e+00 -1.720846e-15 -7.660539e-15
1.828455e-01 5.250036591711e+00 1.919877e+00 3.330159e+00 -3.080869e-15 -1.043610e-14
1.790148e-01 5.250037290465e+00 1.879655e+00 3.370382e+00 -2.664535e-15 -1.243450e-14
1.752044e-01 5.250037983790e+00 1.839646e+00 3.410392e+00 -2.553513e-15 -8.215650e-15
1.714155e-01 5.250038671382e+00 1.799863e+00 3.450176e+00 -2.109424e-15 -5.662137e-15
1.676491e-01 5.250039352956e+00 1.760316e+00 3.489723e+00 -2.942091e-15 -8.659740e-15
1.639065e-01 5.250040028245e+00 1.721018e+00 3.529022e+00 -2.525757e-15 -5.440093e-15
1.601886e-01 5.250040697001e+00 1.681980e+00 3.568061e+00 -1.831868e-15 -1.154632e-14
1.564966e-01 5.250041358992e+00 1.643214e+00 3.606827e+00 -2.192690e-15 -5.329071e-15
1.528315e-01 5.250042014005e+00 1.604731e+00 3.645311e+00 -1.915135e-15 -7.882583e-15
1.491944e-01 5.250042661846e+00 1.566542e+00 3.683501e+00 -2.525757e-15 -9.325873e-15
1.455865e-01 5.250043302337e+00 1.528658e+00 3.721386e+00 -2.636780e-15 -9.658940e-15
1.420086e-01 5.250043935317e+00 1.491090e+00 3.758954e+00 -1.804112e-15 -9.325873e-15
1.384618e-01 5.250044560645e+00 1.453849e+00 3.796195e+00 -2.969847e-15 -9.325873e-15
1.349473e-01 5.250045178193e+00 1.416946e+00 3.833099e+00 -2.498002e-15 -1.143530e-14
1.314658e-01 5.250045787852e+00 1.380391e+00 3.869654e+00 -1.984524e-15 -5.884182e-15
1.280186e-01 5.250046389528e+00 1.344195e+00 3.905851e+00 -1.942890e-15 -1.887379e-15
1.246064e-01 5.250046983142e+00 1.308368e+00 3.941679e+00 -2.345346e-15 -7.327472e-15
1.212304e-01 5.250047568631e+00 1.272919e+00 3.977128e+00 -2.081668e-15 -1.665335e-15
1.178914e-01 5.250048145946e+00 1.237860e+00 4.012188e+00 -2.359224e-15 -7.660539e-15
1.145904e-01 5.250048715050e+00 1.203199e+00 4.046850e+00 -2.650657e-15 -5.773160e-15
1.113283e-01 5.250049275923e+00 1.168947e+00 4.081102e+00 -2.733924e-15 -5.773160e-15
1.081060e-01 5.250049828553e+00 1.135113e+00 4.114937e+00 -2.511880e-15 -4.218847e-15
1.049244e-01 5.250050372943e+00 1.101707e+00 4.148344e+00 -2.622902e-15 -6.439294e-15
1.017845e-01 5.250050909107e+00 1.068737e+00 4.181314e+00 -1.734723e-15 -8.437695e-15
9.868699e-02 5.250051437068e+00 1.036213e+00 4.213838e+00 -3.580469e-15 -1.398881e-14
9.563283e-02 5.250051956859e+00 1.004145e+00 4.245907e+00 -3.108624e-15 -8.326673e-15
9.262285e-02 5.250052468524e+00 9.725399e-01 4.277513e+00 -2.026157e-15 2.331468e-15
8.965787e-02 5.250052972114e+00 9.414077e-01 4.308645e+00 -3.247402e-15 -1.887379e-15
8.673872e-02 5.250053467687e+00 9.107566e-01 4.339297e+00 -2.609024e-15 -9.547918e-15
8.386620e-02 5.250053955311e+00 8.805951e-01 4.369459e+00 -2.733924e-15 -7.216450e-15
8.104111e-02 5.250054435057e+00 8.509316e-01 4.399123e+00 -2.095546e-15 -7.771561e-15
7.826421e-02 5.250054907004e+00 8.217742e-01 4.428281e+00 -2.803313e-15 -1.210143e-14
7.553629e-02 5.250055371237e+00 7.931310e-01 4.456924e+00 -2.331468e-15 1.554312e-15
7.285809e-02 5.250055827844e+00 7.650100e-01 4.485046e+00 -2.720046e-15 -6.994405e-15
7.023036e-02 5.250056276918e+00 7.374188e-01 4.512638e+00 -1.887379e-15 -9.325873e-15
6.765382e-02 5.250056718555e+00 7.103651e-01 4.539692e+00 -2.109424e-15 -5.773160e-15
6.512920e-02 5.250057152856e+00 6.838566e-01 4.566201e+00 -2.428613e-15 -5.884182e-15
6.265720e-02 5.250057579925e+00 6.579006e-01 4.592157e+00 -1.984524e-15 -1.032507e-14
6.023852e-02 5.250057999866e+00 6.325045e-01 4.617554e+00 -2.317591e-15 -4.218847e-15
5.787383e-02 5.250058412788e+00 6.076753e-01 4.642383e+00 -2.678413e-15 -4.884981e-15
5.556382e-02 5.250058818802e+00 5.834201e-01 4.666639e+00 -2.289835e-15 -3.552714e-15
5.330914e-02 5.250059218020e+00 5.597459e-01 4.690313e+00 -1.831868e-15 -6.883383e-15
5.111043e-02 5.250059610555e+00 5.366595e-01 4.713400e+00 -2.414735e-15 -7.771561e-15
4.896835e-02 5.250059996524e+00 5.141676e-01 4.735892e+00 -2.137179e-15 -1.276756e-14
4.688351e-02 5.250060376044e+00 4.922768e-01 4.757784e+00 -2.664535e-15 -8.437695e-15
4.485654e-02 5.250060749232e+00 4.709936e-01 4.779067e+00 -2.359224e-15 -6.328271e-15
4.288803e-02 5.250061116208e+00 4.503243e-01 4.799737e+00 -2.262079e-15 -1.310063e-14
4.097860e-02 5.250061477091e+00 4.302753e-01 4.819786e+00 -2.428613e-15 -8.437695e-15
3.912882e-02 5.250061832001e+00 4.108526e-01 4.839209e+00 -2.622902e-15 -9.325873e-15
3.733928e-02 5.250062181059e+00 3.920624e-01 4.858000e+00 -2.317591e-15 -1.076916e-14
3.561054e-02 5.250062524384e+00 3.739106e-01 4.876152e+00 -2.595146e-15 -9.658940e-15
3.394316e-02 5.250062862093e+00 3.564031e-01 4.893660e+00 -2.289835e-15 -6.772360e-15
3.233768e-02 5.250063194302e+00 3.395457e-01 4.910518e+00 -2.248202e-15 -9.658940e-15
3.079466e-02 5.250063521122e+00 3.233440e-01 4.926720e+00 -2.199629e-15 -1.376677e-14
2.931462e-02 5.250063842662e+00 3.078036e-01 4.942260e+00 -2.824130e-15 -4.996004e-15
2.789809e-02 5.250064159022e+00 2.929299e-01 4.957134e+00 -2.095546e-15 -4.218847e-15
2.654558e-02 5.250064470294e+00 2.787285e-01 4.971336e+00 -1.929013e-15 -7.105427e-15
2.525759e-02 5.250064776562e+00 2.652047e-01 4.984860e+00 -2.463307e-15 -1.110223e-14
2.403462e-02 5.250065077895e+00 2.523635e-01 4.997702e+00 -2.449430e-15 -6.106227e-15
2.287717e-02 5.250065374346e+00 2.402103e-01 5.009855e+00 -2.491063e-15 -1.221245e-14
2.178571e-02 5.250065665954e+00 2.287500e-01 5.021316e+00 -2.664535e-15 -1.387779e-14
2.076072e-02 5.250065952730e+00 2.179876e-01 5.032078e+00 -2.498002e-15 -7.216450e-15
1.980267e-02 5.250066234665e+00 2.079280e-01 5.042138e+00 -2.386980e-15 -8.881784e-15
1.891200e-02 5.250066511718e+00 1.985760e-01 5.051490e+00 -2.352285e-15 -1.165734e-14
1.808918e-02 5.250066783817e+00 1.899364e-01 5.060130e+00 -2.567391e-15 -8.437695e-15
1.733464e-02 5.250067050851e+00 1.820137e-01 5.068053e+00 -2.456368e-15 -1.154632e-14
1.664881e-02 5.250067312669e+00 1.748125e-01 5.075255e+00 -2.303713e-15 -8.659740e-15
1.603211e-02 5.250067569073e+00 1.683372e-01 5.081730e+00 -2.303713e-15 -1.276756e-14
1.548498e-02 5.250067819817e+00 1.625922e-01 5.087476e+00 -2.373102e-15 -7.771561e-15
1.500779e-02 5.250068064602e+00 1.575818e-01 5.092486e+00 -2.345346e-15 -1.409983e-14
1.460096e-02 5.250068303068e+00 1.533101e-01 5.096758e+00 -2.241263e-15 -9.992007e-15
1.426487e-02 5.250068534797e+00 1.497812e-01 5.100287e+00 -2.643719e-15 -1.043610e-14
1.399989e-02 5.250068759307e+00 1.469989e-01 5.103070e+00 -2.439021e-15 -9.769963e-15
1.380639e-02 5.250068976048e+00 1.449671e-01 5.105102e+00 -2.380041e-15 -1.554312e-14
1.368471e-02 5.250069184404e+00 1.436895e-01 5.106380e+00 -2.393918e-15 -1.243450e-14
1.363519e-02 5.250069383690e+00 1.431695e-01 5.106900e+00 -2.414735e-15 -1.387779e-14
1.365815e-02 5.250069573149e+00 1.434106e-01 5.106659e+00 -2.404327e-15 -1.110223e-14
1.375390e-02 5.250069751958e+00 1.444160e-01 5.105654e+00 -2.563921e-15 -1.010303e-14
1.392273e-02 5.250069919228e+00 1.461886e-01 5.103881e+00 -2.445960e-15 -1.620926e-14
1.416490e-02 5.250070074005e+00 1.487314e-01 5.101339e+00 -2.511880e-15 -1.199041e-14
1.448067e-02 5.250070215276e+00 1.520470e-01 5.098023e+00 -2.501471e-15 -1.310063e-14
1.487026e-02 5.250070341973e+00 1.561378e-01 5.093933e+00 -2.393918e-15 -1.387779e-14
1.533389e-02 5.250070452982e+00 1.610059e-01 5.089065e+00 -2.421674e-15 -1.987299e-14
1.587174e-02 5.250070547146e+00 1.666532e-01 5.083417e+00 -2.263814e-15 -1.187939e-14
1.648395e-02 5.250070623281e+00 1.730815e-01 5.076989e+00 -2.373102e-15 -1.487699e-14
1.717066e-02 5.250070680176e+00 1.802919e-01 5.069779e+00 -2.409531e-15 -1.676437e-14
1.793196e-02 5.250070716613e+00 1.882856e-01 5.061785e+00 -2.478920e-15 -1.076916e-14
1.876793e-02 5.250070731374e+00 1.970633e-01 5.053007e+00 -2.322795e-15 -8.548717e-15
1.967859e-02 5.250070723252e+00 2.066252e-01 5.043446e+00 -2.310652e-15 -1.287859e-14
2.066394e-02 5.250070691067e+00 2.169714e-01 5.033099e+00 -2.610759e-15 -2.187139e-14
2.172395e-02 5.250070633680e+00 2.281014e-01 5.021969e+00 -2.654127e-15 -1.987299e-14
2.285852e-02 5.250070550002e+00 2.400145e-01 5.010056e+00 -2.298075e-15 -1.565414e-14
2.406755e-02 5.250070439011e+00 2.527092e-01 4.997361e+00 -2.868799e-15 -7.882583e-15
2.535087e-02 5.250070299763e+00 2.661841e-01 4.983886e+00 -2.567824e-15 -1.210143e-14
2.670827e-02 5.250070131407e+00 2.804369e-01 4.969633e+00 -2.819793e-15 -1.532108e-14
2.813952e-02 5.250069933193e+00 2.954650e-01 4.954605e+00 -2.393918e-15 -1.321165e-14
2.964431e-02 5.250069704488e+00 3.112653e-01 4.938804e+00 -2.535298e-15 -2.142730e-14
3.122230e-02 5.250069444779e+00 3.278342e-01 4.922235e+00 -2.593412e-15 -1.165734e-14
3.287311e-02 5.250069153687e+00 3.451677e-01 4.904901e+00 -2.246467e-15 -1.476597e-14
3.459630e-02 5.250068830970e+00 3.632612e-01 4.886808e+00 -2.714842e-15 -1.498801e-14
3.639138e-02 5.250068476530e+00 3.821095e-01 4.867959e+00 -2.263814e-15 -1.720846e-14
3.825782e-02 5.250068090413e+00 4.017072e-01 4.848361e+00 -2.281161e-15 -2.187139e-14
4.019504e-02 5.250067672815e+00 4.220480e-01 4.828020e+00 -2.388714e-15 -1.021405e-14
4.220241e-02 5.250067224073e+00 4.431253e-01 4.806942e+00 -2.435552e-15 -1.754152e-14
4.427925e-02 5.250066744671e+00 4.649322e-01 4.785135e+00 -2.227385e-15 -2.076117e-14
4.642484e-02 5.250066235228e+00 4.874608e-01 4.762605e+00 -2.355754e-15 -1.476597e-14
4.863841e-02 5.250065696493e+00 5.107033e-01 4.739362e+00 -2.459838e-15 -1.487699e-14
5.091913e-02 5.250065129337e+00 5.346509e-01 4.715414e+00 -2.223915e-15 -1.054712e-14
5.326616e-02 5.250064534743e+00 5.592946e-01 4.690770e+00 -2.643719e-15 -1.143530e-14
5.567858e-02 5.250063913789e+00 5.846251e-01 4.665439e+00 -1.953299e-15 -1.487699e-14
5.815546e-02 5.250063267642e+00 6.106324e-01 4.639431e+00 -2.300243e-15 -1.476597e-14
6.069582e-02 5.250062597537e+00 6.373061e-01 4.612756e+00 -1.870032e-15 -1.487699e-14
6.329864e-02 5.250061904768e+00 6.646357e-01 4.585426e+00 -2.161465e-15 -1.432188e-14
6.596285e-02 5.250061190666e+00 6.926100e-01 4.557451e+00 -2.685352e-15 -9.658940e-15
6.868739e-02 5.250060456589e+00 7.212176e-01 4.528843e+00 -2.525757e-15 -9.658940e-15
7.147112e-02 5.250059703905e+00 7.504467e-01 4.499613e+00 -1.512679e-15 -1.543210e-14
7.431289e-02 5.250058933974e+00 7.802853e-01 4.469774e+00 -1.686151e-15 -1.065814e-14
7.721154e-02 5.250058148140e+00 8.107211e-01 4.439337e+00 -1.998401e-15 -1.365574e-14
8.016585e-02 5.250057347710e+00 8.417414e-01 4.408316e+00 -2.407796e-15 -1.343370e-14
8.317461e-02 5.250056533950e+00 8.733334e-01 4.376723e+00 -2.185752e-15 -1.831868e-14
8.623656e-02 5.250055708070e+00 9.054838e-01 4.344572e+00 -1.991463e-15 -1.465494e-14
8.935043e-02 5.250054871216e+00 9.381796e-01 4.311875e+00 -6.453171e-16 -1.987299e-14
9.251495e-02 5.250054024466e+00 9.714070e-01 4.278647e+00 -2.296774e-15 -1.998401e-14
9.572881e-02 5.250053168817e+00 1.005152e+00 4.244901e+00 -2.262079e-15 -1.787459e-14
9.899068e-02 5.250052305194e+00 1.039402e+00 4.210650e+00 -2.352285e-15 -1.532108e-14
1.022992e-01 5.250051434435e+00 1.074142e+00 4.175909e+00 -1.491862e-15 -1.687539e-14
1.056531e-01 5.250050557303e+00 1.109358e+00 4.140693e+00 -2.491063e-15 -2.053913e-14
1.090510e-01 5.250049674480e+00 1.145036e+00 4.105014e+00 -2.456368e-15 -2.120526e-14
1.124915e-01 5.250048786575e+00 1.181161e+00 4.068888e+00 -2.116363e-15 -1.953993e-14
1.159732e-01 5.250047894125e+00 1.217719e+00 4.032329e+00 -1.804112e-15 -2.076117e-14
1.194948e-01 5.250046997607e+00 1.254695e+00 3.995352e+00 -2.720046e-15 -2.398082e-14
1.230548e-01 5.250046097436e+00 1.292075e+00 3.957971e+00 -2.678413e-15 -1.854072e-14
1.266518e-01 5.250045193983e+00 1.329844e+00 3.920201e+00 -1.922074e-15 -2.142730e-14
1.302844e-01 5.250044287574e+00 1.367987e+00 3.882058e+00 -2.241263e-15 -1.565414e-14
1.339513e-01 5.250043378503e+00 1.406489e+00 3.843555e+00 -1.817990e-15 -1.998401e-14
1.376509e-01 5.250042467038e+00 1.445335e+00 3.804708e+00 -2.511880e-15 -1.953993e-14
1.413819e-01 5.250041553431e+00 1.484510e+00 3.765532e+00 -3.247402e-15 -1.354472e-14
1.451428e-01 5.250040637923e+00 1.523999e+00 3.726042e+00 -1.804112e-15 -1.543210e-14
1.489321e-01 5.250039720753e+00 1.563787e+00 3.686253e+00 -2.095546e-15 -1.509903e-14
1.527484e-01 5.250038802162e+00 1.603859e+00 3.646180e+00 -1.373901e-15 -1.054712e-14
1.565903e-01 5.250037882400e+00 1.644198e+00 3.605840e+00 -2.858824e-15 -1.565414e-14
1.604563e-01 5.250036961731e+00 1.684791e+00 3.565246e+00 -1.817990e-15 -1.532108e-14
1.643449e-01 5.250036040433e+00 1.725621e+00 3.524415e+00 -3.122502e-15 -1.587619e-14
1.682546e-01 5.250035118803e+00 1.766673e+00 3.483362e+00 -2.706169e-15 -1.576517e-14
1.721840e-01 5.250034197160e+00 1.807932e+00 3.442102e+00 -3.094747e-15 -1.709743e-14
1.761317e-01 5.250033275844e+00 1.849383e+00 3.400651e+00 -1.429412e-15 -1.432188e-14
1.800961e-01 5.250032355217e+00 1.891009e+00 3.359024e+00 -2.789435e-15 -1.043610e-14
1.840757e-01 5.250031435660e+00 1.932795e+00 3.317237e+00 -1.915135e-15 -1.076916e-14
1.880691e-01 5.250030517578e+00 1.974726e+00 3.275305e+00 -2.470246e-15 -1.043610e-14
1.920748e-01 5.250029601394e+00 2.016786e+00 3.233244e+00 -2.650657e-15 -9.436896e-15
1.960914e-01 5.250028687549e+00 2.058959e+00 3.191069e+00 -2.567391e-15 -1.476597e-14
2.001172e-01 5.250027776502e+00 2.101231e+00 3.148797e+00 -2.636780e-15 -1.376677e-14
2.041510e-01 5.250026868728e+00 2.143586e+00 3.106441e+00 -2.442491e-15 -1.487699e-14
2.081912e-01 5.250025964716e+00 2.186007e+00 3.064019e+00 -1.776357e-15 -1.121325e-14
2.122363e-01 5.250025064972e+00 2.228481e+00 3.021544e+00 -2.775558e-15 -1.332268e-14
2.162848e-01 5.250024170015e+00 2.270991e+00 2.979033e+00 -2.498002e-15 -1.498801e-14
2.203354e-01 5.250023280379e+00 2.313522e+00 2.936501e+00 -2.470246e-15 -1.654232e-14
2.243866e-01 5.250022396612e+00 2.356059e+00 2.893963e+00 -1.706968e-15 -1.165734e-14
2.284369e-01 5.250021519281e+00 2.398587e+00 2.851434e+00 -2.525757e-15 -1.409983e-14
2.324848e-01 5.250020648970e+00 2.441091e+00 2.808930e+00 -1.457168e-15 -1.809664e-14
2.365291e-01 5.250019786283e+00 2.483555e+00 2.766465e+00 -1.748601e-15 -1.532108e-14
2.405682e-01 5.250018931846e+00 2.525966e+00 2.724053e+00 -3.178013e-15 -1.365574e-14
2.446007e-01 5.250018086312e+00 2.568307e+00 2.681711e+00 -2.969847e-15 -1.554312e-14
2.486253e-01 5.250017250360e+00 2.610566e+00 2.639452e+00 -2.775558e-15 -1.509903e-14
2.526406e-01 5.250016424697e+00 2.652726e+00 2.597290e+00 -3.372302e-15 -1.665335e-14
2.566452e-01 5.250015610064e+00 2.694775e+00 2.555241e+00 -5.009881e-15 -1.776357e-14
2.606378e-01 5.250014807236e+00 2.736697e+00 2.513318e+00 -1.429412e-15 -1.620926e-14
2.646171e-01 5.250014017023e+00 2.778479e+00 2.471535e+00 -3.261280e-15 -1.543210e-14
2.685817e-01 5.250013240269e+00 2.820108e+00 2.429906e+00 -4.302114e-15 -1.521006e-14
2.725304e-01 5.250012477857e+00 2.861569e+00 2.388444e+00 -2.303713e-15 -1.576517e-14
2.764619e-01 5.250011730704e+00 2.902850e+00 2.347162e+00 -3.330669e-15 -1.543210e-14
2.803749e-01 5.250010999760e+00 2.943937e+00 2.306074e+00 -2.761680e-15 -1.532108e-14
2.842683e-01 5.250010286007e+00 2.984817e+00 2.265193e+00 -3.913536e-15 -1.387779e-14
2.881409e-01 5.250009590452e+00 3.025479e+00 2.224530e+00 -1.498801e-15 -1.598721e-14
2.919914e-01 5.250008914127e+00 3.065910e+00 2.184099e+00 -3.205769e-15 -1.532108e-14
2.958189e-01 5.250008258076e+00 3.106098e+00 2.143910e+00 -2.234324e-15 -1.443290e-14
2.996221e-01 5.250007623354e+00 3.146032e+00 2.103976e+00 -2.026157e-15 -1.509903e-14
3.034000e-01 5.250007011017e+00 3.185700e+00 2.064307e+00 -1.665335e-15 -1.809664e-14
3.071516e-01 5.250006422111e+00 3.225092e+00 2.024914e+00 -2.192690e-15 -1.676437e-14
3.108759e-01 5.250005857664e+00 3.264197e+00 1.985809e+00 -2.831069e-15 -1.743050e-14
3.145719e-01 5.250005318675e+00 3.303005e+00 1.947001e+00 -2.914335e-15 -1.665335e-14
3.182387e-01 5.250004806100e+00 3.341506e+00 1.908499e+00 -6.106227e-16 -1.576517e-14
3.218754e-01 5.250004320845e+00 3.379692e+00 1.870312e+00 -1.082467e-15 -1.365574e-14
3.254812e-01 5.250003863749e+00 3.417553e+00 1.832451e+00 -3.302913e-15 -1.443290e-14
3.290554e-01 5.250003435573e+00 3.455081e+00 1.794922e+00 -2.331468e-15 -1.432188e-14
3.325970e-01 5.250003036990e+00 3.492269e+00 1.757734e+00 -3.108624e-15 -1.632028e-14
3.361055e-01 5.250002668569e+00 3.529108e+00 1.720894e+00 -1.831868e-15 -1.565414e-14
3.395803e-01 5.250002330766e+00 3.565593e+00 1.684410e+00 -2.720046e-15 -1.687539e-14
3.430205e-01 5.250002023912e+00 3.601716e+00 1.648286e+00 -2.775558e-15 -1.720846e-14
3.464258e-01 5.250001748204e+00 3.637471e+00 1.612530e+00 -3.219647e-15 -1.598721e-14
3.497957e-01 5.250001503692e+00 3.672854e+00 1.577147e+00 -2.747802e-15 -1.687539e-14
3.531295e-01 5.250001290273e+00 3.707860e+00 1.542142e+00 -1.693090e-15 -1.565414e-14
3.564269e-01 5.250001107686e+00 3.742483e+00 1.507518e+00 -3.719247e-15 -1.654232e-14
3.596876e-01 5.250000955503e+00 3.776720e+00 1.473281e+00 -2.192690e-15 -1.387779e-14
3.629112e-01 5.250000833125e+00 3.810568e+00 1.439433e+00 -3.053113e-15 -1.459943e-14
3.660975e-01 5.250000739783e+00 3.844023e+00 1.405977e+00 -2.831069e-15 -1.609823e-14
3.692461e-01 5.250000674531e+00 3.877084e+00 1.372917e+00 -1.915135e-15 -1.826317e-14
3.723569e-01 5.250000636253e+00 3.909747e+00 1.340254e+00 -2.886580e-15 -1.637579e-14
3.754297e-01 5.250000623662e+00 3.942012e+00 1.307989e+00 -2.886580e-15 -1.648681e-14
3.784644e-01 5.250000635305e+00 3.973877e+00 1.276124e+00 -1.526557e-15 -1.704192e-14
3.814610e-01 5.250000669570e+00 4.005341e+00 1.244660e+00 -2.692291e-15 -1.743050e-14
3.844194e-01 5.250000724692e+00 4.036403e+00 1.213597e+00 -2.997602e-15 -1.526557e-14
3.873395e-01 5.250000798763e+00 4.067064e+00 1.182936e+00 -2.164935e-15 -1.904032e-14
3.902214e-01 5.250000889742e+00 4.097324e+00 1.152676e+00 -1.304512e-15 -1.665335e-14
3.930651e-01 5.250000995469e+00 4.127183e+00 1.122818e+00 -2.858824e-15 -1.676437e-14
3.958707e-01 5.250001113680e+00 4.156642e+00 1.093359e+00 -2.886580e-15 -1.865175e-14
3.986382e-01 5.250001242014e+00 4.185701e+00 1.064300e+00 -1.498801e-15 -1.965095e-14
4.013678e-01 5.250001378039e+00 4.214362e+00 1.035639e+00 -2.914335e-15 -1.554312e-14
4.040596e-01 5.250001519262e+00 4.242625e+00 1.007376e+00 -2.553513e-15 -1.743050e-14
4.067136e-01 5.250001663150e+00 4.270493e+00 9.795091e-01 -1.360023e-15 -1.831868e-14
4.093300e-01 5.250001807144e+00 4.297965e+00 9.520369e-01 -1.693090e-15 -1.770806e-14
4.119089e-01 5.250001948684e+00 4.325044e+00 9.249584e-01 -2.720046e-15 -2.026157e-14
4.144505e-01 5.250002085224e+00 4.351730e+00 8.982722e-01 -1.776357e-15 -1.820766e-14
4.169548e-01 5.250002214252e+00 4.378025e+00 8.719773e-01 -1.665335e-15 -1.565414e-14
4.194219e-01 5.250002333311e+00 4.403930e+00 8.460725e-01 -2.026157e-15 -1.748601e-14
4.218520e-01 5.250002440019e+00 4.429445e+00 8.205569e-01 -3.025358e-15 -1.765255e-14
4.242450e-01 5.250002532085e+00 4.454573e+00 7.954299e-01 -2.109424e-15 -1.865175e-14
4.266011e-01 5.250002607336e+00 4.479312e+00 7.706908e-01 -2.109424e-15 -1.926237e-14
4.289203e-01 5.250002663730e+00 4.503663e+00 7.463393e-01 -1.693090e-15 -1.781908e-14
4.312026e-01 5.250002699376e+00 4.527627e+00 7.223755e-01 -1.165734e-15 -1.826317e-14
4.334479e-01 5.250002712558e+00 4.551203e+00 6.987996e-01 -1.554312e-15 -1.776357e-14
4.356562e-01 5.250002701746e+00 4.574390e+00 6.756122e-01 -1.831868e-15 -1.820766e-14
4.378275e-01 5.250002665620e+00 4.597188e+00 6.528144e-01 1.387779e-16 -1.787459e-14
4.399615e-01 5.250002603082e+00 4.619595e+00 6.304072e-01 -1.443290e-15 -1.881828e-14
4.420581e-01 5.250002513275e+00 4.641610e+00 6.083926e-01 -2.581269e-15 -2.003953e-14
4.441171e-01 5.250002395596e+00 4.663230e+00 5.867725e-01 8.326673e-17 -1.992850e-14
4.461384e-01 5.250002249710e+00 4.684453e+00 5.655495e-01 -1.221245e-15 -1.876277e-14
4.481215e-01 5.250002075561e+00 4.705276e+00 5.447264e-01 -1.554312e-15 -2.103873e-14
4.500662e-01 5.250001873382e+00 4.725695e+00 5.243064e-01 -2.053913e-15 -1.976197e-14
4.519722e-01 5.250001643706e+00 4.745708e+00 5.042933e-01 -1.915135e-15 -2.015055e-14
4.538391e-01 5.250001387365e+00 4.765310e+00 4.846911e-01 -1.443290e-15 -1.970646e-14
4.556664e-01 5.250001105497e+00 4.784497e+00 4.655041e-01 -1.471046e-15 -1.931788e-14
4.574537e-01 5.250000799546e+00 4.803264e+00 4.467372e-01 -1.831868e-15 -1.870726e-14
4.592005e-01 5.250000471255e+00 4.821605e+00 4.283953e-01 -1.887379e-15 -1.876277e-14
4.609063e-01 5.250000122660e+00 4.839516e+00 4.104838e-01 -2.359224e-15 -2.031708e-14
4.625706e-01 5.249999756078e+00 4.856991e+00 3.930083e-01 -7.771561e-16 -2.109424e-14
4.641928e-01 5.249999374094e+00 4.874025e+00 3.759747e-01 -1.693090e-15 -2.081668e-14
4.657724e-01 5.249998979536e+00 4.890610e+00 3.593889e-01 -2.359224e-15 -1.998401e-14
4.673087e-01 5.249998575454e+00 4.906742e+00 3.432570e-01 -1.915135e-15 -2.076117e-14
4.688012e-01 5.249998165089e+00 4.922413e+00 3.275852e-01 -3.413936e-15 -2.020606e-14
4.702493e-01 5.249997751840e+00 4.937618e+00 3.123798e-01 -2.026157e-15 -2.159384e-14
4.716524e-01 5.249997339224e+00 4.952351e+00 2.976468e-01 -8.326673e-17 -1.998401e-14
4.730099e-01 5.249996930836e+00 4.966604e+00 2.833925e-01 -7.494005e-16 -2.120526e-14
4.743213e-01 5.249996530297e+00 4.980374e+00 2.696228e-01 -1.054712e-15 -2.126077e-14
4.755860e-01 5.249996141211e+00 4.993653e+00 2.563434e-01 -2.775558e-17 -2.020606e-14
4.768034e-01 5.249995767103e+00 5.006436e+00 2.435598e-01 -1.387779e-15 -2.137179e-14
4.779732e-01 5.249995411366e+00 5.018718e+00 2.312773e-01 -1.970646e-15 -2.026157e-14
4.790947e-01 5.249995077206e+00 5.030494e+00 2.195007e-01 -1.304512e-15 -1.987299e-14
4.801677e-01 5.249994767577e+00 5.041760e+00 2.082344e-01 -1.193490e-15 -2.067790e-14
4.811916e-01 5.249994485124e+00 5.052512e+00 1.974823e-01 -3.247402e-15 -2.028933e-14
4.821663e-01 5.249994232125e+00 5.062746e+00 1.872481e-01 -1.249001e-15 -2.034484e-14
4.830914e-01 5.249994010431e+00 5.072460e+00 1.775344e-01 -2.026157e-15 -2.076117e-14
4.839667e-01 5.249993821415e+00 5.081650e+00 1.683439e-01 -2.553513e-15 -2.048361e-14
4.847920e-01 5.249993665918e+00 5.090316e+00 1.596782e-01 -2.858824e-15 -2.076117e-14
4.855672e-01 5.249993544207e+00 5.098455e+00 1.515385e-01 -3.885781e-16 -2.045586e-14
4.862922e-01 5.249993455932e+00 5.106068e+00 1.439254e-01 -1.387779e-15 -2.092770e-14
4.869671e-01 5.249993400099e+00 5.113154e+00 1.368390e-01 -3.219647e-15 -2.137179e-14
4.875919e-01 5.249993375041e+00 5.119715e+00 1.302786e-01 -8.881784e-16 -2.045586e-14
4.881667e-01 5.249993378402e+00 5.125750e+00 1.242431e-01 -2.775558e-15 -2.109424e-14
4.886917e-01 5.249993407139e+00 5.131262e+00 1.187310e-01 -1.110223e-15 -2.089995e-14
4.891670e-01 5.249993457521e+00 5.136253e+00 1.137400e-01 -1.665335e-15 -2.095546e-14
4.895929e-01 5.249993525147e+00 5.140726e+00 1.092676e-01 -1.609823e-15 -2.056688e-14
4.899698e-01 5.249993604976e+00 5.144683e+00 1.053111e-01 -7.771561e-16 -2.089995e-14
4.902978e-01 5.249993691365e+00 5.148126e+00 1.018672e-01 -2.109424e-15 -2.081668e-14
4.905772e-01 5.249993778124e+00 5.151061e+00 9.893276e-02 -1.665335e-16 -2.123302e-14
4.908085e-01 5.249993858576e+00 5.153490e+00 9.650427e-02 -1.387779e-15 -2.117750e-14
4.909920e-01 5.249993925635e+00 5.155416e+00 9.457840e-02 -1.665335e-15 -2.120526e-14
4.911278e-01 5.249993971890e+00 5.156842e+00 9.315191e-02 -1.498801e-15 -2.145506e-14
4.912164e-01 5.249993989705e+00 5.157772e+00 9.222180e-02 -2.386980e-15 -2.123302e-14
4.912580e-01 5.249993971320e+00 5.158209e+00 9.178541e-02 -2.664535e-15 -2.145506e-14
4.912527e-01 5.249993908964e+00 5.158153e+00 9.184057e-02 -2.109424e-15 -2.152445e-14
4.912008e-01 5.249993794979e+00 5.157608e+00 9.238569e-02 -3.330669e-15 -2.153833e-14
4.911023e-01 5.249993621938e+00 5.156574e+00 9.341989e-02 -3.164136e-15 -2.167710e-14
4.909572e-01 5.249993382774e+00 5.155050e+00 9.494308e-02 -1.110223e-15 -2.173262e-14
4.907654e-01 5.249993070903e+00 5.153037e+00 9.695612e-02 -3.386180e-15 -2.184364e-14
4.905268e-01 5.249992680351e+00 5.150532e+00 9.946086e-02 -4.052314e-15 -2.212119e-14
4.902411e-01 5.249992205870e+00 5.147532e+00 1.024603e-01 -2.220446e-15 -2.203793e-14
4.899079e-01 5.249991643048e+00 5.144033e+00 1.059585e-01 -1.276756e-15 -2.210038e-14
4.895267e-01 5.249990988412e+00 5.140030e+00 1.099610e-01 -3.941292e-15 -2.232936e-14
4.890968e-01 5.249990239507e+00 5.135516e+00 1.144743e-01 -2.164935e-15 -2.214895e-14
4.886174e-01 5.249989394975e+00 5.130483e+00 1.195065e-01 -3.719247e-15 -2.205874e-14
4.880878e-01 5.249988454596e+00 5.124921e+00 1.250670e-01 -1.165734e-15 -2.244732e-14
4.875068e-01 5.249987419319e+00 5.118821e+00 1.311663e-01 -2.831069e-15 -2.235712e-14
4.868733e-01 5.249986291267e+00 5.112170e+00 1.378166e-01 -2.609024e-15 -2.209691e-14
4.861861e-01 5.249985073710e+00 5.104954e+00 1.450311e-01 -2.386980e-15 -2.240048e-14
4.854438e-01 5.249983771018e+00 5.097160e+00 1.528242e-01 -2.498002e-15 -2.231548e-14
4.846448e-01 5.249982388583e+00 5.088771e+00 1.612117e-01 -3.996803e-15 -2.189568e-14
4.837877e-01 5.249980932713e+00 5.079771e+00 1.702102e-01 -4.107825e-15 -2.237793e-14
4.828707e-01 5.249979410498e+00 5.070142e+00 1.798374e-01 -2.775558e-15 -2.194772e-14
4.818920e-01 5.249977829658e+00 5.059866e+00 1.901118e-01 -3.774758e-15 -2.239875e-14
4.808499e-01 5.249976198366e+00 5.048924e+00 2.010526e-01 -3.330669e-15 -2.278733e-14
4.797424e-01 5.249974525056e+00 5.037295e+00 2.126797e-01 -2.664535e-15 -2.284978e-14
4.785676e-01 5.249972818220e+00 5.024960e+00 2.250133e-01 -1.498801e-15 -2.306488e-14
4.773235e-01 5.249971086210e+00 5.011897e+00 2.380740e-01 -3.608225e-15 -2.324529e-14
4.760083e-01 5.249969337033e+00 4.998087e+00 2.518826e-01 -3.830269e-15 -2.274569e-14
4.746198e-01 5.249967578175e+00 4.983508e+00 2.664599e-01 -2.886580e-15 -2.338407e-14
4.731561e-01 5.249965816438e+00 4.968139e+00 2.818266e-01 -3.996803e-15 -2.353673e-14
4.716153e-01 5.249964057822e+00 4.951961e+00 2.980034e-01 -3.219647e-15 -2.307876e-14
4.699954e-01 5.249962307447e+00 4.934952e+00 3.150105e-01 -1.776357e-15 -2.434164e-14
4.682945e-01 5.249960569541e+00 4.917093e+00 3.328680e-01 -3.941292e-15 -2.273182e-14
4.665108e-01 5.249958847483e+00 4.898364e+00 3.515952e-01 -3.830269e-15 -2.378653e-14
4.646425e-01 5.249957143937e+00 4.878746e+00 3.712113e-01 -4.107825e-15 -2.459144e-14
