5.000000e-01 5.250000000000e+00 5.250000e+00 0.000000e+00 -1.137979e-15 0.000000e+00
4.999704e-01 5.249999997696e+00 5.249689e+00 3.111490e-04 -2.220446e-15 -4.510281e-17
4.998815e-01 5.249999990795e+00 5.248755e+00 1.244605e-03 -1.360023e-15 -1.318390e-16
4.997333e-01 5.249999979334e+00 5.247200e+00 2.800396e-03 -1.249001e-15 -6.071532e-17
4.995258e-01 5.249999963375e+00 5.245021e+00 4.978567e-03 -7.771561e-16 -3.226586e-16
4.992591e-01 5.249999943002e+00 5.242221e+00 7.779179e-03 -2.053913e-15 -8.673617e-17
4.989331e-01 5.249999918324e+00 5.238798e+00 1.120231e-02 -2.886580e-15 -2.359224e-16
4.985478e-01 5.249999889476e+00 5.234752e+00 1.524805e-02 -4.718448e-16 -7.077672e-16
4.981032e-01 5.249999856615e+00 5.230083e+00 1.991651e-02 -1.942890e-15 -5.273559e-16
4.975992e-01 5.249999819922e+00 5.224792e+00 2.520780e-02 -1.137979e-15 -1.595946e-16
4.970360e-01 5.249999779602e+00 5.218878e+00 3.112203e-02 -2.636780e-15 -8.465451e-16
4.964134e-01 5.249999735885e+00 5.212340e+00 3.765934e-02 -1.498801e-15 -4.649059e-16
4.957314e-01 5.249999689021e+00 5.205180e+00 4.481985e-02 -1.887379e-15 -6.800116e-16
4.949901e-01 5.249999639285e+00 5.197396e+00 5.260368e-02 -2.831069e-15 -7.632783e-16
4.941894e-01 5.249999586976e+00 5.188989e+00 6.101095e-02 -1.998401e-15 -8.881784e-16
4.933293e-01 5.249999532412e+00 5.179958e+00 7.004178e-02 -2.581269e-15 -8.604228e-16
4.924098e-01 5.249999475937e+00 5.170303e+00 7.969624e-02 -2.192690e-15 -5.551115e-16
4.914310e-01 5.249999417912e+00 5.160025e+00 8.997441e-02 -1.443290e-15 -1.526557e-16
4.903927e-01 5.249999358724e+00 5.149123e+00 1.008763e-01 -2.720046e-15 -8.187895e-16
4.892950e-01 5.249999298777e+00 5.137597e+00 1.124020e-01 -2.720046e-15 -3.330669e-16
4.881379e-01 5.249999238498e+00 5.125448e+00 1.245515e-01 -2.164935e-15 -1.276756e-15
4.869214e-01 5.249999178331e+00 5.112675e+00 1.373246e-01 -2.525757e-15 -4.718448e-16
4.856455e-01 5.249999118741e+00 5.099278e+00 1.507214e-01 -1.804112e-15 -4.996004e-16
4.843102e-01 5.249999060211e+00 5.085258e+00 1.647415e-01 -2.081668e-15 -1.637579e-15
4.829156e-01 5.249999003242e+00 5.070614e+00 1.793848e-01 -2.137179e-15 -1.221245e-15
4.814617e-01 5.249998948349e+00 5.055348e+00 1.946509e-01 -1.942890e-15 -1.665335e-15
4.799485e-01 5.249998896068e+00 5.039459e+00 2.105396e-01 -1.304512e-15 -1.304512e-15
4.783761e-01 5.249998846947e+00 5.022949e+00 2.270503e-01 -2.386980e-15 -8.326673e-16
4.767444e-01 5.249998801549e+00 5.005816e+00 2.441825e-01 -2.137179e-15 -2.275957e-15
4.750536e-01 5.249998760451e+00 4.988063e+00 2.619355e-01 -1.332268e-15 -1.110223e-15
4.733038e-01 5.249998724241e+00 4.969690e+00 2.803085e-01 -1.582068e-15 -2.636780e-15
4.714950e-01 5.249998693519e+00 4.950698e+00 2.993008e-01 -1.637579e-15 -1.693090e-15
4.696274e-01 5.249998668896e+00 4.931087e+00 3.189112e-01 -2.609024e-15 -1.693090e-15
4.677010e-01 5.249998650990e+00 4.910860e+00 3.391387e-01 -4.440892e-16 -2.442491e-15
4.657159e-01 5.249998640428e+00 4.890017e+00 3.599819e-01 -2.525757e-15 -2.747802e-15
4.636723e-01 5.249998637842e+00 4.868559e+00 3.814394e-01 -3.108624e-15 -2.220446e-15
4.615704e-01 5.249998643870e+00 4.846489e+00 4.035097e-01 -9.714451e-16 -4.107825e-15
4.594103e-01 5.249998659153e+00 4.823808e+00 4.261909e-01 -1.942890e-15 -2.720046e-15
4.571921e-01 5.249998684333e+00 4.800517e+00 4.494812e-01 -2.747802e-15 -2.026157e-15
4.549162e-01 5.249998720052e+00 4.776620e+00 4.733784e-01 -2.248202e-15 -3.330669e-15
4.525827e-01 5.249998766953e+00 4.752119e+00 4.978802e-01 -4.218847e-15 -2.386980e-15
4.501919e-01 5.249998825674e+00 4.727015e+00 5.229840e-01 -2.275957e-15 -3.136380e-15
4.477440e-01 5.249998896848e+00 4.701312e+00 5.486871e-01 -3.191891e-15 -2.525757e-15
4.452393e-01 5.249998981102e+00 4.675012e+00 5.749866e-01 -2.053913e-15 -2.692291e-15
4.426781e-01 5.249999079055e+00 4.648120e+00 6.018793e-01 -1.748601e-15 -3.358425e-15
4.400607e-01 5.249999191315e+00 4.620638e+00 6.293616e-01 -9.436896e-16 -3.691492e-15
4.373876e-01 5.249999318479e+00 4.592569e+00 6.574300e-01 -1.193490e-15 -2.692291e-15
4.346589e-01 5.249999461129e+00 4.563919e+00 6.860805e-01 -1.998401e-15 -2.803313e-15
4.318753e-01 5.249999619831e+00 4.534691e+00 7.153089e-01 -1.054712e-15 -2.442491e-15
4.290371e-01 5.249999795135e+00 4.504889e+00 7.451107e-01 -2.831069e-15 -3.080869e-15
4.261446e-01 5.249999987570e+00 4.474519e+00 7.754812e-01 -1.498801e-15 -2.609024e-15
4.231986e-01 5.250000197643e+00 4.443585e+00 8.064153e-01 -2.442491e-15 -3.441691e-15
4.201993e-01 5.250000425839e+00 4.412093e+00 8.379077e-01 -8.326673e-16 -3.164136e-15
4.171474e-01 5.250000672617e+00 4.380048e+00 8.699528e-01 -2.220446e-15 -2.942091e-15
4.140435e-01 5.250000938408e+00 4.347456e+00 9.025446e-01 -1.471046e-15 -9.992007e-16
4.108880e-01 5.250001223617e+00 4.314324e+00 9.356769e-01 -1.471046e-15 -2.442491e-15
4.076818e-01 5.250001528614e+00 4.280658e+00 9.693431e-01 -2.553513e-15 -5.495604e-15
4.044253e-01 5.250001853741e+00 4.246465e+00 1.003536e+00 -1.304512e-15 -1.887379e-15
4.011193e-01 5.250002199303e+00 4.211753e+00 1.038250e+00 -1.526557e-15 -2.442491e-15
3.977645e-01 5.250002565573e+00 4.176528e+00 1.073475e+00 -1.304512e-15 -9.436896e-16
3.943617e-01 5.250002952784e+00 4.140798e+00 1.109205e+00 -8.881784e-16 -2.609024e-15
3.909117e-01 5.250003361132e+00 4.104573e+00 1.145431e+00 -1.637579e-15 -3.164136e-15
3.874152e-01 5.250003790776e+00 4.067859e+00 1.182145e+00 -3.219647e-15 -3.386180e-15
3.838730e-01 5.250004241830e+00 4.030667e+00 1.219337e+00 -2.248202e-15 -2.498002e-15
3.802862e-01 5.250004714371e+00 3.993005e+00 1.257000e+00 -2.609024e-15 -3.053113e-15
3.766556e-01 5.250005208431e+00 3.954883e+00 1.295122e+00 -2.636780e-15 -3.663736e-15
3.729820e-01 5.250005724001e+00 3.916311e+00 1.333694e+00 -3.552714e-15 -6.328271e-15
3.692666e-01 5.250006261029e+00 3.877299e+00 1.372707e+00 -3.025358e-15 -4.551914e-15
3.655103e-01 5.250006819416e+00 3.837858e+00 1.412149e+00 -2.026157e-15 -1.776357e-15
3.617141e-01 5.250007399023e+00 3.797998e+00 1.452010e+00 -2.831069e-15 -1.942890e-15
3.578791e-01 5.250007999664e+00 3.757730e+00 1.492278e+00 -3.191891e-15 -2.164935e-15
3.540064e-01 5.250008621112e+00 3.717067e+00 1.532942e+00 -2.664535e-15 -4.329870e-15
3.500971e-01 5.250009263093e+00 3.676020e+00 1.573989e+00 -2.692291e-15 -3.053113e-15
3.461525e-01 5.250009925292e+00 3.634601e+00 1.615409e+00 -1.415534e-15 -3.774758e-15
3.421736e-01 5.250010607351e+00 3.592822e+00 1.657188e+00 -9.159340e-16 -3.386180e-15
3.381617e-01 5.250011308869e+00 3.550698e+00 1.699314e+00 -1.831868e-15 -3.608225e-15
3.341180e-01 5.250012029407e+00 3.508239e+00 1.741773e+00 -2.581269e-15 -4.718448e-15
3.300438e-01 5.250012768484e+00 3.465460e+00 1.784552e+00 -8.604228e-16 -2.275957e-15
3.259405e-01 5.250013525581e+00 3.422375e+00 1.827638e+00 -3.191891e-15 -2.053913e-15
3.218093e-01 5.250014300142e+00 3.378997e+00 1.871017e+00 -3.247402e-15 -2.053913e-15
3.176515e-01 5.250015091576e+00 3.335341e+00 1.914674e+00 -2.636780e-15 -1.498801e-15
3.134686e-01 5.250015899257e+00 3.291421e+00 1.958595e+00 -1.720846e-15 -5.939693e-15
3.092620e-01 5.250016722531e+00 3.247251e+00 2.002766e+00 -1.360023e-15 -1.665335e-15
3.050330e-01 5.250017560709e+00 3.202846e+00 2.047171e+00 -1.304512e-15 -5.107026e-15
3.007831e-01 5.250018413079e+00 3.158223e+00 2.091796e+00 -1.526557e-15 -3.053113e-15
2.965138e-01 5.250019278900e+00 3.113395e+00 2.136625e+00 -8.049117e-16 -2.386980e-15
2.922265e-01 5.250020157411e+00 3.068378e+00 2.181642e+00 -2.969847e-15 -3.441691e-15
2.879227e-01 5.250021047826e+00 3.023188e+00 2.226833e+00 -1.526557e-15 -4.884981e-15
2.836039e-01 5.250021949346e+00 2.977841e+00 2.272181e+00 -1.249001e-15 -5.162537e-15
2.792717e-01 5.250022861152e+00 2.932353e+00 2.317670e+00 -1.332268e-15 -2.275957e-15
2.749276e-01 5.250023782414e+00 2.886740e+00 2.363284e+00 -2.886580e-15 1.110223e-15
2.705731e-01 5.250024712290e+00 2.841018e+00 2.409007e+00 -7.494005e-16 -9.992007e-16
2.662098e-01 5.250025649932e+00 2.795203e+00 2.454823e+00 -6.938894e-16 -3.497203e-15
2.618393e-01 5.250026594484e+00 2.749313e+00 2.500714e+00 -1.498801e-15 -2.109424e-15
2.574631e-01 5.250027545089e+00 2.703363e+00 2.546665e+00 -1.193490e-15 -1.609823e-15
2.530829e-01 5.250028500889e+00 2.657370e+00 2.592658e+00 -1.471046e-15 -1.720846e-15
2.487002e-01 5.250029461028e+00 2.611352e+00 2.638678e+00 -1.387779e-15 -2.053913e-15
2.443166e-01 5.250030424656e+00 2.565324e+00 2.684706e+00 -9.992007e-16 -2.775558e-15
2.399337e-01 5.250031390928e+00 2.519304e+00 2.730728e+00 -1.443290e-15 -1.887379e-15
2.355531e-01 5.250032359012e+00 2.473307e+00 2.776725e+00 -1.332268e-15 -2.164935e-15
2.311764e-01 5.250033328084e+00 2.427353e+00 2.822681e+00 -1.693090e-15 -2.331468e-15
2.268053e-01 5.250034297336e+00 2.381455e+00 2.868579e+00 4.718448e-16 -4.551914e-15
2.224412e-01 5.250035265975e+00 2.335633e+00 2.914402e+00 -3.608225e-16 1.831868e-15
2.180859e-01 5.250036233228e+00 2.289902e+00 2.960134e+00 -3.053113e-16 -1.165734e-15
2.137409e-01 5.250037198340e+00 2.244279e+00 3.005758e+00 -7.771561e-16 -4.052314e-15
2.094077e-01 5.250038160577e+00 2.198781e+00 3.051257e+00 -5.828671e-16 -3.275158e-15
2.050880e-01 5.250039119230e+00 2.153424e+00 3.096615e+00 -1.498801e-15 -7.882583e-15
2.007834e-01 5.250040073613e+00 2.108226e+00 3.141814e+00 -1.970646e-15 -4.551914e-15
1.964954e-01 5.250041023068e+00 2.063201e+00 3.186840e+00 -1.998401e-15 -4.329870e-15
1.922255e-01 5.250041966961e+00 2.018367e+00 3.231675e+00 -2.331468e-15 -3.108624e-15
1.879753e-01 5.250042904690e+00 1.973740e+00 3.276303e+00 -1.915135e-15 -2.109424e-15
1.837463e-01 5.250043835678e+00 1.929336e+00 3.320708e+00 -1.387779e-15 -6.550316e-15
1.795401e-01 5.250044759381e+00 1.885171e+00 3.364874e+00 -1.942890e-15 -3.552714e-15
1.753582e-01 5.250045675284e+00 1.841261e+00 3.408785e+00 -2.137179e-15 -2.997602e-15
1.712020e-01 5.250046582903e+00 1.797621e+00 3.452426e+00 -1.693090e-15 -2.553513e-15
1.670730e-01 5.250047481786e+00 1.754267e+00 3.495781e+00 -1.637579e-15 -6.994405e-15
1.629728e-01 5.250048371510e+00 1.711214e+00 3.538834e+00 -2.220446e-15 -1.665335e-15
1.589027e-01 5.250049251687e+00 1.668478e+00 3.581571e+00 -2.053913e-15 -2.109424e-15
1.548641e-01 5.250050121959e+00 1.626073e+00 3.623977e+00 -2.081668e-15 -6.328271e-15
1.508586e-01 5.250050981997e+00 1.584016e+00 3.666035e+00 -1.720846e-15 -8.215650e-15
1.468875e-01 5.250051831507e+00 1.542319e+00 3.707733e+00 -1.665335e-15 -7.105427e-15
1.429522e-01 5.250052670223e+00 1.500998e+00 3.749055e+00 -1.582068e-15 -3.441691e-15
1.390540e-01 5.250053497908e+00 1.460067e+00 3.789987e+00 -1.859624e-15 -6.772360e-15
1.351943e-01 5.250054314358e+00 1.419540e+00 3.830514e+00 -2.609024e-15 -2.886580e-15
1.313744e-01 5.250055119394e+00 1.379431e+00 3.870624e+00 -2.317591e-15 -6.661338e-15
1.275957e-01 5.250055912867e+00 1.339754e+00 3.910301e+00 -1.526557e-15 2.220446e-16
1.238593e-01 5.250056694653e+00 1.300523e+00 3.949534e+00 -2.164935e-15 -5.329071e-15
1.201667e-01 5.250057464656e+00 1.261750e+00 3.988307e+00 -1.582068e-15 -5.218048e-15
1.165190e-01 5.250058222803e+00 1.223449e+00 4.026609e+00 -1.790235e-15 -7.771561e-15
1.129175e-01 5.250058969046e+00 1.185633e+00 4.064426e+00 -2.262079e-15 -2.220446e-15
1.093633e-01 5.250059703359e+00 1.148315e+00 4.101745e+00 -1.956768e-15 -5.218048e-15
1.058578e-01 5.250060425736e+00 1.111506e+00 4.138554e+00 -1.929013e-15 -5.218048e-15
1.024019e-01 5.250061136193e+00 1.075220e+00 4.174841e+00 -1.484923e-15 -6.661338e-15
9.899703e-02 5.250061834763e+00 1.039469e+00 4.210593e+00 -1.942890e-15 -1.187939e-14
9.564415e-02 5.250062521498e+00 1.004264e+00 4.245799e+00 -2.137179e-15 -6.661338e-15
9.234444e-02 5.250063196465e+00 9.696166e-01 4.280447e+00 -2.844947e-15 -5.995204e-15
8.909898e-02 5.250063859746e+00 9.355393e-01 4.314525e+00 -2.234324e-15 -6.661338e-15
8.590885e-02 5.250064511436e+00 9.020429e-01 4.348022e+00 -2.220446e-15 -9.658940e-15
8.277510e-02 5.250065151644e+00 8.691386e-01 4.380927e+00 -1.748601e-15 -9.658940e-15
7.969879e-02 5.250065780487e+00 8.368373e-01 4.413228e+00 -2.012279e-15 -2.886580e-15
7.668093e-02 5.250066398094e+00 8.051498e-01 4.444917e+00 -2.456368e-15 -6.217249e-15
7.372253e-02 5.250067004604e+00 7.740865e-01 4.475980e+00 -1.512679e-15 -8.215650e-15
7.082456e-02 5.250067600160e+00 7.436579e-01 4.506410e+00 -2.095546e-15 -8.104628e-15
6.798801e-02 5.250068184916e+00 7.138741e-01 4.536194e+00 -1.762479e-15 -6.217249e-15
6.521382e-02 5.250068759028e+00 6.847451e-01 4.565324e+00 -2.151057e-15 -1.076916e-14
6.250292e-02 5.250069322662e+00 6.562807e-01 4.593789e+00 -1.790235e-15 -1.176836e-14
5.985623e-02 5.250069875985e+00 6.284904e-01 4.621579e+00 -2.289835e-15 -1.498801e-14
5.727466e-02 5.250070419169e+00 6.013839e-01 4.648687e+00 -1.429412e-15 -5.440093e-15
5.475907e-02 5.250070952391e+00 5.749703e-01 4.675101e+00 -1.817990e-15 -1.010303e-14
5.231035e-02 5.250071475830e+00 5.492587e-01 4.700813e+00 -2.151057e-15 -2.553513e-15
4.992935e-02 5.250071989667e+00 5.242581e-01 4.725814e+00 -1.942890e-15 -1.165734e-14
4.761689e-02 5.250072494088e+00 4.999773e-01 4.750095e+00 -2.484124e-15 -8.215650e-15
4.537380e-02 5.250072989280e+00 4.764249e-01 4.773648e+00 -1.998401e-15 -5.884182e-15
4.320089e-02 5.250073475431e+00 4.536093e-01 4.796464e+00 -1.637579e-15 -4.884981e-15
4.109895e-02 5.250073952731e+00 4.315389e-01 4.818535e+00 -1.984524e-15 -5.551115e-16
3.906874e-02 5.250074421372e+00 4.102218e-01 4.839853e+00 -2.012279e-15 -5.329071e-15
3.711105e-02 5.250074881543e+00 3.896660e-01 4.860409e+00 -1.984524e-15 -4.773959e-15
3.522661e-02 5.250075333434e+00 3.698794e-01 4.880196e+00 -1.887379e-15 -2.997602e-15
3.341616e-02 5.250075777232e+00 3.508697e-01 4.899206e+00 -1.984524e-15 -9.436896e-15
3.168043e-02 5.250076213118e+00 3.326445e-01 4.917432e+00 -1.165734e-15 -2.220446e-15
3.002011e-02 5.250076641268e+00 3.152112e-01 4.934865e+00 -2.040035e-15 -9.992007e-15
2.843592e-02 5.250077061847e+00 2.985771e-01 4.951500e+00 -1.706968e-15 -1.065814e-14
2.692853e-02 5.250077475010e+00 2.827495e-01 4.967328e+00 -1.970646e-15 -9.992007e-15
2.549861e-02 5.250077880893e+00 2.677354e-01 4.982343e+00 -2.199629e-15 -9.992007e-15
2.414682e-02 5.250078279612e+00 2.535416e-01 4.996537e+00 -2.060851e-15 -1.088019e-14
2.287382e-02 5.250078671256e+00 2.401751e-01 5.009904e+00 -2.255141e-15 -8.992806e-15
2.168024e-02 5.250079055885e+00 2.276425e-01 5.022437e+00 -2.144118e-15 -5.440093e-15
2.056669e-02 5.250079433519e+00 2.159503e-01 5.034129e+00 -2.144118e-15 -4.107825e-15
1.953381e-02 5.250079804134e+00 2.051050e-01 5.044975e+00 -1.929013e-15 -4.440892e-15
1.858218e-02 5.250080167654e+00 1.951129e-01 5.054967e+00 -2.164935e-15 -1.021405e-14
1.771239e-02 5.250080523943e+00 1.859801e-01 5.064100e+00 -1.880440e-15 -6.661338e-16
1.692503e-02 5.250080872798e+00 1.777129e-01 5.072368e+00 -1.949829e-15 -4.329870e-15
1.622066e-02 5.250081213941e+00 1.703169e-01 5.079764e+00 -2.088607e-15 -3.219647e-15
1.559983e-02 5.250081547009e+00 1.637982e-01 5.086283e+00 -2.116363e-15 -8.659740e-15
1.506307e-02 5.250081871548e+00 1.581623e-01 5.091920e+00 -1.998401e-15 -5.218048e-15
1.461092e-02 5.250082187007e+00 1.534147e-01 5.096667e+00 -1.949829e-15 -2.331468e-15
1.424388e-02 5.250082492727e+00 1.495608e-01 5.100522e+00 -2.192690e-15 -3.885781e-15
1.396245e-02 5.250082787939e+00 1.466057e-01 5.103477e+00 -2.095546e-15 -4.996004e-15
1.376710e-02 5.250083071758e+00 1.445546e-01 5.105529e+00 -2.099015e-15 -1.032507e-14
1.365829e-02 5.250083343182e+00 1.434121e-01 5.106671e+00 -2.092077e-15 -3.330669e-16
1.363646e-02 5.250083601085e+00 1.431828e-01 5.106901e+00 -2.126771e-15 -4.107825e-15
1.370202e-02 5.250083844224e+00 1.438712e-01 5.106213e+00 -1.977585e-15 0.000000e+00
1.385537e-02 5.250084071236e+00 1.454813e-01 5.104603e+00 -1.998401e-15 -1.076916e-14
1.409687e-02 5.250084280646e+00 1.480171e-01 5.102067e+00 -2.109424e-15 -1.165734e-14
1.442686e-02 5.250084470872e+00 1.514820e-01 5.098602e+00 -2.095546e-15 -6.217249e-15
1.484565e-02 5.250084640236e+00 1.558793e-01 5.094205e+00 -2.019218e-15 -8.659740e-15
1.535352e-02 5.250084786974e+00 1.612119e-01 5.088873e+00 -2.171874e-15 -5.440093e-15
1.595070e-02 5.250084909250e+00 1.674823e-01 5.082603e+00 -2.092077e-15 -3.885781e-15
1.663740e-02 5.250085005177e+00 1.746927e-01 5.075392e+00 -1.837072e-15 -6.772360e-15
1.741378e-02 5.250085072830e+00 1.828447e-01 5.067240e+00 -1.899522e-15 -6.217249e-15
1.827996e-02 5.250085110272e+00 1.919396e-01 5.058146e+00 -2.003606e-15 -4.218847e-15
1.923600e-02 5.250085115571e+00 2.019780e-01 5.048107e+00 -1.971513e-15 -3.330669e-15
2.028193e-02 5.250085086830e+00 2.129603e-01 5.037125e+00 -2.047841e-15 -4.773959e-15
2.141772e-02 5.250085022209e+00 2.248861e-01 5.025199e+00 -1.835337e-15 -4.884981e-15
2.264328e-02 5.250084919949e+00 2.377545e-01 5.012330e+00 -2.156695e-15 -5.440093e-15
2.395846e-02 5.250084778400e+00 2.515639e-01 4.998521e+00 -2.004473e-15 -7.993606e-15
2.536307e-02 5.250084596047e+00 2.663122e-01 4.983772e+00 -1.823086e-15 -5.551115e-16
2.685682e-02 5.250084371530e+00 2.819966e-01 4.968088e+00 -2.131541e-15 -6.661338e-15
2.843940e-02 5.250084103670e+00 2.986137e-01 4.951470e+00 -1.962840e-15 2.220446e-16
3.011040e-02 5.250083791489e+00 3.161592e-01 4.933925e+00 -1.859624e-15 -5.995204e-15
3.186935e-02 5.250083434227e+00 3.346282e-01 4.915455e+00 -1.798908e-15 -6.217249e-15
3.371573e-02 5.250083031355e+00 3.540151e-01 4.896068e+00 -2.211772e-15 -5.995204e-15
3.564892e-02 5.250082582591e+00 3.743136e-01 4.875769e+00 -1.613293e-15 -4.662937e-15
3.766825e-02 5.250082087905e+00 3.955167e-01 4.854565e+00 -2.079933e-15 -5.773160e-15
3.977299e-02 5.250081547520e+00 4.176163e-01 4.832465e+00 -1.680947e-15 -7.771561e-15
4.196230e-02 5.250080961916e+00 4.406041e-01 4.809477e+00 -1.679212e-15 -1.554312e-15
4.423531e-02 5.250080331821e+00 4.644708e-01 4.785610e+00 -1.984524e-15 -2.886580e-15
4.659107e-02 5.250079658205e+00 4.892062e-01 4.760873e+00 -1.769418e-15 -3.330669e-16
4.902856e-02 5.250078942264e+00 5.147998e-01 4.735279e+00 -1.658396e-15 -6.439294e-15
5.154668e-02 5.250078185405e+00 5.412402e-01 4.708838e+00 -1.870032e-15 -4.329870e-15
5.414431e-02 5.250077389223e+00 5.685153e-01 4.681562e+00 -1.759010e-15 -3.441691e-15
5.682022e-02 5.250076555480e+00 5.966124e-01 4.653464e+00 -1.876971e-15 -5.551115e-15
5.957316e-02 5.250075686076e+00 6.255182e-01 4.624557e+00 -2.553513e-15 -5.773160e-15
6.240180e-02 5.250074783023e+00 6.552189e-01 4.594856e+00 -1.977585e-15 -3.108624e-15
6.530477e-02 5.250073848416e+00 6.857000e-01 4.564374e+00 -1.200429e-15 -4.662937e-15
6.828064e-02 5.250072884402e+00 7.169467e-01 4.533126e+00 -1.183081e-15 -4.440892e-15
7.132795e-02 5.250071893151e+00 7.489434e-01 4.501128e+00 -1.970646e-15 -8.992806e-15
7.444518e-02 5.250070876828e+00 7.816743e-01 4.468397e+00 -2.151057e-15 -3.885781e-15
7.763078e-02 5.250069837563e+00 8.151231e-01 4.434947e+00 -1.672273e-15 -5.662137e-15
8.088316e-02 5.250068777431e+00 8.492731e-01 4.400796e+00 -2.053913e-15 -8.104628e-15
8.420069e-02 5.250067698424e+00 8.841073e-01 4.365960e+00 -1.956768e-15 -3.552714e-15
8.758173e-02 5.250066602437e+00 9.196082e-01 4.330458e+00 -2.199629e-15 -1.032507e-14
9.102459e-02 5.250065491249e+00 9.557582e-01 4.294307e+00 -1.637579e-15 -8.104628e-15
9.452755e-02 5.250064366510e+00 9.925393e-01 4.257525e+00 -1.845746e-15 -8.215650e-15
9.808889e-02 5.250063229739e+00 1.029933e+00 4.220130e+00 -1.686151e-15 -3.330669e-15
1.017069e-01 5.250062082311e+00 1.067922e+00 4.182140e+00 -9.228729e-16 -7.993606e-15
1.053797e-01 5.250060925463e+00 1.106486e+00 4.143574e+00 -1.762479e-15 -8.437695e-15
1.091055e-01 5.250059760298e+00 1.145608e+00 4.104452e+00 -1.498801e-15 -1.065814e-14
1.128826e-01 5.250058587783e+00 1.185268e+00 4.064791e+00 -2.241263e-15 -6.217249e-15
1.167092e-01 5.250057408769e+00 1.225446e+00 4.024611e+00 -1.568190e-15 -1.176836e-14
1.205833e-01 5.250056223993e+00 1.266125e+00 3.983931e+00 -1.457168e-15 -7.327472e-15
1.245032e-01 5.250055034097e+00 1.307283e+00 3.942772e+00 -1.172673e-15 -7.660539e-15
1.284669e-01 5.250053839643e+00 1.348903e+00 3.901151e+00 -1.720846e-15 -7.438494e-15
1.324727e-01 5.250052641125e+00 1.390963e+00 3.859089e+00 -1.609823e-15 -9.547918e-15
1.365186e-01 5.250051438985e+00 1.433445e+00 3.816606e+00 -1.859624e-15 -7.327472e-15
1.406028e-01 5.250050233631e+00 1.476329e+00 3.773721e+00 -1.207368e-15 -5.773160e-15
1.447232e-01 5.250049025451e+00 1.519594e+00 3.730455e+00 -1.623701e-15 -6.328271e-15
1.488782e-01 5.250047814823e+00 1.563221e+00 3.686827e+00 -1.221245e-15 -4.440892e-15
1.530656e-01 5.250046602132e+00 1.607189e+00 3.642858e+00 -1.901257e-15 -8.215650e-15
1.572836e-01 5.250045387774e+00 1.651478e+00 3.598567e+00 -1.790235e-15 -8.437695e-15
1.615304e-01 5.250044172170e+00 1.696069e+00 3.553975e+00 -1.318390e-15 -7.993606e-15
1.658038e-01 5.250042955771e+00 1.740940e+00 3.509103e+00 -9.575674e-16 -7.882583e-15
1.701020e-01 5.250041739061e+00 1.786071e+00 3.463970e+00 -2.234324e-15 -7.105427e-15
1.744231e-01 5.250040522558e+00 1.831443e+00 3.418598e+00 -9.020562e-16 -1.099121e-14
1.787651e-01 5.250039306822e+00 1.877034e+00 3.373005e+00 -1.679212e-15 -6.661338e-15
1.831261e-01 5.250038092448e+00 1.922824e+00 3.327214e+00 -2.137179e-15 -1.454392e-14
1.875041e-01 5.250036880067e+00 1.968793e+00 3.281244e+00 -1.110223e-15 -1.010303e-14
1.918971e-01 5.250035670346e+00 2.014919e+00 3.235116e+00 -1.318390e-15 -1.199041e-14
1.963032e-01 5.250034463984e+00 2.061184e+00 3.188851e+00 -1.457168e-15 -1.121325e-14
2.007205e-01 5.250033261711e+00 2.107565e+00 3.142468e+00 -1.748601e-15 -1.076916e-14
2.051470e-01 5.250032064283e+00 2.154043e+00 3.095989e+00 -9.436896e-16 -1.265654e-14
2.095807e-01 5.250030872483e+00 2.200598e+00 3.049433e+00 -1.318390e-15 -1.210143e-14
2.140198e-01 5.250029687121e+00 2.247208e+00 3.002822e+00 -1.915135e-15 -1.110223e-14
2.184623e-01 5.250028509030e+00 2.293854e+00 2.956174e+00 -1.387779e-15 -1.365574e-14
2.229063e-01 5.250027339070e+00 2.340516e+00 2.909511e+00 -3.150258e-15 -9.436896e-15
2.273499e-01 5.250026178129e+00 2.387174e+00 2.862853e+00 -1.831868e-15 -1.210143e-14
2.317911e-01 5.250025027127e+00 2.433807e+00 2.816218e+00 -2.109424e-15 -1.265654e-14
2.362282e-01 5.250023887014e+00 2.480396e+00 2.769628e+00 -2.095546e-15 -9.658940e-15
2.406591e-01 5.250022758784e+00 2.526921e+00 2.723102e+00 -1.970646e-15 -1.254552e-14
2.450822e-01 5.250021643470e+00 2.573363e+00 2.676659e+00 -2.414735e-15 -8.992806e-15
2.494955e-01 5.250020542153e+00 2.619703e+00 2.630318e+00 -3.455569e-15 -8.881784e-15
2.538973e-01 5.250019455968e+00 2.665921e+00 2.584098e+00 -1.817990e-15 -9.658940e-15
2.582856e-01 5.250018386106e+00 2.711999e+00 2.538019e+00 -2.498002e-15 -1.298961e-14
2.626589e-01 5.250017333816e+00 2.757919e+00 2.492099e+00 -1.346145e-15 -8.659740e-15
2.670153e-01 5.250016300411e+00 2.803661e+00 2.446355e+00 -2.539635e-15 -1.487699e-14
2.713532e-01 5.250015287266e+00 2.849209e+00 2.400807e+00 -2.026157e-15 -9.658940e-15
2.756708e-01 5.250014295819e+00 2.894544e+00 2.355471e+00 -9.159340e-16 -1.498801e-14
2.799666e-01 5.250013327567e+00 2.939649e+00 2.310365e+00 -2.359224e-15 -1.365574e-14
2.842388e-01 5.250012384062e+00 2.984507e+00 2.265505e+00 -5.828671e-16 -1.609823e-14
2.884860e-01 5.250011466903e+00 3.029103e+00 2.220909e+00 -5.273559e-16 -1.398881e-14
2.927065e-01 5.250010577726e+00 3.073419e+00 2.176592e+00 -3.191891e-16 -1.332268e-14
2.968990e-01 5.250009718197e+00 3.117440e+00 2.132570e+00 -2.553513e-15 -1.076916e-14
3.010620e-01 5.250008889991e+00 3.161151e+00 2.088858e+00 -1.415534e-15 -1.032507e-14
3.051941e-01 5.250008094782e+00 3.204538e+00 2.045470e+00 -2.498002e-15 -1.221245e-14
3.092939e-01 5.250007334221e+00 3.247586e+00 2.002422e+00 -3.497203e-15 -1.432188e-14
3.133601e-01 5.250006609918e+00 3.290282e+00 1.959725e+00 -2.275957e-15 -1.365574e-14
3.173916e-01 5.250005923420e+00 3.332612e+00 1.917394e+00 -1.054712e-15 -1.376677e-14
3.213872e-01 5.250005276189e+00 3.374565e+00 1.875440e+00 -9.992007e-16 -1.287859e-14
3.253457e-01 5.250004669578e+00 3.416129e+00 1.833875e+00 -1.110223e-15 -1.165734e-14
3.292660e-01 5.250004104808e+00 3.457293e+00 1.792711e+00 -1.748601e-15 -1.132427e-14
3.331473e-01 5.250003582945e+00 3.498047e+00 1.751957e+00 -9.992007e-16 -1.221245e-14
3.369885e-01 5.250003104874e+00 3.538380e+00 1.711623e+00 -1.915135e-15 -1.343370e-14
3.407889e-01 5.250002671279e+00 3.578284e+00 1.671719e+00 -3.469447e-15 -1.243450e-14
3.445476e-01 5.250002282622e+00 3.617750e+00 1.632252e+00 -1.360023e-15 -1.210143e-14
3.482640e-01 5.250001939125e+00 3.656771e+00 1.593230e+00 -1.665335e-15 -1.487699e-14
3.519373e-01 5.250001640747e+00 3.695341e+00 1.554661e+00 -2.137179e-15 -1.265654e-14
3.555669e-01 5.250001387177e+00 3.733453e+00 1.516549e+00 -1.887379e-15 -1.398881e-14
3.591525e-01 5.250001177816e+00 3.771101e+00 1.478900e+00 -3.247402e-15 -1.398881e-14
3.626935e-01 5.250001011772e+00 3.808282e+00 1.441719e+00 -2.692291e-15 -1.171285e-14
3.661895e-01 5.250000887853e+00 3.844990e+00 1.405011e+00 -2.720046e-15 -1.371125e-14
3.696403e-01 5.250000804563e+00 3.881223e+00 1.368778e+00 -2.692291e-15 -1.215694e-14
3.730455e-01 5.250000760106e+00 3.916978e+00 1.333023e+00 -2.498002e-15 -1.321165e-14
3.764051e-01 5.250000752393e+00 3.952253e+00 1.297748e+00 -2.525757e-15 -1.126876e-14
3.797187e-01 5.250000779043e+00 3.987046e+00 1.262954e+00 8.049117e-16 -9.936496e-15
3.829864e-01 5.250000837406e+00 4.021357e+00 1.228644e+00 -2.831069e-15 -1.004752e-14
3.862081e-01 5.250000924568e+00 4.055185e+00 1.194816e+00 -1.415534e-15 -1.315614e-14
3.893837e-01 5.250001037380e+00 4.088529e+00 1.161472e+00 -3.080869e-15 -1.060263e-14
3.925135e-01 5.250001172472e+00 4.121391e+00 1.128610e+00 -1.137979e-15 -1.287859e-14
3.955973e-01 5.250001326284e+00 4.153771e+00 1.096230e+00 -1.221245e-15 -1.304512e-14
3.986353e-01 5.250001495089e+00 4.185671e+00 1.064331e+00 -1.776357e-15 -1.043610e-14
4.016277e-01 5.250001675029e+00 4.217091e+00 1.032911e+00 -9.992007e-16 -1.226796e-14
4.045745e-01 5.250001862139e+00 4.248032e+00 1.001969e+00 -1.110223e-15 -1.376677e-14
4.074760e-01 5.250002052388e+00 4.278498e+00 9.715043e-01 -1.471046e-15 -1.054712e-14
4.103322e-01 5.250002241710e+00 4.308488e+00 9.415139e-01 -1.026956e-15 -1.371125e-14
4.131434e-01 5.250002426043e+00 4.338006e+00 9.119966e-01 -9.159340e-16 -1.076916e-14
4.159097e-01 5.250002601362e+00 4.367052e+00 8.829507e-01 7.494005e-16 -1.137979e-14
4.186312e-01 5.250002763720e+00 4.395628e+00 8.543749e-01 -6.383782e-16 -1.265654e-14
4.213081e-01 5.250002909287e+00 4.423735e+00 8.262679e-01 2.220446e-16 -1.265654e-14
4.239404e-01 5.250003034383e+00 4.451375e+00 7.986285e-01 -2.220446e-16 -1.215694e-14
4.265283e-01 5.250003135519e+00 4.478547e+00 7.714560e-01 -1.665335e-16 -1.371125e-14
4.290717e-01 5.250003209436e+00 4.505253e+00 7.447500e-01 -8.881784e-16 -1.215694e-14
4.315707e-01 5.250003253138e+00 4.531493e+00 7.185105e-01 -9.436896e-16 -1.326717e-14
4.340253e-01 5.250003263930e+00 4.557265e+00 6.927380e-01 2.220446e-16 -1.271205e-14
4.364352e-01 5.250003239453e+00 4.582570e+00 6.674332e-01 -1.137979e-15 -1.271205e-14
4.388005e-01 5.250003177716e+00 4.607406e+00 6.425976e-01 -2.498002e-16 -1.187939e-14
4.411209e-01 5.250003077128e+00 4.631770e+00 6.182332e-01 -3.330669e-16 -1.204592e-14
4.433962e-01 5.250002936529e+00 4.655661e+00 5.943424e-01 -6.383782e-16 -1.187939e-14
4.456261e-01 5.250002755216e+00 4.679074e+00 5.709283e-01 -8.326673e-16 -1.182388e-14
4.478103e-01 5.250002532963e+00 4.702008e+00 5.479945e-01 6.661338e-16 -1.149081e-14
4.499483e-01 5.250002270049e+00 4.724457e+00 5.255453e-01 7.216450e-16 -1.149081e-14
4.520397e-01 5.250001967263e+00 4.746417e+00 5.035854e-01 1.193490e-15 -1.221245e-14
4.540840e-01 5.250001625927e+00 4.767882e+00 4.821201e-01 8.326673e-17 -1.237899e-14
4.560806e-01 5.250001247888e+00 4.788846e+00 4.611553e-01 -1.554312e-15 -1.326717e-14
4.580289e-01 5.250000835527e+00 4.809304e+00 4.406973e-01 1.665335e-16 -1.304512e-14
4.599283e-01 5.250000391745e+00 4.829248e+00 4.207529e-01 -1.582068e-15 -1.093570e-14
4.617782e-01 5.249999919947e+00 4.848671e+00 4.013293e-01 4.718448e-16 -1.287859e-14
4.635777e-01 5.249999424018e+00 4.867565e+00 3.824340e-01 8.604228e-16 -1.160183e-14
4.653261e-01 5.249998908288e+00 4.885924e+00 3.640748e-01 -5.551115e-17 -1.182388e-14
4.670227e-01 5.249998377488e+00 4.903739e+00 3.462598e-01 1.387779e-16 -1.038059e-14
4.686667e-01 5.249997836700e+00 4.921001e+00 3.289971e-01 -1.387779e-16 -1.310063e-14
4.702574e-01 5.249997291290e+00 4.937702e+00 3.122949e-01 1.443290e-15 -1.187939e-14
4.717938e-01 5.249996746837e+00 4.953835e+00 2.961613e-01 1.387779e-16 -1.382228e-14
4.732754e-01 5.249996209055e+00 4.969392e+00 2.806045e-01 8.881784e-16 -1.215694e-14
4.747013e-01 5.249995683696e+00 4.984363e+00 2.656322e-01 -1.110223e-16 -1.237899e-14
4.760708e-01 5.249995176458e+00 4.998743e+00 2.512520e-01 -1.110223e-16 -1.160183e-14
4.773832e-01 5.249994692878e+00 5.012524e+00 2.374710e-01 1.165734e-15 -1.249001e-14
4.786379e-01 5.249994238223e+00 5.025698e+00 2.242959e-01 6.106227e-16 -1.271205e-14
4.798344e-01 5.249993817380e+00 5.038261e+00 2.117328e-01 -2.775558e-16 -1.196265e-14
4.809720e-01 5.249993434736e+00 5.050206e+00 1.997871e-01 1.748601e-15 -1.237899e-14
4.820504e-01 5.249993094072e+00 5.061530e+00 1.884635e-01 1.942890e-16 -1.279532e-14
4.830692e-01 5.249992798447e+00 5.072227e+00 1.777661e-01 -3.885781e-16 -1.279532e-14
4.840280e-01 5.249992550097e+00 5.082294e+00 1.676981e-01 1.942890e-16 -1.240674e-14
4.849267e-01 5.249992350335e+00 5.091731e+00 1.582618e-01 -1.415534e-15 -1.340594e-14
4.857651e-01 5.249992199466e+00 5.100533e+00 1.494587e-01 -4.996004e-16 -1.246225e-14
4.865431e-01 5.249992096712e+00 5.108703e+00 1.412894e-01 -2.220446e-16 -1.312839e-14
4.872608e-01 5.249992040158e+00 5.116238e+00 1.337536e-01 6.661338e-16 -1.257328e-14
4.879183e-01 5.249992026705e+00 5.123142e+00 1.268503e-01 9.992007e-16 -1.273981e-14
4.885157e-01 5.249992052055e+00 5.129414e+00 1.205777e-01 -2.775558e-16 -1.273981e-14
4.890532e-01 5.249992110705e+00 5.135059e+00 1.149331e-01 -6.661338e-16 -1.298961e-14
4.895313e-01 5.249992195976e+00 5.140079e+00 1.099135e-01 4.996004e-16 -1.287859e-14
4.899502e-01 5.249992300060e+00 5.144477e+00 1.055151e-01 6.661338e-16 -1.301736e-14
4.903103e-01 5.249992414088e+00 5.148259e+00 1.017338e-01 1.165734e-15 -1.251776e-14
4.906121e-01 5.249992528230e+00 5.151427e+00 9.856537e-02 2.775558e-16 -1.260103e-14
4.908559e-01 5.249992631819e+00 5.153987e+00 9.600522e-02 -8.881784e-16 -1.276756e-14
4.910423e-01 5.249992713490e+00 5.155944e+00 9.404896e-02 -8.881784e-16 -1.268430e-14
4.911715e-01 5.249992761356e+00 5.157300e+00 9.269239e-02 3.330669e-16 -1.260103e-14
4.912439e-01 5.249992763194e+00 5.158061e+00 9.193172e-02 6.661338e-16 -1.268430e-14
4.912599e-01 5.249992706649e+00 5.158229e+00 9.176371e-02 -3.330669e-16 -1.264266e-14
4.912197e-01 5.249992579461e+00 5.157807e+00 9.218594e-02 -2.220446e-16 -1.261491e-14
4.911234e-01 5.249992369693e+00 5.156795e+00 9.319691e-02 -3.330669e-16 -1.262879e-14
4.909710e-01 5.249992065974e+00 5.155196e+00 9.479627e-02 0.000000e+00 -1.269818e-14
4.907625e-01 5.249991657739e+00 5.153007e+00 9.698498e-02 4.996004e-16 -1.258715e-14
4.904977e-01 5.249991135463e+00 5.150226e+00 9.976544e-02 1.443290e-15 -1.271205e-14
4.901761e-01 5.249990490890e+00 5.146849e+00 1.031417e-01 7.771561e-16 -1.260103e-14
4.897972e-01 5.249989717244e+00 5.142870e+00 1.071194e-01 -1.554312e-15 -1.256634e-14
4.893603e-01 5.249988809411e+00 5.138283e+00 1.117062e-01 2.775558e-16 -1.271899e-14
4.888644e-01 5.249987764100e+00 5.133076e+00 1.169114e-01 2.220446e-16 -1.253858e-14
4.883086e-01 5.249986579961e+00 5.127240e+00 1.227465e-01 1.332268e-15 -1.337819e-14
4.876915e-01 5.249985257657e+00 5.120761e+00 1.292247e-01 5.551115e-17 -1.241368e-14
4.870117e-01 5.249983799900e+00 5.113623e+00 1.363613e-01 -5.551115e-17 -1.219684e-14
4.862675e-01 5.249982211419e+00 5.105809e+00 1.441733e-01 -8.326673e-16 -1.225409e-14
4.854572e-01 5.249980498877e+00 5.097301e+00 1.526797e-01 7.771561e-16 -1.254552e-14
4.845788e-01 5.249978670738e+00 5.088078e+00 1.619009e-01 1.942890e-15 -1.253511e-14
4.836302e-01 5.249976737061e+00 5.078118e+00 1.718592e-01 -3.330669e-16 -1.166428e-14
4.826092e-01 5.249974709249e+00 5.067397e+00 1.825779e-01 0.000000e+00 -1.279532e-14
4.815134e-01 5.249972599749e+00 5.055891e+00 1.940817e-01 -7.771561e-16 -1.253858e-14
4.803404e-01 5.249970421706e+00 5.043574e+00 2.063962e-01 1.665335e-16 -1.238593e-14
4.790876e-01 5.249968188590e+00 5.030420e+00 2.195480e-01 5.551115e-17 -1.121325e-14
4.777526e-01 5.249965913811e+00 5.016402e+00 2.335640e-01 -7.216450e-16 -1.204592e-14
4.763326e-01 5.249963610330e+00 5.001492e+00 2.484714e-01 -3.330669e-16 -1.240674e-14
4.748251e-01 5.249961290300e+00 4.985663e+00 2.642979e-01 1.665335e-15 -1.147693e-14
4.732274e-01 5.249958964747e+00 4.968888e+00 2.810708e-01 7.216450e-16 -1.251776e-14
4.715371e-01 5.249956643325e+00 4.951139e+00 2.988174e-01 9.992007e-16 -1.210143e-14
4.697514e-01 5.249954334166e+00 4.932390e+00 3.175644e-01 -2.220446e-16 -1.332268e-14
4.678680e-01 5.249952043844e+00 4.912614e+00 3.373381e-01 1.720846e-15 -1.251776e-14
4.658843e-01 5.249949777488e+00 4.891786e+00 3.581641e-01 -1.665335e-16 -1.271205e-14
4.637981e-01 5.249947539054e+00 4.869880e+00 3.800675e-01 1.110223e-15 -1.110223e-14
