5.000000e-01 5.250000000000e+00 5.250000e+00 0.000000e+00 -1.137979e-15 0.000000e+00
4.995236e-01 5.249999407521e+00 5.244997e+00 5.002004e-03 -2.581269e-15 -2.081668e-17
4.980940e-01 5.249997680635e+00 5.229987e+00 2.001030e-02 -2.109424e-15 -5.134781e-16
4.957109e-01 5.249994970263e+00 5.204964e+00 4.503101e-02 -1.110223e-15 -3.122502e-16
4.923733e-01 5.249991525395e+00 5.169920e+00 8.007194e-02 -3.413936e-15 -1.110223e-15
4.880808e-01 5.249987688973e+00 5.124849e+00 1.251390e-01 -2.026157e-15 -1.415534e-15
4.828336e-01 5.249983891558e+00 5.069752e+00 1.802315e-01 -3.386180e-15 -1.859624e-15
4.766329e-01 5.249980642277e+00 5.004645e+00 2.453356e-01 -2.109424e-15 -4.996004e-16
4.694820e-01 5.249978516543e+00 4.929561e+00 3.204177e-01 -2.858824e-15 -1.887379e-15
4.613869e-01 5.249978140092e+00 4.844563e+00 4.054156e-01 -2.775558e-15 -1.637579e-15
4.523571e-01 5.249980169048e+00 4.749750e+00 5.002303e-01 -2.192690e-15 -2.359224e-15
4.424066e-01 5.249985266027e+00 4.645269e+00 6.047165e-01 -3.080869e-15 -3.774758e-15
4.315543e-01 5.249994072688e+00 4.531321e+00 7.186736e-01 -2.303713e-15 -5.079270e-15
4.198258e-01 5.250007179627e+00 4.408171e+00 8.418366e-01 -2.636780e-15 -2.498002e-15
4.072530e-01 5.250025095030e+00 4.276156e+00 9.738688e-01 -3.191891e-15 -6.106227e-16
3.938756e-01 5.250048214048e+00 4.135694e+00 1.114354e+00 -3.330669e-15 -2.720046e-15
3.797412e-01 5.250076791166e+00 3.987283e+00 1.262794e+00 -2.192690e-15 -2.942091e-15
3.649057e-01 5.250110918109e+00 3.831509e+00 1.418602e+00 -1.471046e-15 -6.106227e-15
3.494328e-01 5.250150509618e+00 3.669045e+00 1.581106e+00 -1.942890e-15 -3.441691e-15
3.333948e-01 5.250195299058e+00 3.500645e+00 1.749550e+00 -3.386180e-15 -4.773959e-15
3.168710e-01 5.250244845003e+00 3.327145e+00 1.923099e+00 -1.415534e-15 -4.996004e-15
2.999477e-01 5.250298548946e+00 3.149451e+00 2.100848e+00 -1.665335e-15 -4.607426e-15
2.827170e-01 5.250355683138e+00 2.968528e+00 2.281827e+00 -2.720046e-15 -5.995204e-15
2.652755e-01 5.250415426497e+00 2.785393e+00 2.465023e+00 -1.110223e-15 -4.829470e-15
2.477234e-01 5.250476905648e+00 2.601095e+00 2.649381e+00 -2.109424e-15 -4.274359e-15
2.301628e-01 5.250539237685e+00 2.416710e+00 2.833830e+00 -1.304512e-15 -4.107825e-15
2.126968e-01 5.250601571184e+00 2.233316e+00 3.017285e+00 -6.383782e-16 -6.772360e-15
1.954277e-01 5.250663122356e+00 2.051991e+00 3.198673e+00 -1.165734e-15 -2.775558e-15
1.784563e-01 5.250723203946e+00 1.873791e+00 3.376933e+00 -2.026157e-15 -5.551115e-15
1.618806e-01 5.250781245381e+00 1.699746e+00 3.551035e+00 -1.776357e-15 -5.551115e-15
1.457952e-01 5.250836803593e+00 1.530850e+00 3.719987e+00 -1.387779e-15 -5.995204e-15
1.302904e-01 5.250889564774e+00 1.368050e+00 3.882840e+00 -1.526557e-15 -3.330669e-16
1.154521e-01 5.250939337945e+00 1.212247e+00 4.038692e+00 -1.276756e-15 -4.773959e-15
1.013610e-01 5.250986041710e+00 1.064290e+00 4.186696e+00 -1.179612e-15 -9.547918e-15
8.809297e-02 5.251029685988e+00 9.249762e-01 4.326053e+00 -1.360023e-15 -7.327472e-15
7.571902e-02 5.251070351031e+00 7.950497e-01 4.456021e+00 -2.164935e-15 -3.219647e-15
6.430521e-02 5.251108166582e+00 6.752047e-01 4.575903e+00 -1.582068e-15 -4.107825e-15
5.391307e-02 5.251143294228e+00 5.660872e-01 4.685056e+00 -1.693090e-15 -4.773959e-15
4.459974e-02 5.251175915141e+00 4.682973e-01 4.782879e+00 -1.568190e-15 -6.106227e-15
3.641834e-02 5.251206222603e+00 3.823925e-01 4.868814e+00 -1.262879e-15 -1.143530e-14
2.941821e-02 5.251234413794e+00 3.088913e-01 4.942343e+00 -1.394718e-15 -1.199041e-14
2.364526e-02 5.251260669608e+00 2.482753e-01 5.002985e+00 -1.408595e-15 -1.143530e-14
1.914218e-02 5.251285108023e+00 2.009929e-01 5.050292e+00 -1.609823e-15 -5.551115e-15
1.594862e-02 5.251307700250e+00 1.674605e-01 5.083847e+00 -1.568190e-15 -9.103829e-15
1.410109e-02 5.251328152609e+00 1.480615e-01 5.103267e+00 -1.373901e-15 -1.154632e-14
1.363251e-02 5.251345779563e+00 1.431414e-01 5.108204e+00 -1.498801e-15 -1.332268e-14
1.457108e-02 5.251359416621e+00 1.529963e-01 5.098363e+00 -1.540434e-15 -9.992007e-15
1.693855e-02 5.251367432962e+00 1.778547e-01 5.073513e+00 -1.464107e-15 -8.548717e-15
2.074780e-02 5.251367889992e+00 2.178519e-01 5.033516e+00 -1.433749e-15 -7.105427e-15
2.599999e-02 5.251358849404e+00 2.729999e-01 4.978359e+00 -1.648638e-15 -9.992007e-15
3.268177e-02 5.251338773197e+00 3.431586e-01 4.908180e+00 -1.450229e-15 -1.287859e-14
4.076303e-02 5.251306903037e+00 4.280118e-01 4.823295e+00 -1.651457e-15 -1.365574e-14
5.019583e-02 5.251263487230e+00 5.270562e-01 4.724207e+00 -1.325329e-15 -1.121325e-14
6.091473e-02 5.251209759725e+00 6.396046e-01 4.611605e+00 -1.439820e-15 -1.076916e-14
7.283853e-02 5.251147661538e+00 7.648045e-01 4.486343e+00 -1.811051e-15 -1.165734e-14
8.587298e-02 5.251079396656e+00 9.016663e-01 4.349413e+00 -1.186551e-15 -1.232348e-14
9.991390e-02 5.251006982750e+00 1.049096e+00 4.201911e+00 -2.199629e-15 -1.054712e-14
1.148500e-01 5.250931954152e+00 1.205925e+00 4.045007e+00 -1.255940e-15 -1.232348e-14
1.305651e-01 5.250855298823e+00 1.370933e+00 3.879922e+00 -2.137179e-15 -8.881784e-15
1.469394e-01 5.250777601721e+00 1.542863e+00 3.707914e+00 -1.859624e-15 -1.121325e-14
1.638506e-01 5.250699282979e+00 1.720431e+00 3.530268e+00 -1.762479e-15 -1.121325e-14
1.811744e-01 5.250620803763e+00 1.902332e+00 3.348289e+00 -6.661338e-16 -1.021405e-14
1.987854e-01 5.250542766038e+00 2.087247e+00 3.163296e+00 -5.967449e-16 -1.187939e-14
2.165577e-01 5.250465914465e+00 2.273856e+00 2.976610e+00 -2.164935e-15 -1.110223e-14
2.343669e-01 5.250391105597e+00 2.460852e+00 2.789539e+00 -1.471046e-15 -1.176836e-14
2.520907e-01 5.250319310416e+00 2.646952e+00 2.603367e+00 -9.714451e-16 -1.210143e-14
2.696115e-01 5.250251668345e+00 2.830920e+00 2.419331e+00 -4.857226e-16 -9.547918e-15
2.868177e-01 5.250189551137e+00 3.011586e+00 2.238604e+00 -8.465451e-16 -1.487699e-14
3.036065e-01 5.250134562195e+00 3.187868e+00 2.062266e+00 -1.942890e-16 -1.743050e-14
3.198859e-01 5.250088409018e+00 3.358802e+00 1.891287e+00 -5.828671e-16 -1.298961e-14
3.355776e-01 5.250052635167e+00 3.523565e+00 1.726488e+00 -1.942890e-15 -1.232348e-14
3.506192e-01 5.250028258272e+00 3.681502e+00 1.568526e+00 -1.776357e-15 -1.132427e-14
3.649655e-01 5.250015406226e+00 3.832137e+00 1.417878e+00 -5.551115e-17 -1.332268e-14
3.785883e-01 5.250013058180e+00 3.975177e+00 1.274836e+00 -1.304512e-15 -1.393330e-14
3.914752e-01 5.250018976463e+00 4.110490e+00 1.139529e+00 -1.082467e-15 -1.426637e-14
4.036262e-01 5.250029868391e+00 4.238075e+00 1.011955e+00 -9.436896e-16 -1.298961e-14
4.150483e-01 5.250041761111e+00 4.358007e+00 8.920347e-01 -6.383782e-16 -1.132427e-14
4.257506e-01 5.250050529662e+00 4.470381e+00 7.796695e-01 -2.609024e-15 -1.537659e-14
4.357378e-01 5.250052502254e+00 4.575247e+00 6.748054e-01 -7.771561e-16 -1.459943e-14
4.450057e-01 5.250045072400e+00 4.672560e+00 5.774852e-01 -4.163336e-16 -1.215694e-14
4.535373e-01 5.250027250862e+00 4.762142e+00 4.878852e-01 -1.137979e-15 -1.354472e-14
4.613024e-01 5.250000066787e+00 4.843675e+00 4.063252e-01 2.498002e-16 -1.371125e-14
4.682589e-01 5.249966678882e+00 4.916719e+00 3.332480e-01 -3.608225e-16 -1.404432e-14
4.743586e-01 5.249932025115e+00 4.980766e+00 2.691664e-01 -1.387779e-16 -1.504352e-14
4.795540e-01 5.249901883424e+00 5.035317e+00 2.145851e-01 -1.665335e-16 -1.398881e-14
4.838068e-01 5.249881371503e+00 5.079971e+00 1.699102e-01 -1.110223e-16 -1.401657e-14
4.870953e-01 5.249873153858e+00 5.114501e+00 1.353725e-01 -1.276756e-15 -1.409983e-14
4.894179e-01 5.249875858750e+00 5.138888e+00 1.109877e-01 2.220446e-16 -1.459943e-14
4.907908e-01 5.249883321368e+00 5.153304e+00 9.657979e-02 -1.720846e-15 -1.454392e-14
4.912390e-01 5.249885177740e+00 5.158010e+00 9.187524e-02 -1.998401e-15 -1.468270e-14
4.907819e-01 5.249869014590e+00 5.153210e+00 9.665913e-02 -2.942091e-15 -1.479372e-14
4.894157e-01 5.249823770760e+00 5.138865e+00 1.109590e-01 -9.992007e-16 -1.538353e-14
4.870989e-01 5.249743470250e+00 5.114539e+00 1.352048e-01 -3.053113e-15 -1.523781e-14
4.837447e-01 5.249629822359e+00 5.079319e+00 1.703104e-01 -1.165734e-15 -1.523781e-14
4.792243e-01 5.249492110492e+00 5.031855e+00 2.176373e-01 -1.498801e-15 -1.511291e-14
4.733806e-01 5.249343619967e+00 4.970497e+00 2.788469e-01 -1.831868e-15 -1.576517e-14
