5.000000e-01 5.250000000000e+00 5.250000e+00 0.000000e+00 -1.137979e-15 0.000000e+00
4.990004e-01 5.249997408084e+00 5.239504e+00 1.049354e-02 -1.554312e-15 -4.753142e-16
4.960006e-01 5.249990097779e+00 5.208006e+00 4.198373e-02 -2.470246e-15 -7.771561e-16
4.909987e-01 5.249979450754e+00 5.155487e+00 9.449260e-02 -2.386980e-15 -1.415534e-15
4.839936e-01 5.249967717420e+00 5.081933e+00 1.680350e-01 -2.831069e-15 -1.693090e-15
4.749878e-01 5.249957926920e+00 4.987371e+00 2.625864e-01 -1.026956e-15 -7.494005e-16
4.639917e-01 5.249953741128e+00 4.871913e+00 3.780404e-01 -3.885781e-16 -2.636780e-15
4.510288e-01 5.249959239589e+00 4.735803e+00 5.141566e-01 -1.970646e-15 -2.553513e-15
4.361405e-01 5.249978628519e+00 4.579475e+00 6.705037e-01 -2.914335e-15 -3.053113e-15
4.193918e-01 5.250015879738e+00 4.403614e+00 8.464017e-01 -2.275957e-15 -2.553513e-15
4.008768e-01 5.250074323824e+00 4.209207e+00 1.040867e+00 -2.275957e-15 -3.330669e-15
3.807223e-01 5.250156242461e+00 3.997584e+00 1.252572e+00 -1.415534e-15 -5.107026e-15
3.590905e-01 5.250262521803e+00 3.770450e+00 1.479813e+00 -2.303713e-15 -4.496403e-15
3.361795e-01 5.250392434397e+00 3.529885e+00 1.720508e+00 -2.525757e-15 -4.218847e-15
3.122218e-01 5.250543605779e+00 3.278329e+00 1.972215e+00 -1.970646e-15 -5.107026e-15
2.874799e-01 5.250712192286e+00 3.018539e+00 2.232174e+00 -3.164136e-15 -4.996004e-15
2.622403e-01 5.250893254652e+00 2.753523e+00 2.497371e+00 -2.359224e-15 -6.605827e-15
2.368060e-01 5.251081269547e+00 2.486463e+00 2.764619e+00 -1.137979e-15 -5.828671e-15
2.114881e-01 5.251270691822e+00 2.220625e+00 3.030646e+00 -1.443290e-15 -8.215650e-15
1.865975e-01 5.251456473311e+00 1.959274e+00 3.292182e+00 -2.636780e-15 -9.436896e-15
1.624378e-01 5.251634460535e+00 1.705596e+00 3.546038e+00 -2.969847e-15 -7.882583e-15
1.392984e-01 5.251801625963e+00 1.462633e+00 3.789168e+00 -1.734723e-15 -6.106227e-15
1.174512e-01 5.251956123168e+00 1.233237e+00 4.018719e+00 -2.137179e-15 -2.997602e-15
9.714687e-02 5.252097185318e+00 1.020042e+00 4.232055e+00 -2.067790e-15 -2.997602e-15
7.861472e-02 5.252224907326e+00 8.254546e-01 4.426770e+00 -1.984524e-15 -7.993606e-15
6.206235e-02 5.252339971587e+00 6.516547e-01 4.600685e+00 -1.790235e-15 -9.103829e-15
4.767699e-02 5.252443396032e+00 5.006084e-01 4.751835e+00 -1.776357e-15 -1.365574e-14
3.562706e-02 5.252536371205e+00 3.740842e-01 4.878452e+00 -2.275957e-15 -1.232348e-14
2.606407e-02 5.252620153259e+00 2.736728e-01 4.978947e+00 -2.053913e-15 -1.110223e-14
1.912446e-02 5.252695785016e+00 2.008069e-01 5.051889e+00 -2.033096e-15 -9.325873e-15
1.493100e-02 5.252763285571e+00 1.567756e-01 5.095988e+00 -2.206568e-15 -9.214851e-15
1.359242e-02 5.252820181877e+00 1.427204e-01 5.110100e+00 -2.033096e-15 -1.387779e-14
1.519921e-02 5.252859985597e+00 1.595918e-01 5.093268e+00 -1.974115e-15 -9.214851e-15
1.981376e-02 5.252872003936e+00 2.080445e-01 5.044827e+00 -2.045239e-15 -1.243450e-14
2.745472e-02 5.252843775108e+00 2.882746e-01 4.964569e+00 -2.080801e-15 -1.731948e-14
3.807938e-02 5.252765869344e+00 3.998335e-01 4.852932e+00 -2.019218e-15 -9.436896e-15
5.157055e-02 5.252636598603e+00 5.414908e-01 4.711146e+00 -1.530026e-15 -1.088019e-14
6.773421e-02 5.252463347739e+00 7.112092e-01 4.541254e+00 -1.536965e-15 -1.409983e-14
8.630953e-02 5.252259192282e+00 9.062501e-01 4.346009e+00 -1.589007e-15 -1.720846e-14
1.069866e-01 5.252037051222e+00 1.123360e+00 4.128677e+00 -1.582068e-15 -9.214851e-15
1.294243e-01 5.251805561995e+00 1.358955e+00 3.892851e+00 -1.658396e-15 -7.771561e-15
1.532623e-01 5.251569070737e+00 1.609254e+00 3.642315e+00 -8.881784e-16 -1.243450e-14
1.781281e-01 5.251330381499e+00 1.870345e+00 3.380985e+00 -2.095546e-15 -9.547918e-15
2.036416e-01 5.251093115873e+00 2.138236e+00 3.112857e+00 -1.221245e-15 -1.176836e-14
2.294207e-01 5.250862195302e+00 2.408918e+00 2.841944e+00 -3.275158e-15 -1.454392e-14
2.550906e-01 5.250643539998e+00 2.678452e+00 2.572192e+00 -2.844947e-15 -1.498801e-14
2.802934e-01 5.250444443876e+00 2.943081e+00 2.307364e+00 -1.901257e-15 -1.698641e-14
3.047012e-01 5.250274266686e+00 3.199363e+00 2.050911e+00 -3.441691e-15 -1.698641e-14
3.280311e-01 5.250143673817e+00 3.444327e+00 1.805817e+00 -2.303713e-15 -1.898481e-14
3.500608e-01 5.250061372974e+00 3.675639e+00 1.574423e+00 -2.470246e-15 -1.587619e-14
3.706406e-01 5.250029382225e+00 3.891727e+00 1.358303e+00 -3.219647e-15 -1.820766e-14
3.896950e-01 5.250039405172e+00 4.091798e+00 1.158242e+00 -1.831868e-15 -1.632028e-14
4.072095e-01 5.250072696359e+00 4.275700e+00 9.743726e-01 -2.275957e-15 -1.482148e-14
4.232038e-01 5.250104101463e+00 4.443640e+00 8.064644e-01 -4.662937e-15 -1.953993e-14
4.376959e-01 5.250109077962e+00 4.595807e+00 6.543017e-01 -2.248202e-15 -1.837419e-14
4.506695e-01 5.250071710684e+00 4.732029e+00 5.180424e-01 -4.524159e-15 -2.031708e-14
4.620533e-01 5.249991748277e+00 4.851560e+00 3.984322e-01 -2.636780e-15 -1.981748e-14
4.717250e-01 5.249887955385e+00 4.953112e+00 2.967755e-01 -2.858824e-15 -1.987299e-14
4.795402e-01 5.249793687046e+00 5.035172e+00 2.146219e-01 -2.609024e-15 -2.081668e-14
4.853802e-01 5.249741767007e+00 5.096492e+00 1.532493e-01 -3.386180e-15 -2.087219e-14
4.891968e-01 5.249742151266e+00 5.136566e+00 1.131757e-01 -3.885781e-15 -2.106648e-14
4.910224e-01 5.249764542256e+00 5.155735e+00 9.402940e-02 -9.992007e-16 -2.176037e-14
4.909262e-01 5.249741392157e+00 5.154725e+00 9.501609e-02 -1.165734e-15 -2.207956e-14
4.889223e-01 5.249598641356e+00 5.133684e+00 1.159150e-01 -1.887379e-15 -2.261386e-14
4.848731e-01 5.249302477310e+00 5.091167e+00 1.581350e-01 -2.831069e-15 -2.264161e-14
4.784514e-01 5.248888528509e+00 5.023739e+00 2.251491e-01 -3.108624e-15 -2.267631e-14
