5.000000e-01 5.250000000000e+00 5.250000e+00 0.000000e+00 -1.137979e-15 0.000000e+00
4.985518e-01 5.249994589033e+00 5.234794e+00 1.520099e-02 -6.106227e-16 -6.869505e-16
4.942054e-01 5.249979767594e+00 5.189157e+00 6.082314e-02 -1.915135e-15 -5.273559e-16
4.869577e-01 5.249959704018e+00 5.113056e+00 1.369039e-01 -1.054712e-15 -1.165734e-15
4.768097e-01 5.249941103723e+00 5.006501e+00 2.434397e-01 -4.024558e-15 -1.193490e-15
4.637754e-01 5.249932778206e+00 4.869642e+00 3.802909e-01 -3.719247e-15 -1.415534e-15
4.478941e-01 5.249944932301e+00 4.702888e+00 5.470574e-01 -3.386180e-15 -1.110223e-16
4.292430e-01 5.249988124327e+00 4.507052e+00 7.429365e-01 -2.414735e-15 1.249001e-15
4.079518e-01 5.250071926956e+00 4.283494e+00 9.665777e-01 -1.360023e-15 -3.330669e-16
3.842142e-01 5.250203431696e+00 4.034249e+00 1.215955e+00 -3.413936e-15 4.440892e-16
3.582961e-01 5.250385864638e+00 3.762110e+00 1.488276e+00 -1.415534e-15 -4.163336e-15
3.305390e-01 5.250617657758e+00 3.470659e+00 1.779959e+00 -3.413936e-15 -3.219647e-15
3.013550e-01 5.250892287686e+00 3.164227e+00 2.086665e+00 -1.998401e-15 -1.998401e-15
2.712165e-01 5.251199026760e+00 2.847774e+00 2.403425e+00 -1.887379e-15 -5.051515e-15
2.406396e-01 5.251524492387e+00 2.526715e+00 2.724809e+00 -1.665335e-15 -4.052314e-15
2.101630e-01 5.251854634075e+00 2.206712e+00 3.045143e+00 -2.942091e-15 -6.383782e-15
1.803283e-01 5.252176674912e+00 1.893447e+00 3.358730e+00 -2.525757e-15 -4.662937e-15
1.516603e-01 5.252480576171e+00 1.592433e+00 3.660048e+00 -2.386980e-15 -1.143530e-14
1.246528e-01 5.252759779008e+00 1.308855e+00 3.943905e+00 -1.471046e-15 -6.439294e-15
9.975925e-02 5.253011194876e+00 1.047472e+00 4.205539e+00 -2.040035e-15 -4.996004e-15
7.738787e-02 5.253234586651e+00 8.125726e-01 4.440662e+00 -1.595946e-15 -5.662137e-15
5.790190e-02 5.253431612418e+00 6.079699e-01 4.645462e+00 -2.484124e-15 -3.663736e-15
4.162210e-02 5.253604922710e+00 4.370321e-01 4.816573e+00 -2.262079e-15 -1.443290e-15
2.883095e-02 5.253757621232e+00 3.027250e-01 4.951033e+00 -1.991463e-15 -4.440892e-15
1.977738e-02 5.253892695568e+00 2.076625e-01 5.046230e+00 -2.463307e-15 -6.217249e-15
1.468090e-02 5.254010900726e+00 1.541494e-01 5.099861e+00 -2.213507e-15 -2.331468e-15
1.373148e-02 5.254105879433e+00 1.441805e-01 5.109925e+00 -2.459838e-15 -7.438494e-15
1.707862e-02 5.254158934117e+00 1.793255e-01 5.074833e+00 -2.402592e-15 -4.551914e-15
2.480316e-02 5.254140345572e+00 2.604332e-01 4.993707e+00 -2.275493e-15 -8.770762e-15
3.687535e-02 5.254022157632e+00 3.871912e-01 4.866831e+00 -2.541370e-15 -1.298961e-14
5.311678e-02 5.253796130186e+00 5.577262e-01 4.696070e+00 -2.338407e-15 -9.547918e-15
7.318943e-02 5.253480979978e+00 7.684890e-01 4.484992e+00 -2.754741e-15 -1.032507e-14
9.662024e-02 5.253110231781e+00 1.014513e+00 4.238598e+00 -3.309852e-15 -4.551914e-15
1.228456e-01 5.252712106459e+00 1.289878e+00 3.962834e+00 -1.887379e-15 -6.994405e-15
1.512498e-01 5.252301010107e+00 1.588123e+00 3.664178e+00 -2.720046e-15 -5.107026e-15
1.811872e-01 5.251884476960e+00 1.902466e+00 3.349419e+00 -2.470246e-15 -9.880985e-15
2.119948e-01 5.251472083972e+00 2.225945e+00 3.025527e+00 -1.665335e-15 -8.992806e-15
2.430082e-01 5.251077138909e+00 2.551586e+00 2.699491e+00 -1.748601e-15 -1.332268e-14
2.735848e-01 5.250716074014e+00 2.872640e+00 2.378076e+00 -2.303713e-15 -9.880985e-15
3.031326e-01 5.250410604954e+00 3.182893e+00 2.067518e+00 -2.831069e-15 -1.332268e-14
3.311464e-01 5.250187140989e+00 3.477037e+00 1.773150e+00 -3.080869e-15 -8.992806e-15
3.572463e-01 5.250066382576e+00 3.751086e+00 1.498980e+00 -1.026956e-15 -1.454392e-14
3.812048e-01 5.250046788252e+00 4.002650e+00 1.247397e+00 -3.247402e-15 -1.171285e-14
4.029406e-01 5.250094708625e+00 4.230877e+00 1.019218e+00 -2.803313e-15 -1.343370e-14
4.224694e-01 5.250151169730e+00 4.435929e+00 8.142226e-01 -1.915135e-15 -1.493250e-14
4.398206e-01 5.250154121922e+00 4.618116e+00 6.320381e-01 -1.859624e-15 -1.570966e-14
4.549551e-01 5.250066953198e+00 4.777029e+00 4.730381e-01 -3.358425e-15 -1.704192e-14
4.677220e-01 5.249902568421e+00 4.911081e+00 3.388213e-01 -2.053913e-15 -1.393330e-14
4.778854e-01 5.249727896922e+00 5.017796e+00 2.319315e-01 -6.106227e-16 -1.532108e-14
4.852219e-01 5.249629014593e+00 5.094830e+00 1.547991e-01 -4.440892e-15 -1.598721e-14
4.896350e-01 5.249637494889e+00 5.141167e+00 1.084702e-01 -1.720846e-15 -1.645906e-14
4.911873e-01 5.249667049299e+00 5.157467e+00 9.220001e-02 -2.609024e-15 -1.676437e-14
4.899780e-01 5.249535715174e+00 5.144769e+00 1.047667e-01 5.551115e-16 -1.712519e-14
4.859061e-01 5.249098450492e+00 5.102014e+00 1.470843e-01 -1.387779e-15 -1.706274e-14
4.784985e-01 5.248392718876e+00 5.024234e+00 2.241583e-01 -1.387779e-15 -1.817990e-14
