5.000000e-01 5.250000000000e+00 5.250000e+00 0.000000e+00 -1.137979e-15 0.000000e+00
4.999965e-01 5.249999999967e+00 5.249963e+00 3.701151e-05 -3.025358e-15 -4.119968e-18
4.999859e-01 5.249999999870e+00 5.249852e+00 1.480462e-04 -1.276756e-15 -4.510281e-17
4.999683e-01 5.249999999707e+00 5.249667e+00 3.331044e-04 -1.471046e-15 -1.127570e-17
4.999436e-01 5.249999999479e+00 5.249408e+00 5.921868e-04 -2.331468e-15 -4.597017e-17
4.999119e-01 5.249999999186e+00 5.249075e+00 9.252943e-04 -1.387779e-15 -3.469447e-18
4.998731e-01 5.249999998828e+00 5.248668e+00 1.332428e-03 -2.609024e-15 -6.245005e-17
4.998273e-01 5.249999998406e+00 5.248186e+00 1.813590e-03 -1.693090e-15 -1.353084e-16
4.997744e-01 5.249999997920e+00 5.247631e+00 2.368780e-03 -3.080869e-15 -6.938894e-17
4.997145e-01 5.249999997369e+00 5.247002e+00 2.998002e-03 -4.163336e-16 -3.157197e-16
4.996475e-01 5.249999996756e+00 5.246299e+00 3.701258e-03 -2.442491e-15 -7.632783e-17
4.995735e-01 5.249999996079e+00 5.245521e+00 4.478549e-03 -2.359224e-15 -6.591949e-17
4.994924e-01 5.249999995339e+00 5.244670e+00 5.329879e-03 -6.661338e-16 -3.955170e-16
4.994043e-01 5.249999994537e+00 5.243745e+00 6.255250e-03 -1.249001e-15 -2.914335e-16
4.993091e-01 5.249999993673e+00 5.242745e+00 7.254666e-03 -1.526557e-15 -4.336809e-16
4.992068e-01 5.249999992748e+00 5.241672e+00 8.328129e-03 -3.330669e-15 -2.185752e-16
4.990976e-01 5.249999991762e+00 5.240524e+00 9.475643e-03 -9.714451e-16 -1.353084e-16
4.989812e-01 5.249999990717e+00 5.239303e+00 1.069721e-02 -2.248202e-15 -2.359224e-16
4.988578e-01 5.249999989612e+00 5.238007e+00 1.199284e-02 -2.109424e-15 -5.065393e-16
4.987274e-01 5.249999988448e+00 5.236637e+00 1.336253e-02 -3.164136e-15 -1.873501e-16
4.985899e-01 5.249999987227e+00 5.235194e+00 1.480629e-02 -2.137179e-15 -4.371503e-16
4.984453e-01 5.249999985949e+00 5.233676e+00 1.632412e-02 -3.191891e-15 -5.134781e-16
4.982937e-01 5.249999984614e+00 5.232084e+00 1.791602e-02 -3.413936e-15 -6.661338e-16
4.981350e-01 5.249999983224e+00 5.230418e+00 1.958201e-02 -3.108624e-15 -5.759282e-16
4.979693e-01 5.249999981780e+00 5.228678e+00 2.132208e-02 -2.220446e-15 -5.273559e-16
4.977965e-01 5.249999980282e+00 5.226864e+00 2.313624e-02 -2.831069e-15 -5.828671e-16
4.976167e-01 5.249999978732e+00 5.224975e+00 2.502449e-02 -2.692291e-15 -8.812395e-16
4.974298e-01 5.249999977130e+00 5.223013e+00 2.698685e-02 -3.302913e-15 -6.314393e-16
4.972359e-01 5.249999975478e+00 5.220977e+00 2.902331e-02 -1.859624e-15 -6.661338e-16
4.970349e-01 5.249999973776e+00 5.218866e+00 3.113388e-02 -1.915135e-15 -1.110223e-16
4.968268e-01 5.249999972027e+00 5.216681e+00 3.331856e-02 -4.218847e-15 -3.330669e-16
4.966117e-01 5.249999970231e+00 5.214423e+00 3.557737e-02 -2.053913e-15 -7.702172e-16
4.963895e-01 5.249999968389e+00 5.212090e+00 3.791030e-02 -3.025358e-15 -9.159340e-16
4.961602e-01 5.249999966502e+00 5.209683e+00 4.031737e-02 -2.609024e-15 -6.106227e-16
4.959239e-01 5.249999964573e+00 5.207201e+00 4.279857e-02 -2.470246e-15 -1.318390e-15
4.956806e-01 5.249999962602e+00 5.204646e+00 4.535391e-02 -3.302913e-15 -1.110223e-15
4.954301e-01 5.249999960590e+00 5.202017e+00 4.798340e-02 -1.776357e-15 -8.465451e-16
4.951727e-01 5.249999958540e+00 5.199313e+00 5.068703e-02 -2.053913e-15 -9.575674e-16
4.949081e-01 5.249999956452e+00 5.196535e+00 5.346483e-02 -8.049117e-16 -8.049117e-16
4.946365e-01 5.249999954328e+00 5.193683e+00 5.631678e-02 -2.331468e-15 -8.187895e-16
4.943578e-01 5.249999952169e+00 5.190757e+00 5.924290e-02 -2.775558e-15 -1.124101e-15
4.940721e-01 5.249999949978e+00 5.187757e+00 6.224319e-02 -2.026157e-15 -2.359224e-16
4.937793e-01 5.249999947756e+00 5.184682e+00 6.531766e-02 -3.164136e-15 -1.276756e-15
4.934794e-01 5.249999945503e+00 5.181534e+00 6.846630e-02 -2.886580e-15 -8.743006e-16
4.931725e-01 5.249999943223e+00 5.178311e+00 7.168912e-02 -1.942890e-15 -1.429412e-15
4.928585e-01 5.249999940917e+00 5.175014e+00 7.498613e-02 -2.275957e-15 -8.743006e-16
4.925374e-01 5.249999938587e+00 5.171643e+00 7.835732e-02 -1.720846e-15 -1.457168e-15
4.922093e-01 5.249999936233e+00 5.168197e+00 8.180270e-02 -2.359224e-15 -1.318390e-15
4.918741e-01 5.249999933859e+00 5.164678e+00 8.532228e-02 -1.582068e-15 -7.494005e-16
4.915318e-01 5.249999931466e+00 5.161084e+00 8.891605e-02 -2.803313e-15 -7.910339e-16
4.911825e-01 5.249999929056e+00 5.157416e+00 9.258402e-02 -3.802514e-15 -5.551115e-16
4.908261e-01 5.249999926631e+00 5.153674e+00 9.632619e-02 -3.108624e-15 -1.609823e-15
4.904626e-01 5.249999924193e+00 5.149857e+00 1.001426e-01 -2.692291e-15 -7.494005e-16
4.900921e-01 5.249999921743e+00 5.145967e+00 1.040331e-01 -2.609024e-15 -1.082467e-15
4.897145e-01 5.249999919285e+00 5.142002e+00 1.079979e-01 -2.248202e-15 -9.992007e-16
4.893298e-01 5.249999916819e+00 5.137963e+00 1.120368e-01 -1.221245e-15 -7.494005e-16
4.889381e-01 5.249999914349e+00 5.133850e+00 1.161500e-01 -3.247402e-15 -1.720846e-15
4.885393e-01 5.249999911875e+00 5.129663e+00 1.203373e-01 -9.992007e-16 -1.235123e-15
4.881334e-01 5.249999909401e+00 5.125401e+00 1.245989e-01 -1.693090e-15 -1.817990e-15
4.877205e-01 5.249999906929e+00 5.121065e+00 1.289346e-01 -5.551115e-17 -1.013079e-15
4.873005e-01 5.249999904461e+00 5.116655e+00 1.333445e-01 -2.636780e-15 -1.762479e-15
4.868735e-01 5.249999901998e+00 5.112171e+00 1.378286e-01 -2.997602e-15 -1.651457e-15
4.864393e-01 5.249999899545e+00 5.107613e+00 1.423869e-01 -4.163336e-16 -2.012279e-15
4.859981e-01 5.249999897101e+00 5.102981e+00 1.470193e-01 -2.414735e-15 -1.984524e-15
4.855499e-01 5.249999894671e+00 5.098274e+00 1.517259e-01 5.551115e-16 -1.942890e-15
4.850946e-01 5.249999892257e+00 5.093493e+00 1.565067e-01 -6.383782e-16 -1.373901e-15
4.846322e-01 5.249999889860e+00 5.088638e+00 1.613616e-01 -2.026157e-15 -8.326673e-16
4.841628e-01 5.249999887484e+00 5.083709e+00 1.662906e-01 -6.383782e-16 -1.859624e-15
4.836863e-01 5.249999885130e+00 5.078706e+00 1.712938e-01 -1.026956e-15 -2.053913e-15
4.832027e-01 5.249999882802e+00 5.073629e+00 1.763710e-01 -1.720846e-15 -2.220446e-15
4.827121e-01 5.249999880502e+00 5.068477e+00 1.815224e-01 -2.525757e-15 -1.110223e-15
4.822145e-01 5.249999878232e+00 5.063252e+00 1.867479e-01 -2.220446e-15 -9.992007e-16
4.817098e-01 5.249999875996e+00 5.057952e+00 1.920474e-01 -1.804112e-15 -1.471046e-15
4.811980e-01 5.249999873795e+00 5.052579e+00 1.974210e-01 -4.440892e-15 -1.360023e-15
4.806792e-01 5.249999871632e+00 5.047131e+00 2.028686e-01 -3.053113e-15 -7.771561e-16
4.801533e-01 5.249999869510e+00 5.041610e+00 2.083902e-01 -3.247402e-15 -1.942890e-15
4.796204e-01 5.249999867432e+00 5.036014e+00 2.139859e-01 -2.969847e-15 -5.551115e-16
4.790804e-01 5.249999865400e+00 5.030344e+00 2.196555e-01 -1.859624e-15 -7.771561e-16
4.785334e-01 5.249999863417e+00 5.024601e+00 2.253991e-01 -7.771561e-16 -5.828671e-16
4.779794e-01 5.249999861487e+00 5.018783e+00 2.312166e-01 -1.193490e-15 -1.609823e-15
4.774183e-01 5.249999859610e+00 5.012892e+00 2.371080e-01 -2.609024e-15 -1.720846e-15
4.768501e-01 5.249999857792e+00 5.006927e+00 2.430733e-01 -2.220446e-15 -1.859624e-15
4.762750e-01 5.249999856033e+00 5.000887e+00 2.491124e-01 -3.025358e-15 -1.970646e-15
4.756928e-01 5.249999854338e+00 4.994774e+00 2.552254e-01 -2.442491e-15 -1.276756e-15
4.751036e-01 5.249999852709e+00 4.988588e+00 2.614122e-01 -1.554312e-15 -1.332268e-15
4.745073e-01 5.249999851149e+00 4.982327e+00 2.676727e-01 -3.441691e-15 -9.436896e-16
4.739041e-01 5.249999849660e+00 4.975993e+00 2.740070e-01 -1.360023e-15 -1.915135e-15
4.732938e-01 5.249999848247e+00 4.969585e+00 2.804149e-01 -1.526557e-15 -1.609823e-15
4.726765e-01 5.249999846911e+00 4.963103e+00 2.868965e-01 -1.193490e-15 -7.216450e-16
4.720522e-01 5.249999845656e+00 4.956548e+00 2.934518e-01 -2.414735e-15 -2.081668e-15
4.714209e-01 5.249999844484e+00 4.949919e+00 3.000805e-01 -6.106227e-16 -2.137179e-15
4.707826e-01 5.249999843399e+00 4.943217e+00 3.067829e-01 -1.804112e-15 -1.748601e-15
4.701373e-01 5.249999842403e+00 4.936441e+00 3.135587e-01 -1.026956e-15 -3.441691e-15
4.694849e-01 5.249999841501e+00 4.929592e+00 3.204079e-01 -2.081668e-15 -2.914335e-15
4.688257e-01 5.249999840694e+00 4.922669e+00 3.273305e-01 -1.859624e-15 -2.581269e-15
4.681594e-01 5.249999839986e+00 4.915673e+00 3.343265e-01 -1.360023e-15 -1.665335e-15
4.674861e-01 5.249999839379e+00 4.908604e+00 3.413957e-01 -2.303713e-15 -2.081668e-15
4.668059e-01 5.249999838878e+00 4.901462e+00 3.485382e-01 -1.582068e-15 -5.273559e-16
4.661187e-01 5.249999838484e+00 4.894246e+00 3.557538e-01 -2.386980e-15 -2.747802e-15
4.654245e-01 5.249999838201e+00 4.886957e+00 3.630426e-01 -2.275957e-15 -2.248202e-15
4.647234e-01 5.249999838033e+00 4.879595e+00 3.704044e-01 -1.332268e-15 -2.997602e-15
4.640153e-01 5.249999837982e+00 4.872161e+00 3.778392e-01 -8.049117e-16 -9.714451e-16
4.633003e-01 5.249999838051e+00 4.864653e+00 3.853469e-01 -2.414735e-15 -1.804112e-15
4.625783e-01 5.249999838244e+00 4.857072e+00 3.929274e-01 -1.165734e-15 -2.220446e-15
4.618494e-01 5.249999838563e+00 4.849419e+00 4.005808e-01 -1.276756e-15 -1.859624e-15
4.611136e-01 5.249999839013e+00 4.841693e+00 4.083068e-01 -1.554312e-15 -2.164935e-15
4.603709e-01 5.249999839595e+00 4.833894e+00 4.161055e-01 -2.109424e-15 -3.025358e-15
4.596213e-01 5.249999840313e+00 4.826023e+00 4.239767e-01 -2.026157e-15 -1.415534e-15
4.588647e-01 5.249999841170e+00 4.818079e+00 4.319204e-01 -2.886580e-15 -2.775558e-15
4.581013e-01 5.249999842169e+00 4.810063e+00 4.399365e-01 -2.803313e-15 -1.859624e-15
4.573310e-01 5.249999843314e+00 4.801975e+00 4.480248e-01 -2.525757e-15 -1.804112e-15
4.565538e-01 5.249999844608e+00 4.793814e+00 4.561854e-01 -1.859624e-15 -1.831868e-15
4.557697e-01 5.249999846053e+00 4.785582e+00 4.644181e-01 -2.775558e-15 -3.858025e-15
4.549788e-01 5.249999847653e+00 4.777277e+00 4.727229e-01 -1.859624e-15 -1.526557e-15
4.541810e-01 5.249999849411e+00 4.768900e+00 4.810995e-01 0.000000e+00 -2.137179e-15
4.533764e-01 5.249999851331e+00 4.760452e+00 4.895480e-01 -2.026157e-15 -3.608225e-15
4.525649e-01 5.249999853414e+00 4.751932e+00 4.980682e-01 -1.970646e-15 -1.554312e-15
4.517467e-01 5.249999855665e+00 4.743340e+00 5.066600e-01 -2.442491e-15 -6.383782e-16
4.509216e-01 5.249999858086e+00 4.734677e+00 5.153233e-01 -1.526557e-15 -1.609823e-15
4.500897e-01 5.249999860680e+00 4.725942e+00 5.240580e-01 -2.803313e-15 -1.110223e-15
4.492510e-01 5.249999863452e+00 4.717136e+00 5.328640e-01 -2.858824e-15 -1.471046e-15
4.484056e-01 5.249999866402e+00 4.708259e+00 5.417411e-01 -1.915135e-15 -2.692291e-15
4.475534e-01 5.249999869536e+00 4.699311e+00 5.506893e-01 -2.914335e-15 -1.859624e-15
4.466944e-01 5.249999872855e+00 4.690291e+00 5.597084e-01 -2.525757e-15 -4.690692e-15
4.458287e-01 5.249999876363e+00 4.681202e+00 5.687982e-01 -2.803313e-15 -1.887379e-15
4.449563e-01 5.249999880063e+00 4.672041e+00 5.779588e-01 -2.498002e-15 -1.582068e-15
4.440772e-01 5.249999883958e+00 4.662810e+00 5.871898e-01 -3.413936e-15 -3.774758e-15
4.431913e-01 5.249999888051e+00 4.653509e+00 5.964912e-01 -2.803313e-15 -3.469447e-15
4.422988e-01 5.249999892344e+00 4.644137e+00 6.058628e-01 -1.415534e-15 -4.968248e-15
4.413996e-01 5.249999896841e+00 4.634695e+00 6.153045e-01 -1.859624e-15 -4.302114e-15
4.404937e-01 5.249999901545e+00 4.625184e+00 6.248162e-01 -2.386980e-15 -3.497203e-15
4.395812e-01 5.249999906458e+00 4.615602e+00 6.343976e-01 -3.053113e-15 -3.136380e-15
4.386620e-01 5.249999911583e+00 4.605951e+00 6.440487e-01 -2.442491e-15 -4.496403e-15
4.377363e-01 5.249999916924e+00 4.596231e+00 6.537693e-01 -2.470246e-15 -5.218048e-15
4.368039e-01 5.249999922483e+00 4.586441e+00 6.635591e-01 -3.441691e-15 -3.635980e-15
4.358649e-01 5.249999928263e+00 4.576582e+00 6.734181e-01 -3.358425e-15 -1.360023e-15
4.349194e-01 5.249999934266e+00 4.566654e+00 6.833460e-01 -2.386980e-15 -3.247402e-15
4.339673e-01 5.249999940496e+00 4.556657e+00 6.933428e-01 -1.471046e-15 -3.441691e-15
4.330087e-01 5.249999946955e+00 4.546592e+00 7.034081e-01 -1.970646e-15 -5.329071e-15
4.320436e-01 5.249999953646e+00 4.536458e+00 7.135419e-01 -2.026157e-15 -5.051515e-15
4.310720e-01 5.249999960571e+00 4.526256e+00 7.237439e-01 -3.330669e-15 -3.247402e-15
4.300939e-01 5.249999967733e+00 4.515986e+00 7.340140e-01 -1.720846e-15 -4.440892e-15
4.291093e-01 5.249999975135e+00 4.505648e+00 7.443520e-01 -1.665335e-15 -5.440093e-15
4.281183e-01 5.249999982779e+00 4.495242e+00 7.547576e-01 -2.747802e-15 -6.217249e-15
4.271209e-01 5.249999990668e+00 4.484769e+00 7.652306e-01 -2.553513e-15 -4.884981e-15
4.261171e-01 5.249999998804e+00 4.474229e+00 7.757709e-01 -2.914335e-15 -5.606626e-15
4.251068e-01 5.250000007190e+00 4.463622e+00 7.863783e-01 -9.714451e-16 -3.885781e-15
4.240902e-01 5.250000015828e+00 4.452948e+00 7.970525e-01 -2.636780e-15 -3.497203e-15
4.230673e-01 5.250000024720e+00 4.442207e+00 8.077932e-01 -2.831069e-15 -3.996803e-15
4.220381e-01 5.250000033869e+00 4.431400e+00 8.186004e-01 -2.775558e-15 -6.106227e-15
4.210025e-01 5.250000043277e+00 4.420526e+00 8.294737e-01 -2.664535e-15 -1.609823e-15
4.199607e-01 5.250000052947e+00 4.409587e+00 8.404130e-01 -2.692291e-15 -4.773959e-15
4.189126e-01 5.250000062879e+00 4.398582e+00 8.514179e-01 -2.248202e-15 -3.996803e-15
4.178583e-01 5.250000073078e+00 4.387512e+00 8.624883e-01 -1.137979e-15 -7.271961e-15
4.167977e-01 5.250000083544e+00 4.376376e+00 8.736239e-01 -2.164935e-15 -3.386180e-15
4.157310e-01 5.250000094280e+00 4.365176e+00 8.848244e-01 -2.886580e-15 -1.498801e-15
4.146581e-01 5.250000105287e+00 4.353910e+00 8.960896e-01 -2.969847e-15 -3.552714e-15
4.135791e-01 5.250000116568e+00 4.342581e+00 9.074193e-01 -6.106227e-16 -5.218048e-15
4.124940e-01 5.250000128125e+00 4.331187e+00 9.188132e-01 -1.332268e-15 -2.331468e-15
4.114028e-01 5.250000139959e+00 4.319729e+00 9.302709e-01 -2.303713e-15 -3.941292e-15
4.103055e-01 5.250000152072e+00 4.308208e+00 9.417923e-01 -1.609823e-15 -4.496403e-15
4.092022e-01 5.250000164467e+00 4.296623e+00 9.533771e-01 -2.109424e-15 -3.164136e-15
4.080929e-01 5.250000177144e+00 4.284975e+00 9.650250e-01 -2.609024e-15 -5.717649e-15
4.069776e-01 5.250000190105e+00 4.273265e+00 9.767356e-01 -8.049117e-16 -2.997602e-15
4.058563e-01 5.250000203352e+00 4.261491e+00 9.885088e-01 -9.436896e-16 -3.885781e-15
4.047291e-01 5.250000216886e+00 4.249656e+00 1.000344e+00 -1.582068e-15 -4.163336e-15
4.035961e-01 5.250000230709e+00 4.237759e+00 1.012242e+00 -2.803313e-15 -4.718448e-15
4.024571e-01 5.250000244823e+00 4.225800e+00 1.024200e+00 -3.858025e-15 -5.773160e-15
4.013123e-01 5.250000259228e+00 4.213780e+00 1.036221e+00 -2.803313e-15 -5.440093e-15
4.001617e-01 5.250000273925e+00 4.201698e+00 1.048302e+00 -1.526557e-15 -3.941292e-15
3.990054e-01 5.250000288917e+00 4.189556e+00 1.060444e+00 -1.498801e-15 -6.439294e-15
3.978433e-01 5.250000304204e+00 4.177354e+00 1.072646e+00 -8.049117e-16 -4.718448e-15
3.966754e-01 5.250000319787e+00 4.165092e+00 1.084908e+00 -1.748601e-15 -6.217249e-15
3.955019e-01 5.250000335668e+00 4.152770e+00 1.097230e+00 -2.137179e-15 -2.997602e-15
3.943227e-01 5.250000351846e+00 4.140389e+00 1.109612e+00 -3.108624e-15 -3.275158e-15
3.931379e-01 5.250000368324e+00 4.127948e+00 1.122052e+00 -2.692291e-15 -2.886580e-15
3.919476e-01 5.250000385102e+00 4.115449e+00 1.134551e+00 -3.413936e-15 -3.719247e-15
3.907516e-01 5.250000402181e+00 4.102892e+00 1.147108e+00 -1.776357e-15 -3.885781e-15
3.895502e-01 5.250000419561e+00 4.090277e+00 1.159724e+00 -2.692291e-15 -6.050715e-15
3.883432e-01 5.250000437243e+00 4.077604e+00 1.172397e+00 -2.386980e-15 -3.830269e-15
3.871308e-01 5.250000455228e+00 4.064874e+00 1.185127e+00 -3.663736e-15 -6.217249e-15
3.859130e-01 5.250000473515e+00 4.052087e+00 1.197914e+00 -3.164136e-15 -4.496403e-15
3.846898e-01 5.250000492107e+00 4.039243e+00 1.210757e+00 -3.663736e-15 -3.830269e-15
3.834613e-01 5.250000511002e+00 4.026343e+00 1.223657e+00 -3.358425e-15 -6.550316e-15
3.822274e-01 5.250000530201e+00 4.013388e+00 1.236613e+00 -4.912737e-15 -6.994405e-15
3.809883e-01 5.250000549705e+00 4.000377e+00 1.249623e+00 -9.436896e-16 -5.828671e-15
3.797440e-01 5.250000569513e+00 3.987312e+00 1.262689e+00 -1.720846e-15 -2.331468e-15
3.784944e-01 5.250000589626e+00 3.974191e+00 1.275809e+00 -3.719247e-15 -5.995204e-15
3.772397e-01 5.250000610043e+00 3.961017e+00 1.288984e+00 -2.942091e-15 -6.383782e-15
3.759799e-01 5.250000630765e+00 3.947789e+00 1.302212e+00 -2.664535e-15 -5.606626e-15
3.747150e-01 5.250000651791e+00 3.934507e+00 1.315493e+00 -3.580469e-15 -4.551914e-15
3.734450e-01 5.250000673121e+00 3.921173e+00 1.328828e+00 -2.359224e-15 -5.773160e-15
3.721701e-01 5.250000694754e+00 3.907786e+00 1.342215e+00 -3.386180e-15 -4.607426e-15
3.708902e-01 5.250000716692e+00 3.894347e+00 1.355654e+00 -2.858824e-15 -4.996004e-15
3.696054e-01 5.250000738932e+00 3.880856e+00 1.369144e+00 -3.386180e-15 -5.162537e-15
3.683157e-01 5.250000761474e+00 3.867315e+00 1.382686e+00 -3.941292e-15 -3.164136e-15
3.670212e-01 5.250000784319e+00 3.853722e+00 1.396279e+00 -2.470246e-15 -5.051515e-15
3.657218e-01 5.250000807464e+00 3.840079e+00 1.409922e+00 -2.914335e-15 -7.216450e-15
3.644178e-01 5.250000830910e+00 3.826387e+00 1.423614e+00 -8.604228e-16 -6.050715e-15
3.631090e-01 5.250000854656e+00 3.812644e+00 1.437356e+00 -2.581269e-15 -9.603429e-15
3.617955e-01 5.250000878700e+00 3.798853e+00 1.451148e+00 -3.469447e-15 -9.547918e-15
3.604775e-01 5.250000903042e+00 3.785014e+00 1.464987e+00 -2.747802e-15 -7.882583e-15
3.591549e-01 5.250000927681e+00 3.771126e+00 1.478875e+00 -2.192690e-15 -8.215650e-15
3.578277e-01 5.250000952615e+00 3.757191e+00 1.492810e+00 -6.661338e-16 -7.160939e-15
3.564961e-01 5.250000977844e+00 3.743209e+00 1.506792e+00 -1.720846e-15 -8.437695e-15
3.551600e-01 5.250001003366e+00 3.729180e+00 1.520821e+00 -2.359224e-15 -7.216450e-15
3.538195e-01 5.250001029179e+00 3.715105e+00 1.534896e+00 -3.275158e-15 -3.941292e-15
3.524747e-01 5.250001055283e+00 3.700984e+00 1.549017e+00 -3.275158e-15 -8.493206e-15
3.511256e-01 5.250001081676e+00 3.686819e+00 1.563182e+00 -2.470246e-15 -5.606626e-15
3.497722e-01 5.250001108356e+00 3.672609e+00 1.577393e+00 -2.858824e-15 -9.159340e-15
3.484147e-01 5.250001135322e+00 3.658354e+00 1.591647e+00 -2.525757e-15 -8.659740e-15
3.470530e-01 5.250001162572e+00 3.644056e+00 1.605945e+00 -3.358425e-15 -7.827072e-15
3.456872e-01 5.250001190104e+00 3.629715e+00 1.620286e+00 -2.942091e-15 -9.270362e-15
3.443173e-01 5.250001217916e+00 3.615332e+00 1.634670e+00 -4.496403e-15 -7.605028e-15
3.429434e-01 5.250001246007e+00 3.600906e+00 1.649095e+00 -3.247402e-15 -9.214851e-15
3.415656e-01 5.250001274375e+00 3.586439e+00 1.663563e+00 -2.359224e-15 -7.494005e-15
3.401839e-01 5.250001303017e+00 3.571930e+00 1.678071e+00 -3.108624e-15 -8.049117e-15
3.387983e-01 5.250001331931e+00 3.557382e+00 1.692620e+00 -2.164935e-15 -9.270362e-15
3.374089e-01 5.250001361116e+00 3.542793e+00 1.707208e+00 -3.719247e-15 -7.882583e-15
3.360157e-01 5.250001390568e+00 3.528165e+00 1.721836e+00 -3.108624e-15 -1.010303e-14
3.346189e-01 5.250001420286e+00 3.513498e+00 1.736503e+00 -2.164935e-15 -6.494805e-15
3.332184e-01 5.250001450268e+00 3.498793e+00 1.751208e+00 -1.831868e-15 -6.161738e-15
3.318143e-01 5.250001480510e+00 3.484051e+00 1.765951e+00 -2.636780e-15 -9.492407e-15
3.304067e-01 5.250001511010e+00 3.469271e+00 1.780731e+00 -3.802514e-15 -7.216450e-15
3.289956e-01 5.250001541766e+00 3.454454e+00 1.795548e+00 -2.969847e-15 -6.938894e-15
3.275811e-01 5.250001572775e+00 3.439601e+00 1.810400e+00 -2.359224e-15 -8.437695e-15
3.261632e-01 5.250001604035e+00 3.424713e+00 1.825288e+00 -3.302913e-15 -7.938095e-15
3.247419e-01 5.250001635542e+00 3.409790e+00 1.840212e+00 -2.553513e-15 -9.325873e-15
3.233174e-01 5.250001667293e+00 3.394833e+00 1.855169e+00 -2.664535e-15 -1.165734e-14
3.218897e-01 5.250001699287e+00 3.379842e+00 1.870160e+00 -2.470246e-15 -1.165734e-14
3.204588e-01 5.250001731519e+00 3.364817e+00 1.885184e+00 -1.887379e-15 -1.088019e-14
3.190248e-01 5.250001763988e+00 3.349760e+00 1.900241e+00 -4.080070e-15 -8.659740e-15
3.175878e-01 5.250001796689e+00 3.334672e+00 1.915330e+00 -4.468648e-15 -1.038059e-14
3.161478e-01 5.250001829620e+00 3.319551e+00 1.930450e+00 -3.913536e-15 -1.026956e-14
3.147048e-01 5.250001862778e+00 3.304400e+00 1.945601e+00 -1.998401e-15 -8.104628e-15
3.132590e-01 5.250001896159e+00 3.289219e+00 1.960783e+00 -3.219647e-15 -8.826273e-15
3.118103e-01 5.250001929761e+00 3.274008e+00 1.975993e+00 -3.108624e-15 -1.054712e-14
3.103589e-01 5.250001963579e+00 3.258769e+00 1.991233e+00 -2.747802e-15 -9.048318e-15
3.089048e-01 5.250001997611e+00 3.243501e+00 2.006501e+00 -2.553513e-15 -6.661338e-15
3.074481e-01 5.250002031853e+00 3.228205e+00 2.021797e+00 -1.887379e-15 -9.547918e-15
3.059887e-01 5.250002066301e+00 3.212882e+00 2.037120e+00 -7.494005e-16 -9.381385e-15
3.045269e-01 5.250002100953e+00 3.197532e+00 2.052470e+00 -3.080869e-15 -1.121325e-14
3.030625e-01 5.250002135804e+00 3.182157e+00 2.067846e+00 -1.970646e-15 -7.938095e-15
3.015958e-01 5.250002170851e+00 3.166756e+00 2.083246e+00 -2.303713e-15 -1.043610e-14
3.001267e-01 5.250002206091e+00 3.151331e+00 2.098672e+00 -3.053113e-15 -1.415534e-14
2.986554e-01 5.250002241519e+00 3.135881e+00 2.114121e+00 -2.470246e-15 -1.326717e-14
2.971818e-01 5.250002277132e+00 3.120408e+00 2.129594e+00 -1.554312e-15 -1.171285e-14
2.957060e-01 5.250002312927e+00 3.104913e+00 2.145089e+00 -2.803313e-15 -1.071365e-14
2.942281e-01 5.250002348899e+00 3.089395e+00 2.160607e+00 -2.664535e-15 -1.293410e-14
2.927482e-01 5.250002385045e+00 3.073856e+00 2.176146e+00 -2.470246e-15 -1.093570e-14
2.912663e-01 5.250002421360e+00 3.058297e+00 2.191706e+00 -4.496403e-15 -1.182388e-14
2.897825e-01 5.250002457842e+00 3.042717e+00 2.207286e+00 -2.275957e-15 -8.104628e-15
2.882969e-01 5.250002494486e+00 3.027117e+00 2.222885e+00 -2.331468e-15 -1.149081e-14
2.868094e-01 5.250002531287e+00 3.011499e+00 2.238504e+00 -3.635980e-15 -1.143530e-14
2.853202e-01 5.250002568243e+00 2.995862e+00 2.254140e+00 -3.330669e-15 -8.992806e-15
2.838293e-01 5.250002605349e+00 2.980208e+00 2.269795e+00 -3.275158e-15 -1.010303e-14
2.823369e-01 5.250002642602e+00 2.964537e+00 2.285466e+00 -4.163336e-15 -9.769963e-15
2.808428e-01 5.250002679996e+00 2.948850e+00 2.301153e+00 -2.720046e-15 -8.437695e-15
2.793473e-01 5.250002717529e+00 2.933147e+00 2.316856e+00 -2.942091e-15 -1.348921e-14
2.778504e-01 5.250002755195e+00 2.917429e+00 2.332574e+00 -3.802514e-15 -1.271205e-14
2.763521e-01 5.250002792992e+00 2.901697e+00 2.348306e+00 -3.608225e-15 -9.270362e-15
2.748525e-01 5.250002830914e+00 2.885952e+00 2.364051e+00 -2.664535e-15 -7.660539e-15
2.733517e-01 5.250002868958e+00 2.870193e+00 2.379810e+00 -2.359224e-15 -1.204592e-14
2.718497e-01 5.250002907119e+00 2.854422e+00 2.395581e+00 -2.414735e-15 -1.093570e-14
2.703467e-01 5.250002945394e+00 2.838640e+00 2.411363e+00 -3.441691e-15 -1.321165e-14
2.688426e-01 5.250002983778e+00 2.822847e+00 2.427156e+00 -3.358425e-15 -1.032507e-14
2.673375e-01 5.250003022268e+00 2.807043e+00 2.442960e+00 -2.470246e-15 -1.310063e-14
2.658315e-01 5.250003060858e+00 2.791230e+00 2.458773e+00 -3.247402e-15 -9.992007e-15
2.643246e-01 5.250003099545e+00 2.775409e+00 2.474594e+00 -2.803313e-15 -9.381385e-15
2.628170e-01 5.250003138324e+00 2.759579e+00 2.490425e+00 -2.636780e-15 -1.232348e-14
2.613087e-01 5.250003177192e+00 2.743741e+00 2.506262e+00 -3.219647e-15 -1.038059e-14
2.597997e-01 5.250003216144e+00 2.727897e+00 2.522106e+00 -4.440892e-15 -1.537659e-14
2.582901e-01 5.250003255176e+00 2.712046e+00 2.537957e+00 -3.719247e-15 -1.387779e-14
2.567800e-01 5.250003294284e+00 2.696190e+00 2.553813e+00 -2.248202e-15 -1.226796e-14
2.552695e-01 5.250003333464e+00 2.680330e+00 2.569674e+00 -2.553513e-15 -1.237899e-14
2.537586e-01 5.250003372710e+00 2.664465e+00 2.585539e+00 -2.386980e-15 -1.032507e-14
2.522473e-01 5.250003412021e+00 2.648597e+00 2.601407e+00 -2.275957e-15 -1.065814e-14
2.507358e-01 5.250003451390e+00 2.632726e+00 2.617278e+00 -2.053913e-15 -1.193490e-14
2.492241e-01 5.250003490814e+00 2.616853e+00 2.633151e+00 -2.803313e-15 -1.160183e-14
2.477122e-01 5.250003530289e+00 2.600978e+00 2.649025e+00 -2.969847e-15 -1.454392e-14
2.462003e-01 5.250003569811e+00 2.585103e+00 2.664900e+00 -2.609024e-15 -1.160183e-14
2.446884e-01 5.250003609375e+00 2.569229e+00 2.680775e+00 -1.387779e-15 -8.881784e-15
2.431766e-01 5.250003648977e+00 2.553354e+00 2.696649e+00 -2.886580e-15 -1.165734e-14
2.416649e-01 5.250003688614e+00 2.537482e+00 2.712522e+00 -3.302913e-15 -1.026956e-14
2.401534e-01 5.250003728282e+00 2.521611e+00 2.728393e+00 -3.302913e-15 -9.381385e-15
2.386422e-01 5.250003767975e+00 2.505743e+00 2.744261e+00 -3.747003e-15 -8.659740e-15
2.371313e-01 5.250003807691e+00 2.489879e+00 2.760125e+00 -1.304512e-15 -1.293410e-14
2.356208e-01 5.250003847424e+00 2.474018e+00 2.775986e+00 -2.720046e-15 -1.371125e-14
2.341108e-01 5.250003887172e+00 2.458163e+00 2.791841e+00 -2.803313e-15 -1.065814e-14
2.326012e-01 5.250003926930e+00 2.442313e+00 2.807691e+00 -2.470246e-15 -1.332268e-14
2.310923e-01 5.250003966695e+00 2.426469e+00 2.823535e+00 -1.887379e-15 -9.825474e-15
2.295841e-01 5.250004006461e+00 2.410633e+00 2.839371e+00 -2.220446e-15 -1.143530e-14
2.280765e-01 5.250004046226e+00 2.394804e+00 2.855200e+00 -4.135581e-15 -1.082467e-14
2.265698e-01 5.250004085986e+00 2.378983e+00 2.871021e+00 -3.497203e-15 -1.043610e-14
2.250639e-01 5.250004125736e+00 2.363171e+00 2.886833e+00 -2.969847e-15 -9.880985e-15
2.235590e-01 5.250004165474e+00 2.347369e+00 2.902635e+00 -3.302913e-15 -1.088019e-14
2.220550e-01 5.250004205194e+00 2.331577e+00 2.918427e+00 -1.970646e-15 -9.325873e-15
2.205521e-01 5.250004244894e+00 2.315797e+00 2.934208e+00 -2.442491e-15 -1.509903e-14
2.190502e-01 5.250004284570e+00 2.300028e+00 2.949977e+00 -2.720046e-15 -1.321165e-14
2.175496e-01 5.250004324217e+00 2.284271e+00 2.965733e+00 -3.719247e-15 -1.060263e-14
2.160503e-01 5.250004363833e+00 2.268528e+00 2.981477e+00 -3.108624e-15 -1.254552e-14
2.145522e-01 5.250004403414e+00 2.252798e+00 2.997206e+00 -3.774758e-15 -1.260103e-14
2.130555e-01 5.250004442956e+00 2.237083e+00 3.012922e+00 -3.524958e-15 -1.182388e-14
2.115603e-01 5.250004482456e+00 2.221383e+00 3.028622e+00 -4.191092e-15 -1.082467e-14
2.100665e-01 5.250004521909e+00 2.205699e+00 3.044306e+00 -4.524159e-15 -1.537659e-14
2.085744e-01 5.250004561314e+00 2.190031e+00 3.059973e+00 -3.830269e-15 -1.293410e-14
2.070839e-01 5.250004600666e+00 2.174381e+00 3.075624e+00 -3.969047e-15 -1.204592e-14
2.055951e-01 5.250004639962e+00 2.158748e+00 3.091256e+00 -3.469447e-15 -1.421085e-14
2.041080e-01 5.250004679199e+00 2.143134e+00 3.106871e+00 -4.357625e-15 -1.088019e-14
2.026228e-01 5.250004718373e+00 2.127539e+00 3.122465e+00 -4.080070e-15 -1.287859e-14
2.011395e-01 5.250004757481e+00 2.111964e+00 3.138040e+00 -3.330669e-15 -1.543210e-14
1.996581e-01 5.250004796521e+00 2.096410e+00 3.153595e+00 -2.692291e-15 -1.643130e-14
1.981788e-01 5.250004835488e+00 2.080877e+00 3.169128e+00 -3.053113e-15 -6.883383e-15
1.967015e-01 5.250004874380e+00 2.065366e+00 3.184639e+00 -3.774758e-15 -1.332268e-14
1.952264e-01 5.250004913194e+00 2.049877e+00 3.200128e+00 -3.275158e-15 -1.076916e-14
1.937535e-01 5.250004951926e+00 2.034412e+00 3.215593e+00 -3.386180e-15 -1.432188e-14
1.922829e-01 5.250004990574e+00 2.018971e+00 3.231034e+00 -3.302913e-15 -1.343370e-14
1.908147e-01 5.250005029135e+00 2.003554e+00 3.246451e+00 -3.191891e-15 -1.465494e-14
1.893488e-01 5.250005067606e+00 1.988162e+00 3.261843e+00 -2.747802e-15 -1.332268e-14
1.878854e-01 5.250005105985e+00 1.972797e+00 3.277208e+00 -3.108624e-15 -1.343370e-14
1.864245e-01 5.250005144267e+00 1.957458e+00 3.292548e+00 -2.164935e-15 -1.210143e-14
1.849663e-01 5.250005182452e+00 1.942146e+00 3.307860e+00 -2.969847e-15 -1.276756e-14
1.835106e-01 5.250005220535e+00 1.926862e+00 3.323144e+00 -2.636780e-15 -1.887379e-14
1.820577e-01 5.250005258515e+00 1.911606e+00 3.338399e+00 -3.941292e-15 -1.187939e-14
1.806076e-01 5.250005296389e+00 1.896380e+00 3.353625e+00 -3.469447e-15 -1.154632e-14
1.791603e-01 5.250005334154e+00 1.881183e+00 3.368822e+00 -2.831069e-15 -9.769963e-15
1.777159e-01 5.250005371808e+00 1.866017e+00 3.383988e+00 -3.497203e-15 -1.521006e-14
1.762745e-01 5.250005409349e+00 1.850882e+00 3.399123e+00 -3.913536e-15 -1.265654e-14
1.748361e-01 5.250005446774e+00 1.835779e+00 3.414226e+00 -2.609024e-15 -1.376677e-14
1.734008e-01 5.250005484081e+00 1.820709e+00 3.429297e+00 -3.219647e-15 -1.620926e-14
1.719687e-01 5.250005521268e+00 1.805671e+00 3.444335e+00 -3.469447e-15 -1.421085e-14
1.705397e-01 5.250005558332e+00 1.790667e+00 3.459339e+00 -2.303713e-15 -1.121325e-14
1.691140e-01 5.250005595271e+00 1.775697e+00 3.474308e+00 -3.164136e-15 -1.354472e-14
1.676917e-01 5.250005632084e+00 1.760762e+00 3.489243e+00 -3.358425e-15 -1.465494e-14
1.662727e-01 5.250005668768e+00 1.745863e+00 3.504142e+00 -2.386980e-15 -7.549517e-15
1.648572e-01 5.250005705322e+00 1.731000e+00 3.519005e+00 -3.524958e-15 -1.099121e-14
1.634452e-01 5.250005741742e+00 1.716174e+00 3.533832e+00 -2.442491e-15 -1.088019e-14
1.620367e-01 5.250005778029e+00 1.701385e+00 3.548620e+00 -3.164136e-15 -1.287859e-14
1.606319e-01 5.250005814178e+00 1.686635e+00 3.563371e+00 -3.136380e-15 -7.549517e-15
1.592308e-01 5.250005850190e+00 1.671923e+00 3.578083e+00 -3.719247e-15 -1.043610e-14
1.578334e-01 5.250005886062e+00 1.657250e+00 3.592756e+00 -3.941292e-15 -1.365574e-14
1.564398e-01 5.250005921793e+00 1.642618e+00 3.607388e+00 -4.135581e-15 -1.132427e-14
1.550500e-01 5.250005957380e+00 1.628025e+00 3.621980e+00 -3.413936e-15 -1.232348e-14
1.536642e-01 5.250005992823e+00 1.613474e+00 3.636532e+00 -2.248202e-15 -1.354472e-14
1.522824e-01 5.250006028120e+00 1.598965e+00 3.651041e+00 -2.664535e-15 -1.176836e-14
1.509046e-01 5.250006063269e+00 1.584498e+00 3.665508e+00 -2.775558e-15 -1.598721e-14
1.495309e-01 5.250006098269e+00 1.570074e+00 3.679932e+00 -2.942091e-15 -1.409983e-14
1.481613e-01 5.250006133119e+00 1.555694e+00 3.694312e+00 -2.803313e-15 -9.658940e-15
1.467960e-01 5.250006167818e+00 1.541358e+00 3.708649e+00 -3.413936e-15 -1.343370e-14
1.454349e-01 5.250006202363e+00 1.527066e+00 3.722940e+00 -3.608225e-15 -1.632028e-14
1.440781e-01 5.250006236755e+00 1.512820e+00 3.737187e+00 -4.107825e-15 -1.598721e-14
1.427257e-01 5.250006270991e+00 1.498619e+00 3.751387e+00 -2.747802e-15 -1.310063e-14
1.413777e-01 5.250006305071e+00 1.484466e+00 3.765541e+00 -3.524958e-15 -1.554312e-14
1.400342e-01 5.250006338993e+00 1.470359e+00 3.779648e+00 -3.511080e-15 -9.769963e-15
1.386952e-01 5.250006372758e+00 1.456300e+00 3.793707e+00 -2.511880e-15 -1.842970e-14
1.373608e-01 5.250006406363e+00 1.442289e+00 3.807718e+00 -2.775558e-15 -1.454392e-14
1.360311e-01 5.250006439808e+00 1.428327e+00 3.821680e+00 -2.775558e-15 -1.398881e-14
1.347061e-01 5.250006473092e+00 1.414414e+00 3.835592e+00 -3.261280e-15 -1.765255e-14
1.333858e-01 5.250006506214e+00 1.400551e+00 3.849455e+00 -2.303713e-15 -1.565414e-14
1.320704e-01 5.250006539173e+00 1.386739e+00 3.863267e+00 -3.996803e-15 -1.776357e-14
1.307598e-01 5.250006571969e+00 1.372978e+00 3.877029e+00 -2.831069e-15 -1.310063e-14
1.294541e-01 5.250006604602e+00 1.359269e+00 3.890738e+00 -2.331468e-15 -1.210143e-14
1.281535e-01 5.250006637069e+00 1.345611e+00 3.904395e+00 -3.594347e-15 -1.398881e-14
1.268578e-01 5.250006669372e+00 1.332007e+00 3.918000e+00 -3.191891e-15 -1.143530e-14
1.255672e-01 5.250006701509e+00 1.318455e+00 3.931551e+00 -2.942091e-15 -1.165734e-14
1.242817e-01 5.250006733479e+00 1.304958e+00 3.945049e+00 -2.844947e-15 -1.432188e-14
1.230014e-01 5.250006765283e+00 1.291515e+00 3.958492e+00 -3.302913e-15 -1.310063e-14
1.217264e-01 5.250006796920e+00 1.278127e+00 3.971880e+00 -2.900458e-15 -1.842970e-14
1.204566e-01 5.250006828390e+00 1.264794e+00 3.985213e+00 -2.456368e-15 -1.232348e-14
1.191922e-01 5.250006859692e+00 1.251518e+00 3.998489e+00 -2.747802e-15 -1.365574e-14
1.179331e-01 5.250006890826e+00 1.238298e+00 4.011709e+00 -2.789435e-15 -1.398881e-14
1.166795e-01 5.250006921791e+00 1.225135e+00 4.024872e+00 -2.775558e-15 -1.698641e-14
1.154314e-01 5.250006952589e+00 1.212029e+00 4.037978e+00 -2.414735e-15 -1.443290e-14
1.141888e-01 5.250006983217e+00 1.198982e+00 4.051025e+00 -2.567391e-15 -1.698641e-14
1.129517e-01 5.250007013677e+00 1.185993e+00 4.064014e+00 -2.511880e-15 -1.854072e-14
1.117204e-01 5.250007043968e+00 1.173064e+00 4.076943e+00 -2.484124e-15 -1.199041e-14
1.104947e-01 5.250007074090e+00 1.160194e+00 4.089813e+00 -2.275957e-15 -1.720846e-14
1.092747e-01 5.250007104043e+00 1.147385e+00 4.102623e+00 -2.733924e-15 -1.720846e-14
1.080605e-01 5.250007133828e+00 1.134636e+00 4.115371e+00 -3.635980e-15 -1.876277e-14
1.068522e-01 5.250007163443e+00 1.121948e+00 4.128059e+00 -3.441691e-15 -1.310063e-14
1.056497e-01 5.250007192890e+00 1.109322e+00 4.140685e+00 -3.066991e-15 -1.776357e-14
1.044532e-01 5.250007222168e+00 1.096759e+00 4.153249e+00 -3.649858e-15 -1.920686e-14
1.032626e-01 5.250007251277e+00 1.084258e+00 4.165750e+00 -2.983724e-15 -1.743050e-14
1.020781e-01 5.250007280218e+00 1.071820e+00 4.178187e+00 -2.858824e-15 -1.942890e-14
1.008996e-01 5.250007308991e+00 1.059446e+00 4.190561e+00 -2.692291e-15 -1.709743e-14
9.972726e-02 5.250007337596e+00 1.047136e+00 4.202871e+00 -3.025358e-15 -1.576517e-14
9.856106e-02 5.250007366034e+00 1.034891e+00 4.215116e+00 -2.678413e-15 -1.398881e-14
9.740107e-02 5.250007394304e+00 1.022711e+00 4.227296e+00 -2.109424e-15 -1.443290e-14
9.624733e-02 5.250007422407e+00 1.010597e+00 4.239410e+00 -2.747802e-15 -2.031708e-14
9.509990e-02 5.250007450343e+00 9.985489e-01 4.251459e+00 -2.664535e-15 -1.865175e-14
9.395881e-02 5.250007478113e+00 9.865675e-01 4.263440e+00 -2.484124e-15 -1.620926e-14
9.282410e-02 5.250007505717e+00 9.746531e-01 4.275354e+00 -2.900458e-15 -1.776357e-14
9.169584e-02 5.250007533155e+00 9.628063e-01 4.287201e+00 -2.553513e-15 -1.865175e-14
9.057405e-02 5.250007560428e+00 9.510275e-01 4.298980e+00 -2.789435e-15 -1.543210e-14
8.945878e-02 5.250007587537e+00 9.393172e-01 4.310690e+00 -3.275158e-15 -1.776357e-14
8.835009e-02 5.250007614481e+00 9.276759e-01 4.322332e+00 -3.011480e-15 -1.942890e-14
8.724800e-02 5.250007641262e+00 9.161040e-01 4.333904e+00 -2.345346e-15 -1.842970e-14
8.615257e-02 5.250007667879e+00 9.046020e-01 4.345406e+00 -3.150258e-15 -2.364775e-14
8.506384e-02 5.250007694334e+00 8.931703e-01 4.356837e+00 -3.053113e-15 -2.098322e-14
8.398185e-02 5.250007720627e+00 8.818094e-01 4.368198e+00 -2.581269e-15 -2.142730e-14
8.290665e-02 5.250007746758e+00 8.705198e-01 4.379488e+00 -2.692291e-15 -2.031708e-14
8.183827e-02 5.250007772728e+00 8.593018e-01 4.390706e+00 -2.900458e-15 -1.765255e-14
8.077676e-02 5.250007798539e+00 8.481559e-01 4.401852e+00 -3.386180e-15 -1.620926e-14
7.972216e-02 5.250007824189e+00 8.370826e-01 4.412925e+00 -3.483325e-15 -1.565414e-14
7.867451e-02 5.250007849680e+00 8.260823e-01 4.423926e+00 -3.191891e-15 -1.731948e-14
7.763385e-02 5.250007875014e+00 8.151555e-01 4.434852e+00 -3.053113e-15 -1.787459e-14
7.660023e-02 5.250007900189e+00 8.043025e-01 4.445705e+00 -3.358425e-15 -2.198242e-14
7.557369e-02 5.250007925207e+00 7.935238e-01 4.456484e+00 -2.373102e-15 -1.454392e-14
7.455426e-02 5.250007950069e+00 7.828198e-01 4.467188e+00 -3.053113e-15 -1.920686e-14
7.354199e-02 5.250007974776e+00 7.721909e-01 4.477817e+00 -2.220446e-15 -2.875478e-14
7.253692e-02 5.250007999328e+00 7.616377e-01 4.488370e+00 -2.484124e-15 -2.320366e-14
7.153909e-02 5.250008023725e+00 7.511604e-01 4.498848e+00 -3.094747e-15 -2.098322e-14
7.054853e-02 5.250008047969e+00 7.407595e-01 4.509249e+00 -3.302913e-15 -2.475797e-14
6.956528e-02 5.250008072061e+00 7.304355e-01 4.519573e+00 -2.761680e-15 -1.942890e-14
6.858940e-02 5.250008096000e+00 7.201887e-01 4.529819e+00 -2.817191e-15 -1.743050e-14
6.762090e-02 5.250008119789e+00 7.100195e-01 4.539989e+00 -2.803313e-15 -2.453593e-14
6.665984e-02 5.250008143427e+00 6.999284e-01 4.550080e+00 -2.761680e-15 -2.364775e-14
6.570625e-02 5.250008166916e+00 6.899157e-01 4.560092e+00 -3.011480e-15 -2.098322e-14
6.476017e-02 5.250008190256e+00 6.799818e-01 4.570026e+00 -2.664535e-15 -1.909584e-14
6.382164e-02 5.250008213448e+00 6.701272e-01 4.579881e+00 -3.219647e-15 -1.898481e-14
6.289070e-02 5.250008236493e+00 6.603523e-01 4.589656e+00 -2.595146e-15 -1.876277e-14
6.196737e-02 5.250008259392e+00 6.506574e-01 4.599351e+00 -3.275158e-15 -2.420286e-14
6.105171e-02 5.250008282145e+00 6.410429e-01 4.608965e+00 -2.470246e-15 -1.776357e-14
6.014374e-02 5.250008304754e+00 6.315093e-01 4.618499e+00 -2.678413e-15 -1.887379e-14
5.924351e-02 5.250008327219e+00 6.220568e-01 4.627952e+00 -2.622902e-15 -1.809664e-14
5.835104e-02 5.250008349541e+00 6.126859e-01 4.637322e+00 -2.595146e-15 -1.909584e-14
5.746639e-02 5.250008371721e+00 6.033970e-01 4.646611e+00 -2.886580e-15 -2.209344e-14
5.658957e-02 5.250008393760e+00 5.941905e-01 4.655818e+00 -2.470246e-15 -2.120526e-14
5.572064e-02 5.250008415659e+00 5.850667e-01 4.664942e+00 -3.122502e-15 -2.042810e-14
5.485961e-02 5.250008437418e+00 5.760259e-01 4.673982e+00 -2.831069e-15 -2.597922e-14
5.400654e-02 5.250008459038e+00 5.670687e-01 4.682940e+00 -2.525757e-15 -2.087219e-14
5.316145e-02 5.250008480521e+00 5.581953e-01 4.691813e+00 -2.858824e-15 -1.942890e-14
5.232438e-02 5.250008501867e+00 5.494060e-01 4.700602e+00 -2.553513e-15 -2.453593e-14
5.149537e-02 5.250008523078e+00 5.407014e-01 4.709307e+00 -2.886580e-15 -2.320366e-14
5.067445e-02 5.250008544153e+00 5.320817e-01 4.717927e+00 -2.775558e-15 -2.198242e-14
4.986164e-02 5.250008565094e+00 5.235473e-01 4.726461e+00 -2.539635e-15 -2.109424e-14
4.905700e-02 5.250008585902e+00 5.150985e-01 4.734910e+00 -2.858824e-15 -1.776357e-14
4.826055e-02 5.250008606578e+00 5.067357e-01 4.743273e+00 -2.692291e-15 -1.965095e-14
4.747232e-02 5.250008627123e+00 4.984593e-01 4.751549e+00 -2.498002e-15 -1.798561e-14
4.669235e-02 5.250008647537e+00 4.902696e-01 4.759739e+00 -2.595146e-15 -1.920686e-14
4.592067e-02 5.250008667821e+00 4.821670e-01 4.767842e+00 -3.011480e-15 -2.375877e-14
4.515731e-02 5.250008687977e+00 4.741518e-01 4.775857e+00 -2.345346e-15 -2.320366e-14
4.440231e-02 5.250008708005e+00 4.662243e-01 4.783784e+00 -1.970646e-15 -1.809664e-14
4.365570e-02 5.250008727907e+00 4.583849e-01 4.791624e+00 -2.678413e-15 -2.020606e-14
4.291752e-02 5.250008747682e+00 4.506339e-01 4.799375e+00 -2.720046e-15 -1.254552e-14
4.218779e-02 5.250008767333e+00 4.429717e-01 4.807037e+00 -2.650657e-15 -2.065015e-14
4.146654e-02 5.250008786860e+00 4.353987e-01 4.814610e+00 -2.622902e-15 -2.331468e-14
4.075381e-02 5.250008806264e+00 4.279150e-01 4.822094e+00 -2.733924e-15 -1.998401e-14
4.004963e-02 5.250008825545e+00 4.205212e-01 4.829488e+00 -2.872702e-15 -1.798561e-14
3.935404e-02 5.250008844706e+00 4.132174e-01 4.836791e+00 -2.761680e-15 -1.898481e-14
3.866705e-02 5.250008863746e+00 4.060040e-01 4.844005e+00 -2.942091e-15 -2.176037e-14
3.798871e-02 5.250008882667e+00 3.988815e-01 4.851127e+00 -2.886580e-15 -2.442491e-14
3.731904e-02 5.250008901470e+00 3.918499e-01 4.858159e+00 -2.706169e-15 -2.031708e-14
3.665808e-02 5.250008920155e+00 3.849098e-01 4.865099e+00 -2.609024e-15 -2.331468e-14
3.600585e-02 5.250008938723e+00 3.780614e-01 4.871948e+00 -2.817191e-15 -2.309264e-14
3.536239e-02 5.250008957176e+00 3.713051e-01 4.878704e+00 -2.609024e-15 -2.264855e-14
3.472772e-02 5.250008975514e+00 3.646411e-01 4.885368e+00 -2.650657e-15 -1.865175e-14
3.410188e-02 5.250008993739e+00 3.580697e-01 4.891939e+00 -3.011480e-15 -2.209344e-14
3.348489e-02 5.250009011850e+00 3.515913e-01 4.898418e+00 -3.150258e-15 -2.253753e-14
3.287678e-02 5.250009029849e+00 3.452062e-01 4.904803e+00 -3.136380e-15 -2.842171e-14
3.227759e-02 5.250009047738e+00 3.389147e-01 4.911094e+00 -2.386980e-15 -1.953993e-14
3.168735e-02 5.250009065515e+00 3.327171e-01 4.917292e+00 -2.504941e-15 -2.031708e-14
3.110607e-02 5.250009083184e+00 3.266137e-01 4.923395e+00 -2.997602e-15 -2.242651e-14
3.053379e-02 5.250009100743e+00 3.206048e-01 4.929404e+00 -2.733924e-15 -2.264855e-14
2.997054e-02 5.250009118195e+00 3.146907e-01 4.935318e+00 -2.754741e-15 -2.498002e-14
2.941635e-02 5.250009135540e+00 3.088717e-01 4.941137e+00 -2.928213e-15 -1.965095e-14
2.887125e-02 5.250009152778e+00 3.031481e-01 4.946861e+00 -2.539635e-15 -1.632028e-14
2.833526e-02 5.250009169911e+00 2.975202e-01 4.952489e+00 -2.851885e-15 -2.642331e-14
2.780841e-02 5.250009186939e+00 2.919883e-01 4.958021e+00 -2.234324e-15 -1.421085e-14
2.729073e-02 5.250009203863e+00 2.865526e-01 4.963457e+00 -2.983724e-15 -1.743050e-14
2.678224e-02 5.250009220684e+00 2.812135e-01 4.968796e+00 -2.914335e-15 -2.198242e-14
2.628298e-02 5.250009237401e+00 2.759713e-01 4.974038e+00 -2.865763e-15 -2.053913e-14
2.579297e-02 5.250009254017e+00 2.708262e-01 4.979183e+00 -2.824130e-15 -2.087219e-14
2.531224e-02 5.250009270531e+00 2.657785e-01 4.984231e+00 -2.588207e-15 -1.787459e-14
2.484081e-02 5.250009286943e+00 2.608285e-01 4.989181e+00 -2.650657e-15 -2.109424e-14
2.437871e-02 5.250009303255e+00 2.559765e-01 4.994033e+00 -2.789435e-15 -2.886580e-14
2.392598e-02 5.250009319466e+00 2.512227e-01 4.998787e+00 -2.498002e-15 -2.664535e-14
2.348262e-02 5.250009335578e+00 2.465675e-01 5.003442e+00 -2.817191e-15 -2.098322e-14
2.304868e-02 5.250009351590e+00 2.420111e-01 5.007998e+00 -2.692291e-15 -2.786660e-14
2.262417e-02 5.250009367502e+00 2.375538e-01 5.012456e+00 -2.615963e-15 -2.364775e-14
2.220913e-02 5.250009383316e+00 2.331958e-01 5.016814e+00 -2.699230e-15 -2.631229e-14
2.180357e-02 5.250009399030e+00 2.289375e-01 5.021072e+00 -2.671474e-15 -1.931788e-14
2.140753e-02 5.250009414645e+00 2.247791e-01 5.025230e+00 -2.810252e-15 -2.409184e-14
2.102103e-02 5.250009430162e+00 2.207208e-01 5.029289e+00 -2.560452e-15 -2.653433e-14
2.064409e-02 5.250009445579e+00 2.167629e-01 5.033247e+00 -2.824130e-15 -2.675637e-14
2.027674e-02 5.250009460897e+00 2.129057e-01 5.037104e+00 -2.685352e-15 -1.965095e-14
1.991900e-02 5.250009476115e+00 2.091495e-01 5.040860e+00 -2.942091e-15 -1.920686e-14
1.957090e-02 5.250009491234e+00 2.054945e-01 5.044515e+00 -2.754741e-15 -2.808864e-14
1.923247e-02 5.250009506252e+00 2.019409e-01 5.048069e+00 -2.643719e-15 -1.854072e-14
1.890372e-02 5.250009521169e+00 1.984891e-01 5.051520e+00 -2.643719e-15 -2.475797e-14
1.858469e-02 5.250009535985e+00 1.951392e-01 5.054870e+00 -2.449430e-15 -1.887379e-14
1.827539e-02 5.250009550699e+00 1.918916e-01 5.058118e+00 -2.664535e-15 -2.065015e-14
1.797585e-02 5.250009565309e+00 1.887464e-01 5.061263e+00 -2.921274e-15 -1.920686e-14
1.768609e-02 5.250009579815e+00 1.857039e-01 5.064306e+00 -2.726985e-15 -2.198242e-14
1.740614e-02 5.250009594216e+00 1.827645e-01 5.067245e+00 -2.622902e-15 -2.231548e-14
1.713602e-02 5.250009608510e+00 1.799282e-01 5.070081e+00 -2.525757e-15 -1.953993e-14
1.687575e-02 5.250009622697e+00 1.771954e-01 5.072814e+00 -2.484124e-15 -2.520206e-14
1.662536e-02 5.250009636774e+00 1.745663e-01 5.075443e+00 -2.574330e-15 -1.865175e-14
1.638487e-02 5.250009650740e+00 1.720411e-01 5.077969e+00 -2.713108e-15 -2.076117e-14
1.615430e-02 5.250009664593e+00 1.696202e-01 5.080390e+00 -2.602085e-15 -2.153833e-14
1.593367e-02 5.250009678331e+00 1.673036e-01 5.082706e+00 -2.622902e-15 -2.731149e-14
1.572301e-02 5.250009691953e+00 1.650917e-01 5.084918e+00 -2.733924e-15 -2.009504e-14
1.552234e-02 5.250009705455e+00 1.629846e-01 5.087025e+00 -2.678413e-15 -2.253753e-14
1.533168e-02 5.250009718835e+00 1.609827e-01 5.089027e+00 -2.657596e-15 -2.242651e-14
1.515105e-02 5.250009732092e+00 1.590860e-01 5.090924e+00 -2.546574e-15 -1.953993e-14
1.498047e-02 5.250009745221e+00 1.572950e-01 5.092715e+00 -2.817191e-15 -2.453593e-14
1.481997e-02 5.250009758220e+00 1.556097e-01 5.094400e+00 -2.692291e-15 -2.331468e-14
1.466956e-02 5.250009771087e+00 1.540304e-01 5.095979e+00 -2.706169e-15 -1.953993e-14
1.452927e-02 5.250009783817e+00 1.525574e-01 5.097452e+00 -2.553513e-15 -1.887379e-14
1.439912e-02 5.250009796407e+00 1.511907e-01 5.098819e+00 -2.657596e-15 -1.643130e-14
1.427912e-02 5.250009808853e+00 1.499308e-01 5.100079e+00 -2.650657e-15 -2.564615e-14
1.416930e-02 5.250009821152e+00 1.487777e-01 5.101232e+00 -2.817191e-15 -2.120526e-14
1.406968e-02 5.250009833300e+00 1.477316e-01 5.102278e+00 -2.685352e-15 -2.420286e-14
1.398027e-02 5.250009845292e+00 1.467928e-01 5.103217e+00 -2.761680e-15 -2.275957e-14
1.390110e-02 5.250009857124e+00 1.459615e-01 5.104048e+00 -2.567391e-15 -2.109424e-14
1.383218e-02 5.250009868791e+00 1.452379e-01 5.104772e+00 -2.747802e-15 -2.486900e-14
1.377354e-02 5.250009880288e+00 1.446222e-01 5.105388e+00 -2.678413e-15 -1.720846e-14
1.372519e-02 5.250009891610e+00 1.441145e-01 5.105895e+00 -2.650657e-15 -2.586820e-14
1.368715e-02 5.250009902752e+00 1.437151e-01 5.106295e+00 -2.779027e-15 -2.331468e-14
1.365944e-02 5.250009913709e+00 1.434241e-01 5.106586e+00 -2.726985e-15 -2.442491e-14
1.364208e-02 5.250009924475e+00 1.432418e-01 5.106768e+00 -2.765149e-15 -1.598721e-14
1.363507e-02 5.250009935043e+00 1.431683e-01 5.106842e+00 -2.879641e-15 -2.353673e-14
1.363845e-02 5.250009945408e+00 1.432038e-01 5.106806e+00 -2.824130e-15 -2.442491e-14
1.365223e-02 5.250009955564e+00 1.433484e-01 5.106662e+00 -2.799844e-15 -1.743050e-14
1.367642e-02 5.250009965504e+00 1.436024e-01 5.106408e+00 -2.716577e-15 -1.942890e-14
1.371104e-02 5.250009975221e+00 1.439660e-01 5.106044e+00 -2.779027e-15 -1.854072e-14
1.375611e-02 5.250009984709e+00 1.444392e-01 5.105571e+00 -2.775558e-15 -2.209344e-14
1.381164e-02 5.250009993960e+00 1.450222e-01 5.104988e+00 -2.858824e-15 -2.053913e-14
1.387764e-02 5.250010002968e+00 1.457152e-01 5.104295e+00 -2.713108e-15 -1.787459e-14
1.395413e-02 5.250010011724e+00 1.465184e-01 5.103492e+00 -2.848416e-15 -2.409184e-14
1.404113e-02 5.250010020222e+00 1.474319e-01 5.102578e+00 -2.785966e-15 -2.087219e-14
1.413865e-02 5.250010028453e+00 1.484558e-01 5.101554e+00 -2.775558e-15 -2.353673e-14
1.424670e-02 5.250010036409e+00 1.495903e-01 5.100420e+00 -2.817191e-15 -2.664535e-14
1.436529e-02 5.250010044083e+00 1.508356e-01 5.099174e+00 -2.775558e-15 -2.498002e-14
1.449444e-02 5.250010051465e+00 1.521916e-01 5.097818e+00 -2.792905e-15 -2.786660e-14
1.463416e-02 5.250010058549e+00 1.536587e-01 5.096351e+00 -2.754741e-15 -2.320366e-14
1.478446e-02 5.250010065325e+00 1.552368e-01 5.094773e+00 -2.792905e-15 -1.798561e-14
1.494535e-02 5.250010071784e+00 1.569262e-01 5.093084e+00 -2.810252e-15 -2.542411e-14
1.511685e-02 5.250010077917e+00 1.587269e-01 5.091283e+00 -2.758210e-15 -2.697842e-14
1.529895e-02 5.250010083717e+00 1.606390e-01 5.089371e+00 -2.796374e-15 -2.342571e-14
1.549168e-02 5.250010089173e+00 1.626626e-01 5.087347e+00 -2.813721e-15 -2.331468e-14
1.569504e-02 5.250010094277e+00 1.647979e-01 5.085212e+00 -2.987194e-15 -1.920686e-14
1.590904e-02 5.250010099019e+00 1.670449e-01 5.082965e+00 -2.832803e-15 -2.164935e-14
1.613368e-02 5.250010103390e+00 1.694037e-01 5.080606e+00 -2.945560e-15 -2.120526e-14
1.636898e-02 5.250010107381e+00 1.718743e-01 5.078136e+00 -2.831069e-15 -2.231548e-14
1.661494e-02 5.250010110982e+00 1.744569e-01 5.075553e+00 -2.940356e-15 -1.965095e-14
1.687157e-02 5.250010114185e+00 1.771515e-01 5.072859e+00 -2.921274e-15 -2.642331e-14
1.713887e-02 5.250010116979e+00 1.799581e-01 5.070052e+00 -2.765149e-15 -2.442491e-14
1.741685e-02 5.250010119354e+00 1.828769e-01 5.067133e+00 -2.775558e-15 -1.709743e-14
1.770551e-02 5.250010121303e+00 1.859078e-01 5.064102e+00 -2.881376e-15 -2.275957e-14
1.800485e-02 5.250010122814e+00 1.890510e-01 5.060959e+00 -2.742598e-15 -2.553513e-14
1.831489e-02 5.250010123880e+00 1.923063e-01 5.057704e+00 -2.759945e-15 -2.353673e-14
1.863561e-02 5.250010124489e+00 1.956739e-01 5.054336e+00 -2.841477e-15 -2.742251e-14
1.896703e-02 5.250010124634e+00 1.991538e-01 5.050856e+00 -3.011480e-15 -2.242651e-14
1.930913e-02 5.250010124304e+00 2.027459e-01 5.047264e+00 -2.884845e-15 -2.398082e-14
1.966194e-02 5.250010123491e+00 2.064503e-01 5.043560e+00 -2.890917e-15 -2.631229e-14
2.002543e-02 5.250010122185e+00 2.102670e-01 5.039743e+00 -2.897856e-15 -2.231548e-14
2.039961e-02 5.250010120378e+00 2.141959e-01 5.035814e+00 -2.804180e-15 -3.053113e-14
2.078448e-02 5.250010118061e+00 2.182371e-01 5.031773e+00 -2.909999e-15 -1.809664e-14
2.118004e-02 5.250010115224e+00 2.223904e-01 5.027620e+00 -3.127706e-15 -2.531308e-14
2.158628e-02 5.250010111860e+00 2.266559e-01 5.023354e+00 -2.889182e-15 -1.809664e-14
2.200319e-02 5.250010107960e+00 2.310335e-01 5.018977e+00 -2.688821e-15 -2.331468e-14
2.243078e-02 5.250010103517e+00 2.355232e-01 5.014487e+00 -2.879641e-15 -2.442491e-14
2.286903e-02 5.250010098521e+00 2.401248e-01 5.009885e+00 -2.775991e-15 -3.153033e-14
2.331794e-02 5.250010092965e+00 2.448383e-01 5.005172e+00 -3.001939e-15 -2.053913e-14
2.377749e-02 5.250010086842e+00 2.496637e-01 5.000346e+00 -2.782280e-15 -2.797762e-14
2.424769e-02 5.250010080144e+00 2.546008e-01 4.995409e+00 -2.724817e-15 -2.930989e-14
2.472852e-02 5.250010072865e+00 2.596495e-01 4.990361e+00 -2.592029e-15 -2.164935e-14
2.521997e-02 5.250010064997e+00 2.648097e-01 4.985200e+00 -2.860722e-15 -2.409184e-14
2.572203e-02 5.250010056535e+00 2.700813e-01 4.979929e+00 -2.935586e-15 -2.309264e-14
2.623469e-02 5.250010047472e+00 2.754642e-01 4.974546e+00 -2.883761e-15 -2.509104e-14
2.675793e-02 5.250010037802e+00 2.809582e-01 4.969052e+00 -2.860559e-15 -1.754152e-14
2.729173e-02 5.250010027520e+00 2.865632e-01 4.963447e+00 -2.825431e-15 -2.653433e-14
2.783610e-02 5.250010016620e+00 2.922790e-01 4.957731e+00 -3.087808e-15 -2.431388e-14
2.839099e-02 5.250010005098e+00 2.981054e-01 4.951905e+00 -3.302913e-15 -1.987299e-14
2.895641e-02 5.250009992949e+00 3.040423e-01 4.945968e+00 -2.753874e-15 -2.298162e-14
2.953233e-02 5.250009980169e+00 3.100895e-01 4.939920e+00 -3.001072e-15 -1.942890e-14
3.011874e-02 5.250009966755e+00 3.162467e-01 4.933763e+00 -3.132043e-15 -3.086420e-14
3.071560e-02 5.250009952702e+00 3.225138e-01 4.927496e+00 -3.289036e-15 -2.720046e-14
3.132291e-02 5.250009938009e+00 3.288905e-01 4.921119e+00 -3.237861e-15 -2.187139e-14
3.194064e-02 5.250009922672e+00 3.353767e-01 4.914633e+00 -3.251739e-15 -2.464695e-14
3.256876e-02 5.250009906690e+00 3.419720e-01 4.908038e+00 -2.931683e-15 -3.008704e-14
3.320726e-02 5.250009890060e+00 3.486762e-01 4.901334e+00 -3.025358e-15 -2.609024e-14
3.385611e-02 5.250009872781e+00 3.554891e-01 4.894521e+00 -3.011480e-15 -3.008704e-14
3.451527e-02 5.250009854853e+00 3.624104e-01 4.887599e+00 -3.129441e-15 -2.342571e-14
3.518474e-02 5.250009836275e+00 3.694397e-01 4.880570e+00 -3.205769e-15 -2.675637e-14
3.586447e-02 5.250009817046e+00 3.765769e-01 4.873433e+00 -2.988929e-15 -2.686740e-14
3.655443e-02 5.250009797168e+00 3.838216e-01 4.866188e+00 -3.219647e-15 -2.142730e-14
3.725461e-02 5.250009776641e+00 3.911734e-01 4.858836e+00 -3.254341e-15 -2.364775e-14
3.796497e-02 5.250009755466e+00 3.986321e-01 4.851378e+00 -3.337608e-15 -2.309264e-14
3.868546e-02 5.250009733645e+00 4.061974e-01 4.843812e+00 -3.254341e-15 -2.464695e-14
3.941608e-02 5.250009711180e+00 4.138688e-01 4.836141e+00 -3.290770e-15 -2.653433e-14
4.015677e-02 5.250009688074e+00 4.216461e-01 4.828364e+00 -3.457304e-15 -2.464695e-14
4.090750e-02 5.250009664330e+00 4.295288e-01 4.820481e+00 -3.483325e-15 -2.498002e-14
4.166824e-02 5.250009639950e+00 4.375166e-01 4.812493e+00 -3.372302e-15 -2.597922e-14
4.243896e-02 5.250009614939e+00 4.456091e-01 4.804401e+00 -3.278627e-15 -2.620126e-14
4.321960e-02 5.250009589301e+00 4.538059e-01 4.796204e+00 -3.403527e-15 -2.520206e-14
4.401015e-02 5.250009563040e+00 4.621065e-01 4.787903e+00 -3.334139e-15 -2.575717e-14
4.481054e-02 5.250009536162e+00 4.705107e-01 4.779499e+00 -3.084338e-15 -2.220446e-14
4.562075e-02 5.250009508672e+00 4.790179e-01 4.770992e+00 -3.264750e-15 -3.064216e-14
4.644074e-02 5.250009480576e+00 4.876277e-01 4.762382e+00 -3.236994e-15 -2.475797e-14
4.727045e-02 5.250009451879e+00 4.963397e-01 4.753670e+00 -2.789435e-15 -2.242651e-14
4.810985e-02 5.250009422588e+00 5.051534e-01 4.744856e+00 -3.011480e-15 -2.886580e-14
4.895889e-02 5.250009392711e+00 5.140684e-01 4.735941e+00 -3.341077e-15 -3.064216e-14
4.981753e-02 5.250009362253e+00 5.230841e-01 4.726925e+00 -3.479855e-15 -2.120526e-14
5.068573e-02 5.250009331224e+00 5.322001e-01 4.717809e+00 -2.910866e-15 -2.664535e-14
5.156342e-02 5.250009299629e+00 5.414159e-01 4.708593e+00 -3.216177e-15 -2.609024e-14
5.245057e-02 5.250009267479e+00 5.507310e-01 4.699278e+00 -3.341077e-15 -2.087219e-14
5.334713e-02 5.250009234780e+00 5.601449e-01 4.689864e+00 -3.306383e-15 -2.631229e-14
5.425305e-02 5.250009201541e+00 5.696570e-01 4.680352e+00 -2.928213e-15 -2.198242e-14
5.516827e-02 5.250009167772e+00 5.792668e-01 4.670742e+00 -3.108624e-15 -2.431388e-14
5.609275e-02 5.250009133482e+00 5.889739e-01 4.661035e+00 -2.890049e-15 -2.398082e-14
5.702643e-02 5.250009098679e+00 5.987775e-01 4.651232e+00 -3.230055e-15 -2.853273e-14
5.796927e-02 5.250009063374e+00 6.086773e-01 4.641332e+00 -3.382711e-15 -2.553513e-14
5.892120e-02 5.250009027575e+00 6.186726e-01 4.631336e+00 -3.025358e-15 -2.808864e-14
5.988217e-02 5.250008991294e+00 6.287628e-01 4.621246e+00 -2.758210e-15 -2.275957e-14
6.085213e-02 5.250008954539e+00 6.389474e-01 4.611062e+00 -2.779027e-15 -2.398082e-14
6.183103e-02 5.250008917321e+00 6.492258e-01 4.600783e+00 -2.303713e-15 -2.442491e-14
6.281880e-02 5.250008879651e+00 6.595974e-01 4.590412e+00 -3.053113e-15 -2.919887e-14
6.381538e-02 5.250008841538e+00 6.700615e-01 4.579947e+00 -2.903927e-15 -2.831069e-14
6.482073e-02 5.250008802994e+00 6.806177e-01 4.569391e+00 -2.230854e-15 -2.176037e-14
6.583478e-02 5.250008764028e+00 6.912652e-01 4.558744e+00 -2.570860e-15 -2.475797e-14
6.685747e-02 5.250008724651e+00 7.020034e-01 4.548005e+00 -3.042705e-15 -3.097522e-14
6.788874e-02 5.250008684875e+00 7.128318e-01 4.537177e+00 -3.226586e-15 -2.498002e-14
6.892853e-02 5.250008644708e+00 7.237496e-01 4.526259e+00 -2.428613e-15 -3.363976e-14
6.997678e-02 5.250008604163e+00 7.347562e-01 4.515252e+00 -2.532696e-15 -2.564615e-14
7.103343e-02 5.250008563249e+00 7.458510e-01 4.504158e+00 -3.531897e-15 -2.942091e-14
7.209842e-02 5.250008521978e+00 7.570334e-01 4.492975e+00 -3.136380e-15 -2.886580e-14
7.317168e-02 5.250008480359e+00 7.683026e-01 4.481706e+00 -3.254341e-15 -2.742251e-14
7.425314e-02 5.250008438403e+00 7.796580e-01 4.470350e+00 -2.733924e-15 -2.775558e-14
7.534275e-02 5.250008396121e+00 7.910989e-01 4.458909e+00 -3.282097e-15 -3.119727e-14
7.644045e-02 5.250008353522e+00 8.026247e-01 4.447384e+00 -2.581269e-15 -3.086420e-14
7.754615e-02 5.250008310618e+00 8.142346e-01 4.435774e+00 -2.824130e-15 -2.886580e-14
7.865981e-02 5.250008267417e+00 8.259280e-01 4.424080e+00 -2.713108e-15 -3.042011e-14
7.978134e-02 5.250008223930e+00 8.377041e-01 4.412304e+00 -2.962908e-15 -2.575717e-14
8.091070e-02 5.250008180166e+00 8.495623e-01 4.400446e+00 -2.789435e-15 -2.853273e-14
8.204780e-02 5.250008136135e+00 8.615019e-01 4.388506e+00 -2.928213e-15 -2.631229e-14
8.319259e-02 5.250008091847e+00 8.735222e-01 4.376486e+00 -2.449430e-15 -2.686740e-14
8.434499e-02 5.250008047311e+00 8.856224e-01 4.364386e+00 -3.171075e-15 -2.731149e-14
8.550493e-02 5.250008002536e+00 8.978018e-01 4.352206e+00 -2.942091e-15 -3.119727e-14
8.667235e-02 5.250007957530e+00 9.100597e-01 4.339948e+00 -2.275957e-15 -3.064216e-14
8.784718e-02 5.250007912303e+00 9.223954e-01 4.327612e+00 -2.983724e-15 -2.720046e-14
8.902935e-02 5.250007866862e+00 9.348082e-01 4.315200e+00 -2.241263e-15 -2.964295e-14
9.021879e-02 5.250007821217e+00 9.472972e-01 4.302711e+00 -2.269018e-15 -2.398082e-14
9.141542e-02 5.250007775374e+00 9.598619e-01 4.290146e+00 -2.609024e-15 -2.808864e-14
9.261918e-02 5.250007729342e+00 9.725014e-01 4.277506e+00 -3.184952e-15 -2.653433e-14
9.383000e-02 5.250007683129e+00 9.852149e-01 4.264793e+00 -2.664535e-15 -2.353673e-14
9.504780e-02 5.250007636741e+00 9.980019e-01 4.252006e+00 -2.671474e-15 -3.108624e-14
9.627251e-02 5.250007590186e+00 1.010861e+00 4.239146e+00 -2.865763e-15 -2.620126e-14
9.750407e-02 5.250007543471e+00 1.023793e+00 4.226215e+00 -2.935152e-15 -2.731149e-14
9.874240e-02 5.250007496602e+00 1.036795e+00 4.213212e+00 -2.421674e-15 -2.986500e-14
9.998742e-02 5.250007449586e+00 1.049868e+00 4.200140e+00 -2.539635e-15 -3.219647e-14
1.012391e-01 5.250007402428e+00 1.063010e+00 4.186997e+00 -3.670675e-15 -2.919887e-14
1.024973e-01 5.250007355135e+00 1.076221e+00 4.173786e+00 -2.414735e-15 -3.230749e-14
1.037619e-01 5.250007307712e+00 1.089500e+00 4.160507e+00 -3.372302e-15 -3.408385e-14
1.050330e-01 5.250007260166e+00 1.102847e+00 4.147160e+00 -2.782496e-15 -3.264056e-14
1.063104e-01 5.250007212500e+00 1.116260e+00 4.133748e+00 -2.504941e-15 -2.930989e-14
1.075941e-01 5.250007164720e+00 1.129738e+00 4.120269e+00 -2.456368e-15 -3.275158e-14
1.088840e-01 5.250007116831e+00 1.143282e+00 4.106725e+00 -2.463307e-15 -2.964295e-14
1.101799e-01 5.250007068838e+00 1.156889e+00 4.093118e+00 -2.650657e-15 -2.975398e-14
1.114819e-01 5.250007020744e+00 1.170560e+00 4.079447e+00 -2.851885e-15 -3.386180e-14
1.127899e-01 5.250006972554e+00 1.184294e+00 4.065713e+00 -2.706169e-15 -2.542411e-14
1.141037e-01 5.250006924272e+00 1.198089e+00 4.051918e+00 -2.400857e-15 -2.786660e-14
1.154234e-01 5.250006875902e+00 1.211946e+00 4.038061e+00 -2.789435e-15 -2.586820e-14
1.167488e-01 5.250006827447e+00 1.225862e+00 4.024145e+00 -2.130240e-15 -2.409184e-14
1.180798e-01 5.250006778911e+00 1.239838e+00 4.010168e+00 -2.699230e-15 -2.486900e-14
1.194165e-01 5.250006730297e+00 1.253873e+00 3.996134e+00 -3.025358e-15 -2.819966e-14
1.207586e-01 5.250006681608e+00 1.267965e+00 3.982041e+00 -3.476386e-15 -3.119727e-14
1.221062e-01 5.250006632847e+00 1.282115e+00 3.967892e+00 -3.767819e-15 -2.620126e-14
1.234591e-01 5.250006584017e+00 1.296321e+00 3.953686e+00 -2.782496e-15 -2.642331e-14
1.248173e-01 5.250006535121e+00 1.310582e+00 3.939425e+00 -2.990663e-15 -2.442491e-14
1.261807e-01 5.250006486161e+00 1.324897e+00 3.925109e+00 -2.685352e-15 -2.942091e-14
1.275492e-01 5.250006437139e+00 1.339267e+00 3.910739e+00 -2.865763e-15 -2.742251e-14
1.289228e-01 5.250006388059e+00 1.353690e+00 3.896317e+00 -3.198830e-15 -2.975398e-14
1.303014e-01 5.250006338922e+00 1.368164e+00 3.881842e+00 -3.420875e-15 -2.575717e-14
1.316848e-01 5.250006289731e+00 1.382691e+00 3.867316e+00 -2.720046e-15 -2.831069e-14
1.330731e-01 5.250006240488e+00 1.397267e+00 3.852739e+00 -3.372302e-15 -3.053113e-14
1.344661e-01 5.250006191194e+00 1.411894e+00 3.838112e+00 -3.101686e-15 -2.808864e-14
1.358638e-01 5.250006141852e+00 1.426570e+00 3.823437e+00 -2.622902e-15 -3.075318e-14
1.372660e-01 5.250006092464e+00 1.441293e+00 3.808713e+00 -3.552714e-15 -2.664535e-14
1.386728e-01 5.250006043032e+00 1.456064e+00 3.793942e+00 -2.574330e-15 -2.653433e-14
1.400840e-01 5.250005993557e+00 1.470882e+00 3.779124e+00 -2.747802e-15 -2.742251e-14
1.414995e-01 5.250005944042e+00 1.485745e+00 3.764261e+00 -1.942890e-15 -2.686740e-14
1.429193e-01 5.250005894488e+00 1.500653e+00 3.749353e+00 -2.400857e-15 -2.753353e-14
1.443433e-01 5.250005844898e+00 1.515605e+00 3.734401e+00 -3.039236e-15 -2.453593e-14
1.457715e-01 5.250005795272e+00 1.530600e+00 3.719405e+00 -2.498002e-15 -2.398082e-14
1.472036e-01 5.250005745613e+00 1.545638e+00 3.704368e+00 -2.803313e-15 -2.386980e-14
1.486398e-01 5.250005695923e+00 1.560718e+00 3.689288e+00 -3.289036e-15 -2.209344e-14
1.500798e-01 5.250005646204e+00 1.575838e+00 3.674168e+00 -2.414735e-15 -2.686740e-14
1.515236e-01 5.250005596457e+00 1.590998e+00 3.659008e+00 -3.066991e-15 -2.386980e-14
1.529711e-01 5.250005546684e+00 1.606197e+00 3.643809e+00 -1.679212e-15 -2.364775e-14
1.544223e-01 5.250005496888e+00 1.621434e+00 3.628571e+00 -2.456368e-15 -2.620126e-14
1.558771e-01 5.250005447070e+00 1.636709e+00 3.613296e+00 -2.386980e-15 -2.520206e-14
1.573353e-01 5.250005397233e+00 1.652021e+00 3.597985e+00 -3.400058e-15 -2.575717e-14
1.587969e-01 5.250005347378e+00 1.667368e+00 3.582638e+00 -2.622902e-15 -2.919887e-14
1.602619e-01 5.250005297508e+00 1.682750e+00 3.567255e+00 -3.122502e-15 -2.819966e-14
1.617301e-01 5.250005247625e+00 1.698166e+00 3.551839e+00 -2.525757e-15 -2.442491e-14
1.632015e-01 5.250005197731e+00 1.713616e+00 3.536389e+00 -2.928213e-15 -2.198242e-14
1.646760e-01 5.250005147829e+00 1.729098e+00 3.520907e+00 -2.525757e-15 -2.953193e-14
1.661535e-01 5.250005097920e+00 1.744612e+00 3.505394e+00 -1.956768e-15 -2.708944e-14
1.676339e-01 5.250005048008e+00 1.760156e+00 3.489849e+00 -2.248202e-15 -2.897682e-14
1.691172e-01 5.250004998094e+00 1.775730e+00 3.474275e+00 -1.998401e-15 -2.242651e-14
1.706032e-01 5.250004948181e+00 1.791334e+00 3.458671e+00 -2.206568e-15 -2.164935e-14
1.720919e-01 5.250004898273e+00 1.806965e+00 3.443039e+00 -2.289835e-15 -2.176037e-14
1.735833e-01 5.250004848371e+00 1.822625e+00 3.427380e+00 -2.234324e-15 -2.375877e-14
1.750772e-01 5.250004798478e+00 1.838310e+00 3.411694e+00 -1.984524e-15 -2.486900e-14
1.765735e-01 5.250004748597e+00 1.854022e+00 3.395983e+00 -2.831069e-15 -2.309264e-14
1.780722e-01 5.250004698732e+00 1.869758e+00 3.380247e+00 -1.804112e-15 -2.231548e-14
1.795732e-01 5.250004648884e+00 1.885519e+00 3.364486e+00 -2.345346e-15 -2.020606e-14
1.810764e-01 5.250004599057e+00 1.901302e+00 3.348702e+00 -2.386980e-15 -1.965095e-14
1.825817e-01 5.250004549254e+00 1.917108e+00 3.332896e+00 -3.205769e-15 -2.209344e-14
1.840891e-01 5.250004499478e+00 1.932936e+00 3.317069e+00 -3.594347e-15 -2.453593e-14
1.855985e-01 5.250004449733e+00 1.948784e+00 3.301220e+00 -1.623701e-15 -2.164935e-14
1.871097e-01 5.250004400020e+00 1.964652e+00 3.285352e+00 -2.400857e-15 -2.131628e-14
1.886228e-01 5.250004350345e+00 1.980540e+00 3.269465e+00 -3.275158e-15 -2.153833e-14
1.901376e-01 5.250004300710e+00 1.996445e+00 3.253559e+00 -2.151057e-15 -2.264855e-14
1.916541e-01 5.250004251118e+00 2.012368e+00 3.237637e+00 -2.289835e-15 -2.076117e-14
1.931721e-01 5.250004201573e+00 2.028307e+00 3.221697e+00 -1.526557e-15 -2.486900e-14
1.946916e-01 5.250004152079e+00 2.044262e+00 3.205742e+00 -2.442491e-15 -2.231548e-14
1.962125e-01 5.250004102638e+00 2.060231e+00 3.189773e+00 -2.289835e-15 -2.120526e-14
1.977348e-01 5.250004053255e+00 2.076215e+00 3.173789e+00 -2.164935e-15 -2.597922e-14
1.992583e-01 5.250004003933e+00 2.092212e+00 3.157792e+00 -2.678413e-15 -2.353673e-14
2.007830e-01 5.250003954677e+00 2.108221e+00 3.141783e+00 -2.775558e-15 -2.253753e-14
2.023087e-01 5.250003905488e+00 2.124242e+00 3.125762e+00 -3.427814e-15 -2.298162e-14
2.038355e-01 5.250003856373e+00 2.140273e+00 3.109731e+00 -2.692291e-15 -2.098322e-14
2.053632e-01 5.250003807333e+00 2.156314e+00 3.093690e+00 -2.386980e-15 -1.998401e-14
2.068918e-01 5.250003758374e+00 2.172364e+00 3.077640e+00 -2.331468e-15 -1.920686e-14
2.084211e-01 5.250003709499e+00 2.188422e+00 3.061582e+00 -2.803313e-15 -2.364775e-14
2.099512e-01 5.250003660711e+00 2.204487e+00 3.045516e+00 -3.386180e-15 -2.331468e-14
2.114818e-01 5.250003612016e+00 2.220559e+00 3.029444e+00 -2.428613e-15 -1.998401e-14
2.130130e-01 5.250003563416e+00 2.236637e+00 3.013367e+00 -2.928213e-15 -2.076117e-14
2.145447e-01 5.250003514917e+00 2.252719e+00 2.997284e+00 -2.553513e-15 -1.931788e-14
2.160767e-01 5.250003466522e+00 2.268805e+00 2.981198e+00 -2.359224e-15 -1.987299e-14
2.176090e-01 5.250003418235e+00 2.284895e+00 2.965109e+00 -3.275158e-15 -2.042810e-14
2.191416e-01 5.250003370060e+00 2.300987e+00 2.949017e+00 -2.498002e-15 -2.309264e-14
2.206743e-01 5.250003322003e+00 2.317080e+00 2.932923e+00 -2.581269e-15 -1.953993e-14
2.222070e-01 5.250003274067e+00 2.333174e+00 2.916829e+00 -2.081668e-15 -1.942890e-14
2.237398e-01 5.250003226256e+00 2.349268e+00 2.900736e+00 -3.497203e-15 -1.887379e-14
2.252724e-01 5.250003178575e+00 2.365360e+00 2.884643e+00 -3.136380e-15 -1.709743e-14
2.268049e-01 5.250003131028e+00 2.381451e+00 2.868552e+00 -1.845746e-15 -1.865175e-14
2.283371e-01 5.250003083620e+00 2.397540e+00 2.852463e+00 -2.414735e-15 -2.009504e-14
2.298690e-01 5.250003036356e+00 2.413625e+00 2.836378e+00 -1.831868e-15 -1.798561e-14
2.314005e-01 5.250002989240e+00 2.429706e+00 2.820297e+00 -1.998401e-15 -2.042810e-14
2.329315e-01 5.250002942276e+00 2.445781e+00 2.804222e+00 -1.637579e-15 -1.965095e-14
2.344620e-01 5.250002895470e+00 2.461851e+00 2.788152e+00 -1.665335e-15 -1.809664e-14
2.359918e-01 5.250002848826e+00 2.477914e+00 2.772089e+00 -2.581269e-15 -1.987299e-14
2.375210e-01 5.250002802350e+00 2.493970e+00 2.756033e+00 -2.525757e-15 -2.087219e-14
2.390493e-01 5.250002756045e+00 2.510018e+00 2.739985e+00 -3.233525e-15 -1.965095e-14
2.405768e-01 5.250002709918e+00 2.526056e+00 2.723947e+00 -3.400058e-15 -1.809664e-14
2.421033e-01 5.250002663973e+00 2.542085e+00 2.707918e+00 -1.665335e-15 -1.720846e-14
2.436288e-01 5.250002618215e+00 2.558103e+00 2.691900e+00 -4.038436e-15 -1.676437e-14
2.451533e-01 5.250002572651e+00 2.574109e+00 2.675893e+00 -4.204970e-15 -2.098322e-14
2.466765e-01 5.250002527284e+00 2.590104e+00 2.659899e+00 -2.386980e-15 -1.754152e-14
2.481986e-01 5.250002482121e+00 2.606085e+00 2.643918e+00 -3.566591e-15 -1.865175e-14
2.497193e-01 5.250002437167e+00 2.622052e+00 2.627950e+00 -3.289036e-15 -1.798561e-14
2.512386e-01 5.250002392428e+00 2.638005e+00 2.611997e+00 -2.262079e-15 -1.421085e-14
2.527565e-01 5.250002347909e+00 2.653943e+00 2.596059e+00 -3.164136e-15 -2.242651e-14
2.542728e-01 5.250002303616e+00 2.669865e+00 2.580138e+00 -3.205769e-15 -1.709743e-14
2.557876e-01 5.250002259556e+00 2.685769e+00 2.564233e+00 -2.428613e-15 -1.743050e-14
2.573006e-01 5.250002215734e+00 2.701656e+00 2.548346e+00 -2.442491e-15 -1.676437e-14
2.588119e-01 5.250002172157e+00 2.717525e+00 2.532477e+00 -2.747802e-15 -1.820766e-14
2.603214e-01 5.250002128830e+00 2.733375e+00 2.516627e+00 -2.386980e-15 -1.865175e-14
2.618290e-01 5.250002085760e+00 2.749204e+00 2.500798e+00 -1.401657e-15 -1.587619e-14
2.633346e-01 5.250002042953e+00 2.765013e+00 2.484989e+00 -2.539635e-15 -1.676437e-14
2.648382e-01 5.250002000416e+00 2.780801e+00 2.469201e+00 -3.372302e-15 -2.042810e-14
2.663397e-01 5.250001958156e+00 2.796567e+00 2.453435e+00 -1.984524e-15 -1.743050e-14
2.678390e-01 5.250001916180e+00 2.812309e+00 2.437693e+00 -3.247402e-15 -1.576517e-14
2.693360e-01 5.250001874493e+00 2.828028e+00 2.421974e+00 -2.498002e-15 -1.676437e-14
2.708308e-01 5.250001833104e+00 2.843723e+00 2.406279e+00 -4.093947e-15 -1.776357e-14
2.723231e-01 5.250001792019e+00 2.859393e+00 2.390609e+00 -2.386980e-15 -1.831868e-14
2.738130e-01 5.250001751245e+00 2.875037e+00 2.374965e+00 -2.664535e-15 -1.498801e-14
2.753004e-01 5.250001710791e+00 2.890654e+00 2.359347e+00 -1.859624e-15 -1.865175e-14
2.767852e-01 5.250001670662e+00 2.906245e+00 2.343757e+00 -3.899658e-15 -1.987299e-14
2.782674e-01 5.250001630867e+00 2.921807e+00 2.328194e+00 -3.913536e-15 -1.776357e-14
2.797468e-01 5.250001591413e+00 2.937341e+00 2.312660e+00 -3.094747e-15 -1.831868e-14
2.812234e-01 5.250001552308e+00 2.952846e+00 2.297156e+00 -4.649059e-15 -1.720846e-14
2.826972e-01 5.250001513559e+00 2.968321e+00 2.281681e+00 -3.025358e-15 -1.987299e-14
2.841681e-01 5.250001475175e+00 2.983765e+00 2.266237e+00 -2.498002e-15 -2.065015e-14
2.856360e-01 5.250001437163e+00 2.999178e+00 2.250824e+00 -3.316791e-15 -2.109424e-14
2.871008e-01 5.250001399531e+00 3.014559e+00 2.235443e+00 -2.137179e-15 -2.275957e-14
2.885626e-01 5.250001362287e+00 3.029907e+00 2.220094e+00 -3.441691e-15 -1.887379e-14
2.900212e-01 5.250001325439e+00 3.045222e+00 2.204779e+00 -2.817191e-15 -2.164935e-14
2.914765e-01 5.250001288996e+00 3.060503e+00 2.189498e+00 -2.886580e-15 -1.876277e-14
2.929286e-01 5.250001252965e+00 3.075750e+00 2.174251e+00 -2.650657e-15 -2.065015e-14
2.943773e-01 5.250001217354e+00 3.090962e+00 2.159040e+00 -2.692291e-15 -2.031708e-14
2.958226e-01 5.250001182173e+00 3.106137e+00 2.143864e+00 -2.914335e-15 -1.998401e-14
2.972644e-01 5.250001147428e+00 3.121277e+00 2.128725e+00 -2.470246e-15 -2.009504e-14
2.987027e-01 5.250001113128e+00 3.136379e+00 2.113622e+00 -1.387779e-15 -1.809664e-14
3.001375e-01 5.250001079282e+00 3.151443e+00 2.098558e+00 -3.580469e-15 -1.798561e-14
3.015686e-01 5.250001045897e+00 3.166470e+00 2.083531e+00 -2.803313e-15 -1.620926e-14
3.029959e-01 5.250001012981e+00 3.181457e+00 2.068544e+00 -2.942091e-15 -1.787459e-14
3.044196e-01 5.250000980543e+00 3.196406e+00 2.053595e+00 -3.330669e-15 -2.042810e-14
3.058394e-01 5.250000948591e+00 3.211314e+00 2.038687e+00 -2.137179e-15 -1.965095e-14
3.072554e-01 5.250000917133e+00 3.226181e+00 2.023820e+00 -4.773959e-15 -1.687539e-14
3.086674e-01 5.250000886177e+00 3.241008e+00 2.008993e+00 -1.720846e-15 -1.965095e-14
3.100755e-01 5.250000855729e+00 3.255793e+00 1.994208e+00 -2.609024e-15 -2.298162e-14
3.114796e-01 5.250000825800e+00 3.270535e+00 1.979465e+00 -2.414735e-15 -1.987299e-14
3.128796e-01 5.250000796394e+00 3.285235e+00 1.964765e+00 -5.190293e-15 -2.076117e-14
3.142754e-01 5.250000767522e+00 3.299892e+00 1.950109e+00 -3.497203e-15 -2.176037e-14
3.156671e-01 5.250000739188e+00 3.314505e+00 1.935496e+00 -2.720046e-15 -1.920686e-14
3.170546e-01 5.250000711402e+00 3.329074e+00 1.920927e+00 -1.970646e-15 -2.131628e-14
3.184378e-01 5.250000684169e+00 3.343597e+00 1.906403e+00 -3.053113e-15 -2.020606e-14
3.198168e-01 5.250000657498e+00 3.358076e+00 1.891925e+00 -2.969847e-15 -2.131628e-14
3.211913e-01 5.250000631393e+00 3.372509e+00 1.877492e+00 -3.469447e-15 -2.264855e-14
3.225615e-01 5.250000605863e+00 3.386895e+00 1.863105e+00 -3.053113e-15 -2.131628e-14
3.239272e-01 5.250000580912e+00 3.401235e+00 1.848765e+00 -3.441691e-15 -1.987299e-14
3.252884e-01 5.250000556548e+00 3.415528e+00 1.834473e+00 -3.275158e-15 -2.164935e-14
3.266450e-01 5.250000532775e+00 3.429773e+00 1.820228e+00 -2.609024e-15 -2.109424e-14
3.279972e-01 5.250000509599e+00 3.443970e+00 1.806030e+00 -3.386180e-15 -2.198242e-14
3.293446e-01 5.250000487027e+00 3.458119e+00 1.791882e+00 -2.192690e-15 -2.309264e-14
3.306875e-01 5.250000465061e+00 3.472219e+00 1.777782e+00 -3.635980e-15 -2.420286e-14
3.320256e-01 5.250000443708e+00 3.486269e+00 1.763731e+00 -2.248202e-15 -2.042810e-14
3.333590e-01 5.250000422971e+00 3.500270e+00 1.749731e+00 -3.330669e-15 -2.142730e-14
3.346877e-01 5.250000402854e+00 3.514221e+00 1.735780e+00 -3.413936e-15 -1.887379e-14
3.360115e-01 5.250000383361e+00 3.528121e+00 1.721879e+00 -2.914335e-15 -2.065015e-14
3.373305e-01 5.250000364496e+00 3.541971e+00 1.708030e+00 -2.248202e-15 -2.375877e-14
3.386447e-01 5.250000346260e+00 3.555769e+00 1.694231e+00 -4.135581e-15 -2.675637e-14
3.399539e-01 5.250000328658e+00 3.569516e+00 1.680484e+00 -2.831069e-15 -2.298162e-14
3.412582e-01 5.250000311690e+00 3.583211e+00 1.666789e+00 -2.747802e-15 -2.176037e-14
3.425575e-01 5.250000295359e+00 3.596854e+00 1.653146e+00 -3.275158e-15 -2.042810e-14
3.438518e-01 5.250000279665e+00 3.610444e+00 1.639556e+00 -3.136380e-15 -2.498002e-14
3.451411e-01 5.250000264611e+00 3.623982e+00 1.626018e+00 -3.358425e-15 -2.131628e-14
3.464254e-01 5.250000250196e+00 3.637467e+00 1.612534e+00 -2.220446e-15 -2.264855e-14
3.477046e-01 5.250000236420e+00 3.650898e+00 1.599102e+00 -2.581269e-15 -2.209344e-14
3.489786e-01 5.250000223284e+00 3.664275e+00 1.585725e+00 -3.386180e-15 -2.220446e-14
3.502475e-01 5.250000210785e+00 3.677599e+00 1.572401e+00 -4.302114e-15 -2.253753e-14
3.515113e-01 5.250000198924e+00 3.690869e+00 1.559132e+00 -3.219647e-15 -2.464695e-14
3.527699e-01 5.250000187697e+00 3.704084e+00 1.545917e+00 -2.275957e-15 -2.331468e-14
3.540233e-01 5.250000177103e+00 3.717244e+00 1.532756e+00 -3.913536e-15 -2.664535e-14
3.552714e-01 5.250000167140e+00 3.730350e+00 1.519650e+00 -2.359224e-15 -1.987299e-14
3.565143e-01 5.250000157802e+00 3.743400e+00 1.506600e+00 -3.719247e-15 -2.453593e-14
3.577520e-01 5.250000149088e+00 3.756396e+00 1.493605e+00 -3.302913e-15 -1.854072e-14
3.589843e-01 5.250000140993e+00 3.769335e+00 1.480665e+00 -5.467848e-15 -2.015055e-14
3.602114e-01 5.250000133511e+00 3.782220e+00 1.467781e+00 -2.220446e-15 -2.164935e-14
3.614331e-01 5.250000126639e+00 3.795048e+00 1.454952e+00 -3.275158e-15 -2.042810e-14
3.626495e-01 5.250000120369e+00 3.807820e+00 1.442180e+00 -3.635980e-15 -1.931788e-14
3.638606e-01 5.250000114696e+00 3.820536e+00 1.429464e+00 -3.524958e-15 -2.214895e-14
3.650663e-01 5.250000109613e+00 3.833196e+00 1.416804e+00 -2.275957e-15 -2.181588e-14
3.662666e-01 5.250000105112e+00 3.845800e+00 1.404200e+00 -3.996803e-15 -2.253753e-14
3.674616e-01 5.250000101187e+00 3.858346e+00 1.391654e+00 -3.358425e-15 -2.442491e-14
3.686511e-01 5.250000097827e+00 3.870837e+00 1.379163e+00 -3.441691e-15 -2.248202e-14
3.698352e-01 5.250000095026e+00 3.883270e+00 1.366730e+00 -4.274359e-15 -2.403633e-14
3.710140e-01 5.250000092773e+00 3.895647e+00 1.354354e+00 -1.831868e-15 -2.292611e-14
3.721872e-01 5.250000091058e+00 3.907966e+00 1.342034e+00 -2.026157e-15 -2.114975e-14
3.733551e-01 5.250000089872e+00 3.920229e+00 1.329772e+00 -3.969047e-15 -2.325917e-14
3.745175e-01 5.250000089204e+00 3.932434e+00 1.317566e+00 -3.164136e-15 -2.126077e-14
3.756745e-01 5.250000089041e+00 3.944582e+00 1.305418e+00 -3.802514e-15 -2.337019e-14
3.768260e-01 5.250000089373e+00 3.956673e+00 1.293327e+00 -4.440892e-15 -2.459144e-14
3.779720e-01 5.250000090187e+00 3.968706e+00 1.281294e+00 -3.053113e-15 -2.303713e-14
3.791126e-01 5.250000091471e+00 3.980682e+00 1.269318e+00 -3.191891e-15 -2.448042e-14
3.802477e-01 5.250000093211e+00 3.992601e+00 1.257399e+00 -2.026157e-15 -2.503553e-14
3.813774e-01 5.250000095394e+00 4.004462e+00 1.245538e+00 -3.413936e-15 -2.581269e-14
3.825016e-01 5.250000098006e+00 4.016266e+00 1.233734e+00 -4.274359e-15 -2.564615e-14
3.836203e-01 5.250000101033e+00 4.028013e+00 1.221987e+00 -2.858824e-15 -2.198242e-14
3.847335e-01 5.250000104459e+00 4.039702e+00 1.210298e+00 -4.385381e-15 -2.342571e-14
3.858412e-01 5.250000108269e+00 4.051333e+00 1.198667e+00 -2.942091e-15 -2.586820e-14
3.869435e-01 5.250000112448e+00 4.062907e+00 1.187093e+00 -2.664535e-15 -2.348122e-14
3.880403e-01 5.250000116980e+00 4.074424e+00 1.175576e+00 -2.581269e-15 -2.625677e-14
3.891317e-01 5.250000121848e+00 4.085883e+00 1.164117e+00 -3.524958e-15 -2.386980e-14
3.902176e-01 5.250000127036e+00 4.097284e+00 1.152716e+00 -2.359224e-15 -2.459144e-14
3.912980e-01 5.250000132527e+00 4.108629e+00 1.141372e+00 -2.164935e-15 -2.509104e-14
3.923729e-01 5.250000138303e+00 4.119916e+00 1.130085e+00 -4.357625e-15 -2.298162e-14
3.934424e-01 5.250000144347e+00 4.131145e+00 1.118855e+00 -4.052314e-15 -2.420286e-14
3.945064e-01 5.250000150641e+00 4.142317e+00 1.107683e+00 -3.608225e-15 -2.253753e-14
3.955650e-01 5.250000157167e+00 4.153432e+00 1.096568e+00 -2.303713e-15 -2.559064e-14
3.966181e-01 5.250000163906e+00 4.164490e+00 1.085510e+00 -3.469447e-15 -2.392531e-14
3.976658e-01 5.250000170839e+00 4.175491e+00 1.074509e+00 -2.414735e-15 -2.375877e-14
3.987080e-01 5.250000177948e+00 4.186434e+00 1.063566e+00 -4.163336e-15 -2.181588e-14
3.997448e-01 5.250000185214e+00 4.197321e+00 1.052679e+00 -4.468648e-15 -2.386980e-14
4.007762e-01 5.250000192617e+00 4.208150e+00 1.041850e+00 -4.829470e-15 -2.681189e-14
4.018022e-01 5.250000200139e+00 4.218923e+00 1.031077e+00 -3.441691e-15 -2.392531e-14
4.028227e-01 5.250000207759e+00 4.229639e+00 1.020361e+00 -4.357625e-15 -2.581269e-14
4.038379e-01 5.250000215458e+00 4.240298e+00 1.009702e+00 -2.914335e-15 -2.503553e-14
4.048476e-01 5.250000223217e+00 4.250900e+00 9.991003e-01 -3.747003e-15 -2.159384e-14
4.058520e-01 5.250000231015e+00 4.261446e+00 9.885547e-01 -2.081668e-15 -2.536860e-14
4.068509e-01 5.250000238833e+00 4.271935e+00 9.780657e-01 -4.302114e-15 -2.531308e-14
4.078445e-01 5.250000246650e+00 4.282367e+00 9.676333e-01 -4.829470e-15 -2.564615e-14
4.088327e-01 5.250000254448e+00 4.292743e+00 9.572573e-01 -4.551914e-15 -2.403633e-14
4.098155e-01 5.250000262205e+00 4.303063e+00 9.469377e-01 -3.219647e-15 -2.381428e-14
4.107929e-01 5.250000269903e+00 4.313326e+00 9.366744e-01 -4.551914e-15 -2.331468e-14
4.117650e-01 5.250000277521e+00 4.323533e+00 9.264673e-01 -3.136380e-15 -2.392531e-14
4.127318e-01 5.250000285040e+00 4.333684e+00 9.163165e-01 -3.719247e-15 -2.192690e-14
4.136932e-01 5.250000292440e+00 4.343779e+00 9.062217e-01 -4.496403e-15 -2.592371e-14
4.146493e-01 5.250000299702e+00 4.353817e+00 8.961830e-01 -3.719247e-15 -2.425837e-14
4.156000e-01 5.250000306806e+00 4.363800e+00 8.862003e-01 -4.218847e-15 -2.614575e-14
4.165454e-01 5.250000313733e+00 4.373727e+00 8.762735e-01 -3.053113e-15 -2.386980e-14
4.174855e-01 5.250000320465e+00 4.383598e+00 8.664026e-01 -4.329870e-15 -2.614575e-14
4.184203e-01 5.250000326981e+00 4.393413e+00 8.565876e-01 -4.773959e-15 -2.498002e-14
4.193497e-01 5.250000333265e+00 4.403172e+00 8.468282e-01 -4.468648e-15 -2.681189e-14
4.202739e-01 5.250000339297e+00 4.412876e+00 8.371247e-01 -3.497203e-15 -2.758904e-14
4.211927e-01 5.250000345059e+00 4.422524e+00 8.274767e-01 -4.496403e-15 -2.431388e-14
4.221063e-01 5.250000350534e+00 4.432116e+00 8.178845e-01 -2.720046e-15 -2.559064e-14
4.230145e-01 5.250000355705e+00 4.441653e+00 8.083478e-01 -4.052314e-15 -2.631229e-14
4.239175e-01 5.250000360554e+00 4.451134e+00 7.988667e-01 -3.719247e-15 -2.475797e-14
4.248152e-01 5.250000365064e+00 4.460559e+00 7.894411e-01 -5.773160e-15 -2.448042e-14
4.257076e-01 5.250000369219e+00 4.469929e+00 7.800711e-01 -2.581269e-15 -2.697842e-14
4.265947e-01 5.250000373004e+00 4.479244e+00 7.707565e-01 -5.634382e-15 -2.808864e-14
4.274765e-01 5.250000376402e+00 4.488503e+00 7.614975e-01 -4.052314e-15 -2.725598e-14
4.283530e-01 5.250000379399e+00 4.497706e+00 7.522939e-01 -3.358425e-15 -2.603473e-14
4.292242e-01 5.250000381980e+00 4.506855e+00 7.431458e-01 -4.107825e-15 -2.792211e-14
4.300902e-01 5.250000384131e+00 4.515947e+00 7.340532e-01 -5.218048e-15 -2.670086e-14
4.309509e-01 5.250000385839e+00 4.524984e+00 7.250162e-01 -6.328271e-15 -2.620126e-14
4.318063e-01 5.250000387090e+00 4.533966e+00 7.160346e-01 -4.440892e-15 -2.742251e-14
4.326564e-01 5.250000387871e+00 4.542892e+00 7.071086e-01 -4.551914e-15 -2.708944e-14
4.335012e-01 5.250000388172e+00 4.551762e+00 6.982381e-01 -4.524159e-15 -2.770006e-14
4.343407e-01 5.250000387980e+00 4.560577e+00 6.894233e-01 -5.051515e-15 -2.803313e-14
4.351749e-01 5.250000387284e+00 4.569336e+00 6.806641e-01 -5.356826e-15 -2.803313e-14
4.360038e-01 5.250000386076e+00 4.578040e+00 6.719606e-01 -4.829470e-15 -2.853273e-14
4.368274e-01 5.250000384344e+00 4.586687e+00 6.633129e-01 -3.663736e-15 -2.770006e-14
4.376456e-01 5.250000382081e+00 4.595279e+00 6.547211e-01 -3.219647e-15 -2.797762e-14
4.384586e-01 5.250000379279e+00 4.603815e+00 6.461852e-01 -3.247402e-15 -2.875478e-14
4.392662e-01 5.250000375929e+00 4.612295e+00 6.377052e-01 -5.939693e-15 -2.675637e-14
4.400685e-01 5.250000372025e+00 4.620719e+00 6.292814e-01 -5.079270e-15 -2.758904e-14
4.408654e-01 5.250000367561e+00 4.629087e+00 6.209138e-01 -3.580469e-15 -2.953193e-14
4.416569e-01 5.250000362533e+00 4.637398e+00 6.126024e-01 -4.607426e-15 -2.953193e-14
4.424431e-01 5.250000356934e+00 4.645653e+00 6.043475e-01 -6.133982e-15 -2.736700e-14
4.432239e-01 5.250000350763e+00 4.653851e+00 5.961491e-01 -6.467049e-15 -2.708944e-14
4.439993e-01 5.250000344016e+00 4.661993e+00 5.880073e-01 -6.078471e-15 -2.936540e-14
4.447693e-01 5.250000336690e+00 4.670078e+00 5.799224e-01 -5.717649e-15 -2.736700e-14
4.455339e-01 5.250000328785e+00 4.678106e+00 5.718944e-01 -4.968248e-15 -2.803313e-14
4.462930e-01 5.250000320300e+00 4.686077e+00 5.639236e-01 -4.773959e-15 -2.808864e-14
4.470467e-01 5.250000311235e+00 4.693990e+00 5.560100e-01 -3.830269e-15 -2.847722e-14
4.477949e-01 5.250000301593e+00 4.701846e+00 5.481538e-01 -3.719247e-15 -2.747802e-14
4.485376e-01 5.250000291374e+00 4.709645e+00 5.403553e-01 -4.662937e-15 -2.642331e-14
4.492748e-01 5.250000280582e+00 4.717386e+00 5.326146e-01 -3.913536e-15 -2.797762e-14
4.500065e-01 5.250000269221e+00 4.725068e+00 5.249319e-01 -3.719247e-15 -2.958744e-14
4.507327e-01 5.250000257296e+00 4.732693e+00 5.173074e-01 -3.830269e-15 -2.842171e-14
4.514532e-01 5.250000244811e+00 4.740259e+00 5.097413e-01 -3.635980e-15 -2.831069e-14
4.521682e-01 5.250000231775e+00 4.747766e+00 5.022339e-01 -4.829470e-15 -2.675637e-14
4.528776e-01 5.250000218193e+00 4.755215e+00 4.947854e-01 -4.024558e-15 -3.047562e-14
4.535814e-01 5.250000204075e+00 4.762604e+00 4.873959e-01 -2.525757e-15 -2.914335e-14
4.542795e-01 5.250000189430e+00 4.769934e+00 4.800658e-01 -4.551914e-15 -2.875478e-14
4.549719e-01 5.250000174267e+00 4.777205e+00 4.727953e-01 -5.051515e-15 -2.847722e-14
4.556586e-01 5.250000158598e+00 4.784416e+00 4.655846e-01 -2.359224e-15 -2.792211e-14
4.563396e-01 5.250000142435e+00 4.791566e+00 4.584341e-01 -3.691492e-15 -2.814415e-14
4.570149e-01 5.250000125790e+00 4.798656e+00 4.513439e-01 -3.136380e-15 -2.958744e-14
4.576844e-01 5.250000108677e+00 4.805686e+00 4.443144e-01 -3.524958e-15 -2.908784e-14
4.583480e-01 5.250000091111e+00 4.812654e+00 4.373458e-01 -2.636780e-15 -2.864375e-14
4.590059e-01 5.250000073107e+00 4.819562e+00 4.304385e-01 -3.469447e-15 -2.942091e-14
4.596578e-01 5.250000054681e+00 4.826407e+00 4.235927e-01 -3.191891e-15 -2.975398e-14
4.603039e-01 5.250000035851e+00 4.833191e+00 4.168086e-01 -4.607426e-15 -2.686740e-14
4.609441e-01 5.250000016633e+00 4.839913e+00 4.100867e-01 -5.162537e-15 -2.642331e-14
4.615784e-01 5.249999997047e+00 4.846573e+00 4.034272e-01 -4.385381e-15 -2.897682e-14
4.622066e-01 5.249999977113e+00 4.853169e+00 3.968305e-01 -3.413936e-15 -2.892131e-14
4.628289e-01 5.249999956850e+00 4.859703e+00 3.902968e-01 -3.080869e-15 -2.786660e-14
4.634451e-01 5.249999936279e+00 4.866173e+00 3.838265e-01 -4.718448e-15 -3.025358e-14
4.640552e-01 5.249999915423e+00 4.872580e+00 3.774198e-01 -1.915135e-15 -2.903233e-14
4.646593e-01 5.249999894302e+00 4.878923e+00 3.710772e-01 -3.136380e-15 -2.930989e-14
4.652572e-01 5.249999872942e+00 4.885201e+00 3.647990e-01 -3.219647e-15 -2.997602e-14
4.658490e-01 5.249999851364e+00 4.891414e+00 3.585854e-01 -4.662937e-15 -2.831069e-14
4.664346e-01 5.249999829594e+00 4.897563e+00 3.524368e-01 -3.053113e-15 -2.792211e-14
4.670139e-01 5.249999807655e+00 4.903646e+00 3.463536e-01 -4.107825e-15 -2.953193e-14
4.675870e-01 5.249999785574e+00 4.909664e+00 3.403360e-01 -4.524159e-15 -3.025358e-14
4.681538e-01 5.249999763376e+00 4.915615e+00 3.343845e-01 -4.607426e-15 -2.925438e-14
4.687143e-01 5.249999741087e+00 4.921500e+00 3.284993e-01 -2.275957e-15 -2.969847e-14
4.692685e-01 5.249999718735e+00 4.927319e+00 3.226809e-01 -3.080869e-15 -3.003153e-14
4.698162e-01 5.249999696345e+00 4.933070e+00 3.169294e-01 -2.803313e-15 -3.064216e-14
4.703576e-01 5.249999673946e+00 4.938754e+00 3.112453e-01 -3.164136e-15 -3.042011e-14
4.708924e-01 5.249999651564e+00 4.944371e+00 3.056289e-01 -2.414735e-15 -3.053113e-14
4.714209e-01 5.249999629228e+00 4.949919e+00 3.000806e-01 -3.913536e-15 -2.930989e-14
4.719428e-01 5.249999606966e+00 4.955399e+00 2.946006e-01 -2.248202e-15 -3.064216e-14
4.724581e-01 5.249999584805e+00 4.960810e+00 2.891893e-01 -2.609024e-15 -2.975398e-14
4.729669e-01 5.249999562775e+00 4.966153e+00 2.838470e-01 -2.664535e-15 -2.953193e-14
4.734691e-01 5.249999540902e+00 4.971425e+00 2.785741e-01 -5.218048e-15 -3.086420e-14
4.739646e-01 5.249999519215e+00 4.976629e+00 2.733707e-01 -1.526557e-15 -3.003153e-14
4.744535e-01 5.249999497741e+00 4.981762e+00 2.682374e-01 -2.692291e-15 -2.992051e-14
4.749357e-01 5.249999476510e+00 4.986825e+00 2.631743e-01 -3.053113e-15 -2.992051e-14
4.754112e-01 5.249999455548e+00 4.991818e+00 2.581818e-01 -4.052314e-15 -2.986500e-14
4.758799e-01 5.249999434882e+00 4.996739e+00 2.532602e-01 -1.748601e-15 -3.036460e-14
4.763419e-01 5.249999414540e+00 5.001590e+00 2.484097e-01 -3.691492e-15 -3.019807e-14
4.767970e-01 5.249999394547e+00 5.006369e+00 2.436306e-01 -4.884981e-15 -3.125278e-14
4.772453e-01 5.249999374930e+00 5.011076e+00 2.389233e-01 -3.524958e-15 -3.008704e-14
4.776868e-01 5.249999355715e+00 5.015711e+00 2.342880e-01 -2.914335e-15 -3.069767e-14
4.781214e-01 5.249999336925e+00 5.020274e+00 2.297248e-01 -3.719247e-15 -3.064216e-14
4.785491e-01 5.249999318585e+00 5.024765e+00 2.252342e-01 -3.747003e-15 -3.058664e-14
4.789698e-01 5.249999300719e+00 5.029183e+00 2.208164e-01 -1.276756e-15 -3.136380e-14
4.793836e-01 5.249999283349e+00 5.033528e+00 2.164715e-01 -3.219647e-15 -3.103073e-14
4.797904e-01 5.249999266496e+00 5.037799e+00 2.121998e-01 -3.719247e-15 -3.086420e-14
4.801903e-01 5.249999250182e+00 5.041998e+00 2.080016e-01 -3.164136e-15 -3.030909e-14
4.805831e-01 5.249999234425e+00 5.046122e+00 2.038769e-01 -4.607426e-15 -2.958744e-14
4.809689e-01 5.249999219245e+00 5.050173e+00 1.998261e-01 -4.718448e-15 -3.025358e-14
4.813476e-01 5.249999204659e+00 5.054150e+00 1.958493e-01 -5.412337e-15 -3.128053e-14
4.817193e-01 5.249999190684e+00 5.058052e+00 1.919467e-01 -4.884981e-15 -3.072542e-14
4.820839e-01 5.249999177333e+00 5.061881e+00 1.881184e-01 -5.051515e-15 -2.978173e-14
4.824414e-01 5.249999164621e+00 5.065634e+00 1.843647e-01 -5.107026e-15 -3.011480e-14
4.827918e-01 5.249999152561e+00 5.069314e+00 1.806856e-01 -3.413936e-15 -2.969847e-14
4.831350e-01 5.249999141162e+00 5.072918e+00 1.770812e-01 -2.692291e-15 -3.025358e-14
4.834712e-01 5.249999130434e+00 5.076447e+00 1.735517e-01 -4.357625e-15 -3.000378e-14
4.838002e-01 5.249999120385e+00 5.079902e+00 1.700973e-01 -4.052314e-15 -3.050338e-14
4.841220e-01 5.249999111021e+00 5.083281e+00 1.667179e-01 -5.523360e-15 -3.050338e-14
4.844367e-01 5.249999102346e+00 5.086585e+00 1.634137e-01 -4.662937e-15 -3.047562e-14
4.847442e-01 5.249999094363e+00 5.089814e+00 1.601847e-01 -3.580469e-15 -3.105849e-14
4.850446e-01 5.249999087073e+00 5.092968e+00 1.570310e-01 -4.773959e-15 -3.064216e-14
4.853378e-01 5.249999080475e+00 5.096046e+00 1.539526e-01 -3.441691e-15 -3.091971e-14
4.856238e-01 5.249999074567e+00 5.099049e+00 1.509497e-01 -3.164136e-15 -3.128053e-14
4.859026e-01 5.249999069344e+00 5.101977e+00 1.480221e-01 -2.498002e-15 -2.994827e-14
4.861742e-01 5.249999064799e+00 5.104829e+00 1.451699e-01 -3.108624e-15 -3.089196e-14
4.864387e-01 5.249999060924e+00 5.107606e+00 1.423931e-01 -2.997602e-15 -3.003153e-14
4.866959e-01 5.249999057708e+00 5.110307e+00 1.396917e-01 -1.998401e-15 -3.044787e-14
4.869460e-01 5.249999055140e+00 5.112933e+00 1.370657e-01 -3.053113e-15 -3.005929e-14
4.871890e-01 5.249999053205e+00 5.115484e+00 1.345149e-01 -3.275158e-15 -3.033684e-14
4.874247e-01 5.249999051887e+00 5.117960e+00 1.320394e-01 -2.109424e-15 -3.014256e-14
4.876533e-01 5.249999051166e+00 5.120360e+00 1.296392e-01 -2.220446e-15 -3.019807e-14
4.878748e-01 5.249999051024e+00 5.122685e+00 1.273140e-01 -2.498002e-15 -3.108624e-14
4.880891e-01 5.249999051437e+00 5.124935e+00 1.250639e-01 -3.219647e-15 -3.050338e-14
4.882962e-01 5.249999052381e+00 5.127110e+00 1.228887e-01 -3.497203e-15 -3.075318e-14
4.884963e-01 5.249999053829e+00 5.129211e+00 1.207884e-01 -4.551914e-15 -3.122502e-14
4.886892e-01 5.249999055753e+00 5.131236e+00 1.187628e-01 -4.773959e-15 -3.058664e-14
4.888750e-01 5.249999058123e+00 5.133187e+00 1.168119e-01 -3.108624e-15 -3.058664e-14
4.890537e-01 5.249999060905e+00 5.135064e+00 1.149354e-01 -2.720046e-15 -3.116951e-14
4.892253e-01 5.249999064066e+00 5.136866e+00 1.131332e-01 -4.773959e-15 -3.080869e-14
4.893899e-01 5.249999067569e+00 5.138594e+00 1.114053e-01 -3.719247e-15 -3.097522e-14
4.895474e-01 5.249999071376e+00 5.140248e+00 1.097514e-01 -5.717649e-15 -3.114176e-14
4.896979e-01 5.249999075447e+00 5.141828e+00 1.081714e-01 -4.551914e-15 -3.130829e-14
4.898413e-01 5.249999079740e+00 5.143334e+00 1.066651e-01 -5.329071e-15 -3.130829e-14
4.899778e-01 5.249999084212e+00 5.144767e+00 1.052324e-01 -4.440892e-15 -3.108624e-14
4.901072e-01 5.249999088818e+00 5.146126e+00 1.038731e-01 -6.161738e-15 -3.103073e-14
4.902297e-01 5.249999093509e+00 5.147412e+00 1.025870e-01 -3.164136e-15 -3.072542e-14
4.903453e-01 5.249999098240e+00 5.148625e+00 1.013739e-01 -5.662137e-15 -3.119727e-14
4.904539e-01 5.249999102958e+00 5.149765e+00 1.002336e-01 -5.273559e-15 -3.091971e-14
4.905555e-01 5.249999107614e+00 5.150833e+00 9.916607e-02 -5.495604e-15 -3.139156e-14
4.906503e-01 5.249999112155e+00 5.151828e+00 9.817097e-02 -5.329071e-15 -3.161360e-14
4.907382e-01 5.249999116526e+00 5.152751e+00 9.724816e-02 -5.051515e-15 -3.147482e-14
4.908192e-01 5.249999120673e+00 5.153602e+00 9.639747e-02 -4.662937e-15 -3.144707e-14
4.908934e-01 5.249999124541e+00 5.154380e+00 9.561870e-02 -4.329870e-15 -3.139156e-14
4.909607e-01 5.249999128071e+00 5.155087e+00 9.491170e-02 -4.440892e-15 -3.155809e-14
4.910212e-01 5.249999131207e+00 5.155723e+00 9.427626e-02 -4.718448e-15 -3.158585e-14
4.910749e-01 5.249999133889e+00 5.156287e+00 9.371224e-02 -7.549517e-15 -3.158585e-14
4.911219e-01 5.249999136060e+00 5.156780e+00 9.321946e-02 -5.939693e-15 -3.166911e-14
4.911620e-01 5.249999137658e+00 5.157201e+00 9.279776e-02 -3.663736e-15 -3.169687e-14
4.911954e-01 5.249999138625e+00 5.157552e+00 9.244699e-02 -2.664535e-15 -3.165523e-14
4.912221e-01 5.249999138900e+00 5.157832e+00 9.216701e-02 -4.551914e-15 -3.168299e-14
4.912420e-01 5.249999138423e+00 5.158041e+00 9.195769e-02 -2.997602e-15 -3.172462e-14
4.912553e-01 5.249999137133e+00 5.158180e+00 9.181889e-02 -4.107825e-15 -3.182177e-14
4.912618e-01 5.249999134969e+00 5.158249e+00 9.175050e-02 -5.773160e-15 -3.187728e-14
4.912616e-01 5.249999131873e+00 5.158247e+00 9.175242e-02 -4.940492e-15 -3.197442e-14
4.912547e-01 5.249999127784e+00 5.158175e+00 9.182456e-02 -3.386180e-15 -3.201606e-14
4.912412e-01 5.249999122644e+00 5.158032e+00 9.196685e-02 -4.107825e-15 -3.200218e-14
4.912209e-01 5.249999116394e+00 5.157820e+00 9.217921e-02 -4.329870e-15 -3.202993e-14
4.911940e-01 5.249999108976e+00 5.157537e+00 9.246161e-02 -6.550316e-15 -3.205769e-14
4.911605e-01 5.249999100333e+00 5.157185e+00 9.281401e-02 -4.218847e-15 -3.208545e-14
4.911203e-01 5.249999090411e+00 5.156763e+00 9.323639e-02 -4.551914e-15 -3.205769e-14
4.910734e-01 5.249999079154e+00 5.156270e+00 9.372877e-02 -4.718448e-15 -3.219647e-14
4.910198e-01 5.249999066511e+00 5.155708e+00 9.429116e-02 -4.940492e-15 -3.222422e-14
4.909596e-01 5.249999052428e+00 5.155075e+00 9.492360e-02 -3.053113e-15 -3.219647e-14
4.908927e-01 5.249999036858e+00 5.154373e+00 9.562615e-02 -5.606626e-15 -3.234912e-14
4.908191e-01 5.249999019750e+00 5.153600e+00 9.639890e-02 -5.384582e-15 -3.241851e-14
4.907388e-01 5.249999001060e+00 5.152757e+00 9.724195e-02 -3.830269e-15 -3.236300e-14
4.906518e-01 5.249998980744e+00 5.151844e+00 9.815542e-02 -4.107825e-15 -3.246015e-14
4.905580e-01 5.249998958759e+00 5.150859e+00 9.913947e-02 -4.718448e-15 -3.247402e-14
4.904576e-01 5.249998935065e+00 5.149805e+00 1.001943e-01 -3.885781e-15 -3.227973e-14
4.903504e-01 5.249998909627e+00 5.148679e+00 1.013200e-01 -3.330669e-15 -3.240463e-14
4.902364e-01 5.249998882408e+00 5.147482e+00 1.025169e-01 -2.275957e-15 -3.264056e-14
4.901156e-01 5.249998853377e+00 5.146214e+00 1.037852e-01 -4.385381e-15 -3.272382e-14
4.899880e-01 5.249998822505e+00 5.144874e+00 1.051252e-01 -5.384582e-15 -3.260586e-14
4.898535e-01 5.249998789765e+00 5.143462e+00 1.065372e-01 -3.552714e-15 -3.245321e-14
4.897121e-01 5.249998755134e+00 5.141977e+00 1.080214e-01 -3.774758e-15 -3.256423e-14
4.895638e-01 5.249998718592e+00 5.140420e+00 1.095783e-01 -4.607426e-15 -3.286260e-14
4.894086e-01 5.249998680120e+00 5.138790e+00 1.112083e-01 -3.552714e-15 -3.288342e-14
4.892464e-01 5.249998639706e+00 5.137087e+00 1.129116e-01 -3.663736e-15 -3.273770e-14
4.890771e-01 5.249998597338e+00 5.135310e+00 1.146889e-01 -3.996803e-15 -3.308465e-14
4.889008e-01 5.249998553009e+00 5.133458e+00 1.165404e-01 -3.830269e-15 -3.315404e-14
4.887173e-01 5.249998506715e+00 5.131532e+00 1.184668e-01 -5.273559e-15 -3.276546e-14
4.885267e-01 5.249998458454e+00 5.129530e+00 1.204685e-01 -4.718448e-15 -3.282791e-14
4.883288e-01 5.249998408230e+00 5.127452e+00 1.225460e-01 -6.383782e-15 -3.298403e-14
4.881237e-01 5.249998356048e+00 5.125298e+00 1.247000e-01 -2.331468e-15 -3.327200e-14
4.879112e-01 5.249998301919e+00 5.123067e+00 1.269310e-01 -3.108624e-15 -3.299791e-14
4.876913e-01 5.249998245855e+00 5.120759e+00 1.292396e-01 -3.941292e-15 -3.325118e-14
4.874640e-01 5.249998187872e+00 5.118372e+00 1.316265e-01 -3.552714e-15 -3.286954e-14
4.872291e-01 5.249998127991e+00 5.115906e+00 1.340925e-01 -4.829470e-15 -3.365364e-14
4.869867e-01 5.249998066234e+00 5.113360e+00 1.366381e-01 -3.941292e-15 -3.298750e-14
4.867366e-01 5.249998002629e+00 5.110734e+00 1.392641e-01 -3.885781e-15 -3.323904e-14
4.864787e-01 5.249997937204e+00 5.108027e+00 1.419712e-01 -3.774758e-15 -3.317659e-14
4.862131e-01 5.249997869994e+00 5.105238e+00 1.447603e-01 -2.220446e-15 -3.322906e-14
4.859396e-01 5.249997801033e+00 5.102366e+00 1.476321e-01 -3.663736e-15 -3.338345e-14
4.856581e-01 5.249997730362e+00 5.099410e+00 1.505875e-01 -3.441691e-15 -3.352960e-14
4.853686e-01 5.249997658023e+00 5.096370e+00 1.536274e-01 -3.552714e-15 -3.415671e-14
4.850710e-01 5.249997584059e+00 5.093245e+00 1.567525e-01 -4.496403e-15 -3.332057e-14
4.847651e-01 5.249997508519e+00 5.090034e+00 1.599637e-01 -3.774758e-15 -3.363455e-14
4.844510e-01 5.249997431453e+00 5.086735e+00 1.632621e-01 -5.773160e-15 -3.321995e-14
4.841285e-01 5.249997352912e+00 5.083349e+00 1.666485e-01 -2.609024e-15 -3.316097e-14
4.837975e-01 5.249997272953e+00 5.079873e+00 1.701239e-01 -5.107026e-15 -3.366751e-14
4.834579e-01 5.249997191631e+00 5.076308e+00 1.736892e-01 -3.275158e-15 -3.352527e-14
4.831097e-01 5.249997109004e+00 5.072652e+00 1.773455e-01 -4.551914e-15 -3.419834e-14
4.827527e-01 5.249997025133e+00 5.068903e+00 1.810937e-01 -4.551914e-15 -3.345935e-14
4.823869e-01 5.249996940080e+00 5.065062e+00 1.849349e-01 -4.718448e-15 -3.408385e-14
4.820121e-01 5.249996853908e+00 5.061127e+00 1.888701e-01 -4.940492e-15 -3.352180e-14
4.816282e-01 5.249996766680e+00 5.057096e+00 1.929003e-01 -4.496403e-15 -3.395201e-14
4.812352e-01 5.249996678461e+00 5.052970e+00 1.970266e-01 -4.996004e-15 -3.377854e-14
4.808330e-01 5.249996589317e+00 5.048746e+00 2.012501e-01 -4.107825e-15 -3.436834e-14
4.804214e-01 5.249996499314e+00 5.044425e+00 2.055719e-01 -5.218048e-15 -3.378547e-14
4.800003e-01 5.249996408517e+00 5.040003e+00 2.099931e-01 -6.383782e-15 -3.379241e-14
4.795697e-01 5.249996316992e+00 5.035482e+00 2.145147e-01 -5.662137e-15 -3.457651e-14
4.791294e-01 5.249996224806e+00 5.030858e+00 2.191378e-01 -3.386180e-15 -3.468059e-14
4.786793e-01 5.249996132023e+00 5.026132e+00 2.238636e-01 -5.162537e-15 -3.462508e-14
4.782193e-01 5.249996038707e+00 5.021303e+00 2.286933e-01 -3.497203e-15 -3.511080e-14
4.777493e-01 5.249995944923e+00 5.016368e+00 2.336278e-01 -2.275957e-15 -3.397282e-14
4.772693e-01 5.249995850733e+00 5.011327e+00 2.386684e-01 -4.329870e-15 -3.590184e-14
4.767790e-01 5.249995756197e+00 5.006180e+00 2.438161e-01 -2.997602e-15 -3.390344e-14
4.762784e-01 5.249995661374e+00 5.000923e+00 2.490722e-01 -4.218847e-15 -3.443079e-14
4.757674e-01 5.249995566323e+00 4.995558e+00 2.544376e-01 -4.551914e-15 -3.434752e-14
4.752459e-01 5.249995471100e+00 4.990082e+00 2.599137e-01 -4.329870e-15 -3.452794e-14
4.747137e-01 5.249995375757e+00 4.984494e+00 2.655014e-01 -3.608225e-15 -3.512468e-14
4.741708e-01 5.249995280346e+00 4.978793e+00 2.712019e-01 -3.330669e-15 -3.469447e-14
4.736170e-01 5.249995184916e+00 4.972979e+00 2.770163e-01 -3.663736e-15 -3.415324e-14
4.730523e-01 5.249995089515e+00 4.967049e+00 2.829457e-01 -6.217249e-15 -3.563816e-14
4.724765e-01 5.249994994185e+00 4.961004e+00 2.889913e-01 -4.496403e-15 -3.425038e-14
4.718896e-01 5.249994898969e+00 4.954841e+00 2.951542e-01 -4.274359e-15 -3.416711e-14
4.712914e-01 5.249994803905e+00 4.948559e+00 3.014354e-01 -4.274359e-15 -3.533285e-14
4.706818e-01 5.249994709029e+00 4.942159e+00 3.078360e-01 -3.774758e-15 -3.487488e-14
4.700607e-01 5.249994614376e+00 4.935637e+00 3.143572e-01 -4.218847e-15 -3.466671e-14
4.694281e-01 5.249994519975e+00 4.928995e+00 3.209999e-01 -3.608225e-15 -3.466671e-14
4.687837e-01 5.249994425856e+00 4.922229e+00 3.277654e-01 -3.719247e-15 -3.474998e-14
4.681276e-01 5.249994332043e+00 4.915340e+00 3.346545e-01 -2.997602e-15 -3.383405e-14
4.674596e-01 5.249994238563e+00 4.908326e+00 3.416684e-01 -2.331468e-15 -3.361200e-14
4.667796e-01 5.249994145434e+00 4.901186e+00 3.488081e-01 -4.163336e-15 -3.533285e-14
4.660876e-01 5.249994052679e+00 4.893919e+00 3.560746e-01 -3.386180e-15 -3.483325e-14
4.653833e-01 5.249993960314e+00 4.886525e+00 3.634690e-01 -4.773959e-15 -3.450018e-14
4.646668e-01 5.249993868357e+00 4.879002e+00 3.709922e-01 -2.942091e-15 -3.480549e-14
4.639379e-01 5.249993776823e+00 4.871348e+00 3.786453e-01 -4.385381e-15 -3.547163e-14
4.631966e-01 5.249993685728e+00 4.863564e+00 3.864292e-01 -3.552714e-15 -3.497203e-14
4.624427e-01 5.249993595087e+00 4.855649e+00 3.943449e-01 -3.719247e-15 -3.452794e-14
