5.000000e-01 5.250000000000e+00 5.250000e+00 0.000000e+00 -1.137979e-15 0.000000e+00
4.999961e-01 5.249999999961e+00 5.249959e+00 4.060111e-05 -1.804112e-15 -1.517883e-17
4.999845e-01 5.249999999843e+00 5.249838e+00 1.624046e-04 -9.436896e-16 -1.344411e-17
4.999652e-01 5.249999999647e+00 5.249635e+00 3.654110e-04 -2.470246e-15 -5.984796e-17
4.999381e-01 5.249999999373e+00 5.249350e+00 6.496209e-04 -3.302913e-15 -1.040834e-16
4.999033e-01 5.249999999020e+00 5.248985e+00 1.015036e-03 -2.886580e-15 -1.301043e-16
4.998608e-01 5.249999998590e+00 5.248538e+00 1.461656e-03 -1.582068e-15 -1.040834e-16
4.998105e-01 5.249999998082e+00 5.248011e+00 1.989485e-03 -2.442491e-15 -1.543904e-16
4.997525e-01 5.249999997497e+00 5.247401e+00 2.598524e-03 -2.220446e-15 -2.081668e-17
4.996868e-01 5.249999996836e+00 5.246711e+00 3.288774e-03 -1.998401e-15 -1.144917e-16
4.996133e-01 5.249999996098e+00 5.245940e+00 4.060240e-03 -1.304512e-15 -1.630640e-16
4.995321e-01 5.249999995284e+00 5.245087e+00 4.912923e-03 -3.053113e-16 -3.261280e-16
4.994432e-01 5.249999994395e+00 5.244153e+00 5.846826e-03 -1.942890e-15 -2.706169e-16
4.993465e-01 5.249999993431e+00 5.243138e+00 6.861954e-03 -4.107825e-15 -3.955170e-16
4.992421e-01 5.249999992394e+00 5.242042e+00 7.958310e-03 -2.553513e-15 -3.053113e-16
4.991299e-01 5.249999991283e+00 5.240864e+00 9.135898e-03 -2.137179e-15 -3.295975e-16
4.990100e-01 5.249999990100e+00 5.239605e+00 1.039472e-02 -2.553513e-15 -3.226586e-16
4.988824e-01 5.249999988845e+00 5.238265e+00 1.173478e-02 -1.249001e-15 -5.967449e-16
4.987470e-01 5.249999987520e+00 5.236844e+00 1.315609e-02 -2.498002e-15 -3.816392e-16
4.986039e-01 5.249999986125e+00 5.235341e+00 1.465865e-02 -3.719247e-15 -6.938894e-17
4.984531e-01 5.249999984661e+00 5.233758e+00 1.624246e-02 -1.915135e-15 -4.857226e-16
4.982945e-01 5.249999983130e+00 5.232092e+00 1.790754e-02 -4.024558e-15 -8.187895e-16
4.981282e-01 5.249999981531e+00 5.230346e+00 1.965388e-02 -2.997602e-15 -3.191891e-16
4.979541e-01 5.249999979868e+00 5.228518e+00 2.148148e-02 -2.997602e-15 -3.747003e-16
4.977723e-01 5.249999978140e+00 5.226610e+00 2.339037e-02 -3.191891e-15 -5.689893e-16
4.975828e-01 5.249999976349e+00 5.224619e+00 2.538054e-02 -4.274359e-15 -9.645063e-16
4.973855e-01 5.249999974497e+00 5.222548e+00 2.745199e-02 -2.137179e-15 -4.787837e-16
4.971805e-01 5.249999972584e+00 5.220395e+00 2.960474e-02 -4.413137e-15 -7.147061e-16
4.969677e-01 5.249999970612e+00 5.218161e+00 3.183879e-02 -4.080070e-15 -1.040834e-15
4.967472e-01 5.249999968583e+00 5.215846e+00 3.415414e-02 -2.192690e-15 -4.787837e-16
4.965190e-01 5.249999966499e+00 5.213449e+00 3.655080e-02 -2.858824e-15 -3.330669e-16
4.962830e-01 5.249999964359e+00 5.210971e+00 3.902879e-02 -2.525757e-15 -7.494005e-16
4.960392e-01 5.249999962167e+00 5.208412e+00 4.158809e-02 -3.053113e-15 -7.702172e-16
4.957877e-01 5.249999959924e+00 5.205771e+00 4.422873e-02 -2.026157e-15 -7.355228e-16
4.955285e-01 5.249999957632e+00 5.203049e+00 4.695070e-02 -4.246603e-15 -9.714451e-17
4.952615e-01 5.249999955292e+00 5.200246e+00 4.975401e-02 -3.580469e-15 -3.747003e-16
4.949868e-01 5.249999952907e+00 5.197361e+00 5.263866e-02 -2.886580e-15 -8.465451e-16
4.947043e-01 5.249999950478e+00 5.194395e+00 5.560467e-02 -4.746203e-15 -6.522560e-16
4.944141e-01 5.249999948007e+00 5.191348e+00 5.865204e-02 -4.191092e-15 -8.881784e-16
4.941161e-01 5.249999945495e+00 5.188219e+00 6.178076e-02 -4.413137e-15 -9.020562e-16
4.938104e-01 5.249999942946e+00 5.185009e+00 6.499086e-02 -2.942091e-15 -6.383782e-16
4.934969e-01 5.249999940362e+00 5.181718e+00 6.828232e-02 -3.108624e-15 -5.273559e-16
4.931757e-01 5.249999937743e+00 5.178345e+00 7.165516e-02 -4.357625e-15 -3.053113e-16
4.928467e-01 5.249999935093e+00 5.174891e+00 7.510938e-02 -2.914335e-15 -1.165734e-15
4.925100e-01 5.249999932413e+00 5.171355e+00 7.864499e-02 -3.053113e-15 -1.360023e-15
4.921655e-01 5.249999929707e+00 5.167738e+00 8.226198e-02 -3.053113e-15 -6.245005e-16
4.918133e-01 5.249999926976e+00 5.164040e+00 8.596035e-02 -3.469447e-15 -1.193490e-15
4.914533e-01 5.249999924222e+00 5.160260e+00 8.974012e-02 -3.219647e-15 -4.163336e-16
4.910856e-01 5.249999921448e+00 5.156399e+00 9.360128e-02 -4.080070e-15 -9.992007e-16
4.907101e-01 5.249999918657e+00 5.152456e+00 9.754384e-02 -1.221245e-15 -7.632783e-16
4.903269e-01 5.249999915851e+00 5.148432e+00 1.015678e-01 -4.884981e-15 -9.714451e-16
4.899359e-01 5.249999913032e+00 5.144327e+00 1.056731e-01 -2.109424e-15 -1.387779e-15
4.895371e-01 5.249999910204e+00 5.140140e+00 1.098599e-01 -3.802514e-15 -7.077672e-16
4.891307e-01 5.249999907368e+00 5.135872e+00 1.141280e-01 -3.386180e-15 -9.714451e-16
4.887164e-01 5.249999904528e+00 5.131522e+00 1.184775e-01 -2.303713e-15 -1.762479e-15
4.882944e-01 5.249999901685e+00 5.127091e+00 1.229084e-01 -4.052314e-15 -1.471046e-15
4.878647e-01 5.249999898844e+00 5.122579e+00 1.274207e-01 -2.997602e-15 -2.386980e-15
4.874272e-01 5.249999896006e+00 5.117985e+00 1.320144e-01 -3.719247e-15 -1.720846e-15
4.869819e-01 5.249999893175e+00 5.113310e+00 1.366895e-01 -4.107825e-15 -2.248202e-15
4.865290e-01 5.249999890353e+00 5.108554e+00 1.414459e-01 -4.274359e-15 -9.714451e-16
4.860682e-01 5.249999887543e+00 5.103716e+00 1.462837e-01 -2.664535e-15 -1.568190e-15
4.855997e-01 5.249999884749e+00 5.098797e+00 1.512028e-01 -2.997602e-15 -1.373901e-15
4.851235e-01 5.249999881973e+00 5.093797e+00 1.562033e-01 -2.775558e-15 -8.604228e-16
4.846395e-01 5.249999879219e+00 5.088715e+00 1.612852e-01 -2.220446e-15 -7.632783e-16
4.841478e-01 5.249999876489e+00 5.083552e+00 1.664483e-01 -2.775558e-15 -1.637579e-15
4.836483e-01 5.249999873786e+00 5.078307e+00 1.716928e-01 -3.469447e-15 -1.110223e-15
4.831411e-01 5.249999871115e+00 5.072981e+00 1.770185e-01 -4.052314e-15 -9.159340e-16
4.826261e-01 5.249999868477e+00 5.067574e+00 1.824256e-01 -3.497203e-15 -6.383782e-16
4.821034e-01 5.249999865876e+00 5.062086e+00 1.879139e-01 -4.163336e-15 -1.693090e-15
4.815730e-01 5.249999863316e+00 5.056516e+00 1.934835e-01 -4.080070e-15 -1.998401e-15
4.810348e-01 5.249999860800e+00 5.050866e+00 1.991343e-01 -3.747003e-15 -2.220446e-15
4.804889e-01 5.249999858331e+00 5.045134e+00 2.048663e-01 -5.162537e-15 -1.915135e-15
4.799353e-01 5.249999855912e+00 5.039320e+00 2.106795e-01 -2.275957e-15 -8.049117e-16
4.793739e-01 5.249999853547e+00 5.033426e+00 2.165739e-01 -3.386180e-15 -2.081668e-15
4.788048e-01 5.249999851239e+00 5.027450e+00 2.225494e-01 -4.191092e-15 -1.387779e-15
4.782280e-01 5.249999848992e+00 5.021394e+00 2.286060e-01 -2.414735e-15 -2.220446e-15
4.776434e-01 5.249999846810e+00 5.015256e+00 2.347437e-01 -6.106227e-15 -2.164935e-15
4.770512e-01 5.249999844695e+00 5.009037e+00 2.409625e-01 -3.275158e-15 -2.914335e-15
4.764512e-01 5.249999842652e+00 5.002738e+00 2.472623e-01 -2.886580e-15 -1.887379e-15
4.758435e-01 5.249999840683e+00 4.996357e+00 2.536431e-01 -3.996803e-15 -2.636780e-15
4.752281e-01 5.249999838793e+00 4.989895e+00 2.601049e-01 -5.273559e-15 -2.775558e-15
4.746050e-01 5.249999836986e+00 4.983352e+00 2.666476e-01 -4.024558e-15 -1.249001e-15
4.739742e-01 5.249999835264e+00 4.976729e+00 2.732711e-01 -4.801715e-15 -1.609823e-15
4.733356e-01 5.249999833632e+00 4.970024e+00 2.799755e-01 -3.996803e-15 -2.109424e-15
4.726894e-01 5.249999832093e+00 4.963239e+00 2.867607e-01 -4.662937e-15 -3.108624e-15
4.720355e-01 5.249999830651e+00 4.956373e+00 2.936267e-01 -4.163336e-15 -7.771561e-16
4.713739e-01 5.249999829309e+00 4.949426e+00 3.005734e-01 -4.662937e-15 -2.220446e-15
4.707047e-01 5.249999828073e+00 4.942399e+00 3.076007e-01 -3.663736e-15 -1.443290e-15
4.700277e-01 5.249999826944e+00 4.935291e+00 3.147086e-01 -3.774758e-15 -2.525757e-15
4.693431e-01 5.249999825928e+00 4.928103e+00 3.218971e-01 -4.357625e-15 -1.831868e-15
4.686508e-01 5.249999825028e+00 4.920834e+00 3.291661e-01 -3.025358e-15 -1.887379e-15
4.679509e-01 5.249999824247e+00 4.913484e+00 3.365155e-01 -3.691492e-15 -2.664535e-15
4.672433e-01 5.249999823590e+00 4.906055e+00 3.439453e-01 -5.079270e-15 -2.858824e-15
4.665280e-01 5.249999823061e+00 4.898544e+00 3.514553e-01 -2.747802e-15 -2.581269e-15
4.658052e-01 5.249999822663e+00 4.890954e+00 3.590457e-01 -3.497203e-15 -3.413936e-15
4.650746e-01 5.249999822401e+00 4.883284e+00 3.667162e-01 -2.442491e-15 -2.386980e-15
4.643365e-01 5.249999822277e+00 4.875533e+00 3.744668e-01 -3.580469e-15 -2.303713e-15
4.635907e-01 5.249999822297e+00 4.867702e+00 3.822974e-01 -2.220446e-15 -1.582068e-15
4.628373e-01 5.249999822464e+00 4.859792e+00 3.902080e-01 -2.275957e-15 -2.248202e-15
4.620763e-01 5.249999822782e+00 4.851801e+00 3.981984e-01 -5.051515e-15 -2.303713e-15
4.613077e-01 5.249999823255e+00 4.843731e+00 4.062686e-01 -3.386180e-15 -2.248202e-15
4.605316e-01 5.249999823887e+00 4.835581e+00 4.144185e-01 -3.164136e-15 -2.498002e-15
4.597478e-01 5.249999824682e+00 4.827352e+00 4.226480e-01 -2.164935e-15 -3.691492e-15
4.589565e-01 5.249999825643e+00 4.819043e+00 4.309571e-01 -3.386180e-15 -2.914335e-15
4.581576e-01 5.249999826776e+00 4.810654e+00 4.393455e-01 -3.497203e-15 -3.635980e-15
4.573511e-01 5.249999828083e+00 4.802187e+00 4.478133e-01 -3.275158e-15 -2.331468e-15
4.565371e-01 5.249999829569e+00 4.793640e+00 4.563603e-01 -2.275957e-15 -3.108624e-15
4.557156e-01 5.249999831237e+00 4.785013e+00 4.649864e-01 -3.358425e-15 -2.664535e-15
4.548865e-01 5.249999833092e+00 4.776308e+00 4.736915e-01 -2.220446e-15 -3.053113e-15
4.540499e-01 5.249999835138e+00 4.767524e+00 4.824754e-01 -3.747003e-15 -3.635980e-15
4.532059e-01 5.249999837378e+00 4.758662e+00 4.913382e-01 -3.413936e-15 -3.524958e-15
4.523543e-01 5.249999839816e+00 4.749720e+00 5.002796e-01 -4.440892e-15 -2.359224e-15
4.514953e-01 5.249999842457e+00 4.740700e+00 5.092995e-01 -1.804112e-15 -3.413936e-15
4.506288e-01 5.249999845304e+00 4.731602e+00 5.183979e-01 -3.441691e-15 -3.247402e-15
4.497548e-01 5.249999848361e+00 4.722425e+00 5.275745e-01 -2.914335e-15 -1.748601e-15
4.488734e-01 5.249999851632e+00 4.713171e+00 5.368292e-01 -2.664535e-15 -2.581269e-15
4.479846e-01 5.249999855121e+00 4.703838e+00 5.461620e-01 -2.137179e-15 -1.998401e-15
4.470883e-01 5.249999858832e+00 4.694427e+00 5.555726e-01 -3.025358e-15 -2.747802e-15
4.461847e-01 5.249999862768e+00 4.684939e+00 5.650609e-01 -2.997602e-15 -2.192690e-15
4.452736e-01 5.249999866933e+00 4.675373e+00 5.746267e-01 -3.497203e-15 -4.579670e-15
4.443552e-01 5.249999871332e+00 4.665730e+00 5.842700e-01 -3.191891e-15 -2.969847e-15
4.434295e-01 5.249999875967e+00 4.656009e+00 5.939905e-01 -1.942890e-15 -4.246603e-15
4.424964e-01 5.249999880844e+00 4.646212e+00 6.037881e-01 -2.720046e-15 -3.858025e-15
4.415559e-01 5.249999885964e+00 4.636337e+00 6.136627e-01 -2.081668e-15 -3.358425e-15
4.406082e-01 5.249999891332e+00 4.626386e+00 6.236140e-01 -1.693090e-15 -5.412337e-15
4.396532e-01 5.249999896953e+00 4.616358e+00 6.336418e-01 -2.775558e-15 -4.163336e-16
4.386908e-01 5.249999902828e+00 4.606254e+00 6.437461e-01 -3.580469e-15 -3.386180e-15
4.377213e-01 5.249999908963e+00 4.596073e+00 6.539265e-01 -5.218048e-15 -3.469447e-15
4.367445e-01 5.249999915360e+00 4.585817e+00 6.641830e-01 -2.053913e-15 -4.468648e-15
4.357604e-01 5.249999922022e+00 4.575485e+00 6.745153e-01 -3.302913e-15 -3.275158e-15
4.347692e-01 5.249999928955e+00 4.565077e+00 6.849233e-01 -3.608225e-15 -2.858824e-15
4.337708e-01 5.249999936160e+00 4.554593e+00 6.954067e-01 -3.025358e-15 -3.774758e-15
4.327652e-01 5.249999943642e+00 4.544035e+00 7.059653e-01 -3.219647e-15 -4.246603e-15
4.317525e-01 5.249999951404e+00 4.533401e+00 7.165989e-01 -3.552714e-15 -6.661338e-16
4.307326e-01 5.249999959448e+00 4.522693e+00 7.273073e-01 -3.330669e-15 -1.998401e-15
4.297057e-01 5.249999967779e+00 4.511910e+00 7.380903e-01 -3.136380e-15 -2.498002e-15
4.286716e-01 5.249999976400e+00 4.501052e+00 7.489477e-01 -4.246603e-15 -3.164136e-15
4.276306e-01 5.249999985314e+00 4.490121e+00 7.598792e-01 -2.109424e-15 -2.997602e-15
4.265824e-01 5.249999994523e+00 4.479115e+00 7.708846e-01 -2.775558e-15 -3.885781e-15
4.255273e-01 5.250000004032e+00 4.468036e+00 7.819636e-01 -2.969847e-15 -3.053113e-15
4.244651e-01 5.250000013842e+00 4.456884e+00 7.931160e-01 -3.275158e-15 -7.660539e-15
4.233960e-01 5.250000023958e+00 4.445658e+00 8.043416e-01 -3.663736e-15 -4.662937e-15
4.223200e-01 5.250000034382e+00 4.434360e+00 8.156401e-01 -2.414735e-15 -4.163336e-15
4.212370e-01 5.250000045117e+00 4.422989e+00 8.270112e-01 -3.136380e-15 -2.775558e-15
4.201472e-01 5.250000056166e+00 4.411545e+00 8.384547e-01 -3.552714e-15 -3.885781e-15
4.190505e-01 5.250000067531e+00 4.400030e+00 8.499703e-01 -3.469447e-15 -2.109424e-15
4.179469e-01 5.250000079215e+00 4.388442e+00 8.615578e-01 -3.136380e-15 -4.440892e-15
4.168365e-01 5.250000091222e+00 4.376783e+00 8.732167e-01 -3.774758e-15 -1.054712e-15
4.157193e-01 5.250000103553e+00 4.365053e+00 8.849470e-01 -4.052314e-15 -3.774758e-15
4.145954e-01 5.250000116211e+00 4.353252e+00 8.967482e-01 -4.357625e-15 -5.662137e-15
4.134648e-01 5.250000129198e+00 4.341380e+00 9.086201e-01 -3.996803e-15 -4.218847e-15
4.123274e-01 5.250000142517e+00 4.329438e+00 9.205624e-01 -2.886580e-15 -3.552714e-15
4.111834e-01 5.250000156170e+00 4.317425e+00 9.325747e-01 -3.025358e-15 -1.831868e-15
4.100327e-01 5.250000170160e+00 4.305343e+00 9.446568e-01 -3.719247e-15 -5.051515e-15
4.088754e-01 5.250000184489e+00 4.293192e+00 9.568083e-01 -2.775558e-15 -3.441691e-15
4.077115e-01 5.250000199158e+00 4.280971e+00 9.690290e-01 -3.191891e-15 -3.663736e-15
4.065411e-01 5.250000214170e+00 4.268682e+00 9.813184e-01 -2.692291e-15 -2.331468e-15
4.053642e-01 5.250000229526e+00 4.256324e+00 9.936762e-01 -3.552714e-15 -2.831069e-15
4.041808e-01 5.250000245229e+00 4.243898e+00 1.006102e+00 -3.691492e-15 -2.831069e-15
4.029909e-01 5.250000261281e+00 4.231404e+00 1.018596e+00 -3.719247e-15 -4.385381e-15
4.017946e-01 5.250000277682e+00 4.218843e+00 1.031157e+00 -3.247402e-15 -5.662137e-15
4.005919e-01 5.250000294435e+00 4.206215e+00 1.043785e+00 -2.525757e-15 -4.884981e-15
3.993829e-01 5.250000311542e+00 4.193520e+00 1.056480e+00 -3.552714e-15 -3.219647e-15
3.981675e-01 5.250000329003e+00 4.180759e+00 1.069241e+00 -3.469447e-15 -2.220446e-15
3.969459e-01 5.250000346821e+00 4.167932e+00 1.082069e+00 -2.442491e-15 -4.607426e-15
3.957180e-01 5.250000364996e+00 4.155039e+00 1.094961e+00 -3.164136e-15 -4.773959e-15
3.944839e-01 5.250000383529e+00 4.142081e+00 1.107919e+00 -2.747802e-15 -4.940492e-15
3.932437e-01 5.250000402423e+00 4.129058e+00 1.120942e+00 -2.442491e-15 -4.551914e-15
3.919973e-01 5.250000421677e+00 4.115971e+00 1.134029e+00 -4.385381e-15 -5.107026e-15
3.907448e-01 5.250000441293e+00 4.102820e+00 1.147180e+00 -2.886580e-15 -4.829470e-15
3.894862e-01 5.250000461272e+00 4.089606e+00 1.160395e+00 -3.330669e-15 -4.163336e-15
3.882217e-01 5.250000481615e+00 4.076328e+00 1.173673e+00 -3.247402e-15 -3.663736e-15
3.869511e-01 5.250000502322e+00 4.062987e+00 1.187013e+00 -3.080869e-15 -2.997602e-15
3.856747e-01 5.250000523393e+00 4.049584e+00 1.200416e+00 -4.163336e-15 -5.218048e-15
3.843923e-01 5.250000544830e+00 4.036119e+00 1.213881e+00 -2.470246e-15 -5.051515e-15
3.831041e-01 5.250000566633e+00 4.022593e+00 1.227408e+00 -2.720046e-15 -3.719247e-15
3.818101e-01 5.250000588802e+00 4.009006e+00 1.240995e+00 -2.303713e-15 -2.442491e-15
3.805103e-01 5.250000611337e+00 3.995358e+00 1.254643e+00 -3.830269e-15 -5.051515e-15
3.792047e-01 5.250000634238e+00 3.981650e+00 1.268351e+00 -2.525757e-15 -7.105427e-15
3.778935e-01 5.250000657506e+00 3.967882e+00 1.282119e+00 -4.302114e-15 -5.218048e-15
3.765767e-01 5.250000681140e+00 3.954055e+00 1.295945e+00 -2.164935e-15 -5.107026e-15
3.752543e-01 5.250000705141e+00 3.940170e+00 1.309831e+00 -2.664535e-15 -4.884981e-15
3.739263e-01 5.250000729508e+00 3.926226e+00 1.323775e+00 -2.498002e-15 -4.940492e-15
3.725928e-01 5.250000754240e+00 3.912224e+00 1.337776e+00 -1.360023e-15 -3.885781e-15
3.712538e-01 5.250000779338e+00 3.898165e+00 1.351835e+00 -2.220446e-15 -6.161738e-15
3.699095e-01 5.250000804800e+00 3.884050e+00 1.365951e+00 -1.859624e-15 -3.941292e-15
3.685598e-01 5.250000830627e+00 3.869878e+00 1.380123e+00 -3.747003e-15 -4.551914e-15
3.672048e-01 5.250000856817e+00 3.855650e+00 1.394351e+00 -4.551914e-15 -4.496403e-15
3.658445e-01 5.250000883369e+00 3.841367e+00 1.408634e+00 -2.803313e-15 -3.830269e-15
3.644790e-01 5.250000910283e+00 3.827030e+00 1.422971e+00 -3.275158e-15 -5.329071e-15
3.631083e-01 5.250000937558e+00 3.812638e+00 1.437363e+00 -3.302913e-15 -5.162537e-15
3.617326e-01 5.250000965191e+00 3.798192e+00 1.451809e+00 -3.080869e-15 -4.773959e-15
3.603517e-01 5.250000993184e+00 3.783693e+00 1.466308e+00 -3.302913e-15 -3.164136e-15
3.589659e-01 5.250001021533e+00 3.769142e+00 1.480859e+00 -3.774758e-15 -4.662937e-15
3.575751e-01 5.250001050237e+00 3.754538e+00 1.495463e+00 -2.525757e-15 -5.884182e-15
3.561793e-01 5.250001079296e+00 3.739883e+00 1.510118e+00 -1.998401e-15 -6.883383e-15
3.547788e-01 5.250001108707e+00 3.725177e+00 1.524824e+00 -1.831868e-15 -6.328271e-15
3.533734e-01 5.250001138468e+00 3.710421e+00 1.539580e+00 -1.776357e-15 -7.882583e-15
3.519633e-01 5.250001168579e+00 3.695614e+00 1.554387e+00 -2.026157e-15 -5.107026e-15
3.505485e-01 5.250001199036e+00 3.680759e+00 1.569242e+00 -3.802514e-15 -3.108624e-15
3.491290e-01 5.250001229838e+00 3.665855e+00 1.584147e+00 -2.303713e-15 -5.717649e-15
3.477050e-01 5.250001260984e+00 3.650902e+00 1.599099e+00 -1.720846e-15 -7.882583e-15
3.462764e-01 5.250001292469e+00 3.635902e+00 1.614099e+00 -1.554312e-15 -3.996803e-15
3.448434e-01 5.250001324294e+00 3.620855e+00 1.629146e+00 -1.859624e-15 -6.161738e-15
3.434059e-01 5.250001356454e+00 3.605762e+00 1.644239e+00 -3.219647e-15 -6.550316e-15
3.419641e-01 5.250001388948e+00 3.590623e+00 1.659378e+00 -3.108624e-15 -4.274359e-15
3.405180e-01 5.250001421773e+00 3.575439e+00 1.674562e+00 -4.191092e-15 -7.382983e-15
3.390676e-01 5.250001454926e+00 3.560210e+00 1.689791e+00 -3.913536e-15 -6.883383e-15
3.376131e-01 5.250001488405e+00 3.544938e+00 1.705064e+00 -2.553513e-15 -9.769963e-15
3.361545e-01 5.250001522207e+00 3.529622e+00 1.720380e+00 -3.497203e-15 -5.495604e-15
3.346917e-01 5.250001556328e+00 3.514263e+00 1.735738e+00 -2.803313e-15 -7.160939e-15
3.332250e-01 5.250001590767e+00 3.498863e+00 1.751139e+00 -3.552714e-15 -5.773160e-15
3.317544e-01 5.250001625519e+00 3.483421e+00 1.766581e+00 -3.552714e-15 -8.326673e-15
3.302798e-01 5.250001660582e+00 3.467938e+00 1.782064e+00 -4.884981e-15 -6.938894e-15
3.288015e-01 5.250001695952e+00 3.452415e+00 1.797586e+00 -3.441691e-15 -5.717649e-15
3.273193e-01 5.250001731627e+00 3.436853e+00 1.813149e+00 -2.164935e-15 -4.884981e-15
3.258335e-01 5.250001767602e+00 3.421252e+00 1.828750e+00 -2.359224e-15 -8.826273e-15
3.243441e-01 5.250001803874e+00 3.405613e+00 1.844389e+00 -1.720846e-15 -5.995204e-15
3.228511e-01 5.250001840440e+00 3.389936e+00 1.860066e+00 -3.108624e-15 -7.660539e-15
3.213545e-01 5.250001877295e+00 3.374223e+00 1.875779e+00 -3.441691e-15 -8.160139e-15
3.198546e-01 5.250001914437e+00 3.358473e+00 1.891529e+00 -3.330669e-15 -4.607426e-15
3.183512e-01 5.250001951862e+00 3.342688e+00 1.907314e+00 -2.942091e-15 -5.551115e-15
3.168446e-01 5.250001989564e+00 3.326868e+00 1.923134e+00 -2.942091e-15 -7.549517e-15
3.153347e-01 5.250002027542e+00 3.311014e+00 1.938988e+00 -2.248202e-15 -6.106227e-15
3.138216e-01 5.250002065790e+00 3.295127e+00 1.954875e+00 -3.164136e-15 -6.827872e-15
3.123054e-01 5.250002104304e+00 3.279207e+00 1.970796e+00 -3.164136e-15 -4.662937e-15
3.107861e-01 5.250002143081e+00 3.263254e+00 1.986748e+00 -4.662937e-15 -8.437695e-15
3.092639e-01 5.250002182116e+00 3.247271e+00 2.002731e+00 -2.914335e-15 -8.437695e-15
3.077388e-01 5.250002221404e+00 3.231257e+00 2.018745e+00 -3.663736e-15 -5.440093e-15
3.062108e-01 5.250002260943e+00 3.215213e+00 2.034789e+00 -1.582068e-15 -9.214851e-15
3.046800e-01 5.250002300726e+00 3.199140e+00 2.050862e+00 -2.081668e-15 -7.716050e-15
3.031465e-01 5.250002340750e+00 3.183038e+00 2.066964e+00 -3.774758e-15 -1.021405e-14
3.016104e-01 5.250002381010e+00 3.166909e+00 2.083093e+00 -1.415534e-15 -6.883383e-15
3.000717e-01 5.250002421501e+00 3.150753e+00 2.099250e+00 -3.219647e-15 -7.105427e-15
2.985305e-01 5.250002462220e+00 3.134570e+00 2.115433e+00 -2.997602e-15 -9.436896e-15
2.969868e-01 5.250002503161e+00 3.118361e+00 2.131641e+00 -3.302913e-15 -1.160183e-14
2.954408e-01 5.250002544319e+00 3.102128e+00 2.147874e+00 -2.498002e-15 -6.772360e-15
2.938925e-01 5.250002585690e+00 3.085871e+00 2.164131e+00 -2.664535e-15 -8.160139e-15
2.923419e-01 5.250002627269e+00 3.069590e+00 2.180412e+00 -2.359224e-15 -6.716849e-15
2.907893e-01 5.250002669051e+00 3.053287e+00 2.196715e+00 -3.302913e-15 -1.182388e-14
2.892345e-01 5.250002711032e+00 3.036962e+00 2.213041e+00 -2.081668e-15 -6.938894e-15
2.876777e-01 5.250002753205e+00 3.020616e+00 2.229387e+00 -2.553513e-15 -8.160139e-15
2.861190e-01 5.250002795567e+00 3.004249e+00 2.245754e+00 -2.220446e-15 -7.549517e-15
2.845583e-01 5.250002838112e+00 2.987863e+00 2.262140e+00 -3.663736e-15 -3.719247e-15
2.829959e-01 5.250002880836e+00 2.971457e+00 2.278545e+00 -2.609024e-15 -7.271961e-15
2.814318e-01 5.250002923732e+00 2.955034e+00 2.294969e+00 -2.275957e-15 -7.771561e-15
2.798660e-01 5.250002966797e+00 2.938593e+00 2.311410e+00 -2.775558e-15 -8.715251e-15
2.782987e-01 5.250003010025e+00 2.922136e+00 2.327867e+00 -1.970646e-15 -8.992806e-15
2.767298e-01 5.250003053411e+00 2.905663e+00 2.344340e+00 -1.665335e-15 -6.550316e-15
2.751595e-01 5.250003096949e+00 2.889174e+00 2.360829e+00 -2.886580e-15 -6.383782e-15
2.735878e-01 5.250003140634e+00 2.872672e+00 2.377331e+00 -1.720846e-15 -4.607426e-15
2.720148e-01 5.250003184462e+00 2.856156e+00 2.393847e+00 -1.970646e-15 -8.104628e-15
2.704407e-01 5.250003228427e+00 2.839627e+00 2.410376e+00 -2.248202e-15 -9.436896e-15
2.688653e-01 5.250003272524e+00 2.823086e+00 2.426917e+00 -1.609823e-15 -8.104628e-15
2.672889e-01 5.250003316747e+00 2.806534e+00 2.443469e+00 -3.191891e-15 -8.437695e-15
2.657115e-01 5.250003361092e+00 2.789971e+00 2.460032e+00 -1.526557e-15 -5.051515e-15
2.641332e-01 5.250003405553e+00 2.773399e+00 2.476604e+00 -1.332268e-15 -6.772360e-15
2.625541e-01 5.250003450124e+00 2.756818e+00 2.493186e+00 -1.665335e-15 -6.383782e-15
2.609742e-01 5.250003494801e+00 2.740229e+00 2.509775e+00 -1.665335e-15 -4.052314e-15
2.593935e-01 5.250003539578e+00 2.723632e+00 2.526371e+00 -2.636780e-15 -6.050715e-15
2.578123e-01 5.250003584450e+00 2.707029e+00 2.542974e+00 -1.304512e-15 -7.494005e-15
2.562305e-01 5.250003629411e+00 2.690420e+00 2.559583e+00 -9.436896e-16 -7.327472e-15
2.546482e-01 5.250003674457e+00 2.673806e+00 2.576197e+00 -2.553513e-15 -7.827072e-15
2.530656e-01 5.250003719582e+00 2.657189e+00 2.592815e+00 -1.915135e-15 -8.326673e-15
2.514826e-01 5.250003764781e+00 2.640567e+00 2.609437e+00 -2.275957e-15 -6.050715e-15
2.498994e-01 5.250003810048e+00 2.623943e+00 2.626061e+00 -2.275957e-15 -7.771561e-15
2.483159e-01 5.250003855379e+00 2.607317e+00 2.642686e+00 -1.082467e-15 -6.827872e-15
2.467324e-01 5.250003900768e+00 2.590691e+00 2.659313e+00 -1.110223e-15 -6.328271e-15
2.451489e-01 5.250003946209e+00 2.574064e+00 2.675940e+00 -2.053913e-15 -7.216450e-15
2.435654e-01 5.250003991699e+00 2.557437e+00 2.692567e+00 -2.192690e-15 -6.716849e-15
2.419821e-01 5.250004037231e+00 2.540812e+00 2.709192e+00 -2.553513e-15 -8.992806e-15
2.403990e-01 5.250004082801e+00 2.524189e+00 2.725815e+00 -1.526557e-15 -5.995204e-15
2.388161e-01 5.250004128403e+00 2.507569e+00 2.742435e+00 -1.998401e-15 -4.829470e-15
2.372336e-01 5.250004174032e+00 2.490953e+00 2.759051e+00 -3.330669e-15 -4.607426e-15
2.356515e-01 5.250004219683e+00 2.474341e+00 2.775663e+00 -2.109424e-15 -6.383782e-15
2.340700e-01 5.250004265351e+00 2.457734e+00 2.792270e+00 -6.106227e-16 -8.881784e-15
2.324890e-01 5.250004311032e+00 2.441134e+00 2.808870e+00 -1.609823e-15 -6.272760e-15
2.309086e-01 5.250004356720e+00 2.424541e+00 2.825464e+00 -5.273559e-16 -6.827872e-15
2.293290e-01 5.250004402410e+00 2.407955e+00 2.842049e+00 -9.714451e-16 -5.384582e-15
2.277502e-01 5.250004448097e+00 2.391378e+00 2.858627e+00 -2.442491e-15 -1.088019e-14
2.261723e-01 5.250004493777e+00 2.374810e+00 2.875195e+00 -1.082467e-15 -9.214851e-15
2.245954e-01 5.250004539444e+00 2.358252e+00 2.891753e+00 -1.471046e-15 -6.328271e-15
2.230195e-01 5.250004585094e+00 2.341705e+00 2.908300e+00 -1.526557e-15 -3.219647e-15
2.214447e-01 5.250004630722e+00 2.325169e+00 2.924836e+00 -1.804112e-15 -7.049916e-15
2.198711e-01 5.250004676324e+00 2.308646e+00 2.941359e+00 -2.442491e-15 -6.772360e-15
2.182987e-01 5.250004721895e+00 2.292136e+00 2.957869e+00 -6.106227e-16 -6.328271e-15
2.167277e-01 5.250004767429e+00 2.275640e+00 2.974364e+00 -1.609823e-15 -3.830269e-15
2.151580e-01 5.250004812923e+00 2.259159e+00 2.990845e+00 -7.494005e-16 -4.940492e-15
2.135899e-01 5.250004858373e+00 2.242694e+00 3.007311e+00 -2.220446e-16 -9.714451e-15
2.120233e-01 5.250004903772e+00 2.226245e+00 3.023760e+00 -3.330669e-16 -8.215650e-15
2.104584e-01 5.250004949118e+00 2.209813e+00 3.040192e+00 -1.942890e-16 -5.717649e-15
2.088951e-01 5.250004994406e+00 2.193399e+00 3.056606e+00 3.608225e-16 -6.439294e-15
2.073337e-01 5.250005039632e+00 2.177004e+00 3.073001e+00 -2.775558e-16 -5.551115e-15
2.057741e-01 5.250005084791e+00 2.160628e+00 3.089377e+00 3.053113e-16 -6.883383e-15
2.042164e-01 5.250005129878e+00 2.144272e+00 3.105733e+00 -5.551115e-16 -4.551914e-15
2.026607e-01 5.250005174891e+00 2.127938e+00 3.122067e+00 -3.053113e-16 -1.032507e-14
2.011071e-01 5.250005219825e+00 2.111625e+00 3.138380e+00 -1.221245e-15 -6.439294e-15
1.995557e-01 5.250005264676e+00 2.095335e+00 3.154670e+00 3.885781e-16 -1.121325e-14
1.980065e-01 5.250005309439e+00 2.079068e+00 3.170937e+00 -1.665335e-16 -6.994405e-15
1.964596e-01 5.250005354112e+00 2.062825e+00 3.187180e+00 -4.163336e-16 -7.105427e-15
1.949150e-01 5.250005398689e+00 2.046608e+00 3.203398e+00 -1.415534e-15 -4.996004e-15
1.933729e-01 5.250005443169e+00 2.030416e+00 3.219590e+00 -1.415534e-15 -5.662137e-15
1.918333e-01 5.250005487545e+00 2.014250e+00 3.235756e+00 -9.436896e-16 -1.010303e-14
1.902963e-01 5.250005531816e+00 1.998111e+00 3.251894e+00 -1.221245e-15 -5.884182e-15
1.887620e-01 5.250005575978e+00 1.982001e+00 3.268005e+00 1.665335e-16 -7.771561e-15
1.872304e-01 5.250005620026e+00 1.965919e+00 3.284087e+00 -1.776357e-15 -5.218048e-15
1.857016e-01 5.250005663958e+00 1.949867e+00 3.300139e+00 -6.383782e-16 -4.884981e-15
1.841757e-01 5.250005707771e+00 1.933845e+00 3.316161e+00 -2.525757e-15 -4.884981e-15
1.826527e-01 5.250005751460e+00 1.917853e+00 3.332152e+00 -1.165734e-15 -3.663736e-15
1.811328e-01 5.250005795022e+00 1.901894e+00 3.348112e+00 -1.221245e-15 -4.107825e-15
1.796159e-01 5.250005838455e+00 1.885967e+00 3.364039e+00 -2.775558e-16 -9.658940e-15
1.781022e-01 5.250005881755e+00 1.870073e+00 3.379933e+00 -1.776357e-15 -9.547918e-15
1.765917e-01 5.250005924920e+00 1.854213e+00 3.395793e+00 -1.026956e-15 -3.552714e-15
1.750846e-01 5.250005967946e+00 1.838388e+00 3.411618e+00 -1.304512e-15 -6.661338e-15
1.735808e-01 5.250006010830e+00 1.822598e+00 3.427408e+00 -1.637579e-15 -4.440892e-15
1.720805e-01 5.250006053570e+00 1.806845e+00 3.443161e+00 -8.881784e-16 -8.992806e-15
1.705836e-01 5.250006096163e+00 1.791128e+00 3.458878e+00 -2.275957e-15 -4.218847e-15
1.690904e-01 5.250006138605e+00 1.775449e+00 3.474557e+00 -7.771561e-16 -6.439294e-15
1.676008e-01 5.250006180896e+00 1.759808e+00 3.490198e+00 -9.714451e-16 -7.327472e-15
1.661149e-01 5.250006223031e+00 1.744207e+00 3.505800e+00 -4.440892e-16 -6.328271e-15
1.646328e-01 5.250006265008e+00 1.728645e+00 3.521362e+00 -1.471046e-15 -4.884981e-15
1.631546e-01 5.250006306826e+00 1.713123e+00 3.536883e+00 -3.885781e-16 -7.327472e-15
1.616803e-01 5.250006348481e+00 1.697643e+00 3.552363e+00 -2.498002e-16 -2.997602e-15
1.602100e-01 5.250006389972e+00 1.682205e+00 3.567801e+00 -7.771561e-16 -4.329870e-15
1.587438e-01 5.250006431296e+00 1.666809e+00 3.583197e+00 -1.165734e-15 -7.549517e-15
1.572816e-01 5.250006472451e+00 1.651457e+00 3.598549e+00 -8.049117e-16 -2.775558e-15
1.558237e-01 5.250006513435e+00 1.636149e+00 3.613857e+00 -1.221245e-15 2.220446e-16
1.543701e-01 5.250006554246e+00 1.620886e+00 3.629121e+00 -1.221245e-15 -4.773959e-15
1.529207e-01 5.250006594882e+00 1.605668e+00 3.644339e+00 -6.938894e-16 2.220446e-16
1.514758e-01 5.250006635341e+00 1.590496e+00 3.659511e+00 -8.326673e-16 -2.331468e-15
1.500353e-01 5.250006675622e+00 1.575371e+00 3.674636e+00 -8.881784e-16 -5.551115e-15
1.485994e-01 5.250006715722e+00 1.560294e+00 3.689713e+00 -1.415534e-15 -3.774758e-15
1.471681e-01 5.250006755640e+00 1.545265e+00 3.704742e+00 -1.165734e-15 -3.330669e-16
1.457414e-01 5.250006795375e+00 1.530284e+00 3.719723e+00 -6.938894e-16 -4.440892e-15
1.443194e-01 5.250006834925e+00 1.515354e+00 3.734653e+00 -1.110223e-15 -1.110223e-16
1.429022e-01 5.250006874289e+00 1.500473e+00 3.749534e+00 -6.938894e-16 -2.664535e-15
1.414899e-01 5.250006913464e+00 1.485643e+00 3.764363e+00 -1.110223e-16 -2.775558e-15
1.400824e-01 5.250006952450e+00 1.470866e+00 3.779141e+00 -8.049117e-16 1.776357e-15
1.386800e-01 5.250006991246e+00 1.456140e+00 3.793867e+00 -4.302114e-16 4.440892e-16
1.372826e-01 5.250007029850e+00 1.441467e+00 3.808540e+00 -4.024558e-16 -3.774758e-15
1.358903e-01 5.250007068262e+00 1.426848e+00 3.823159e+00 -1.110223e-16 -4.773959e-15
1.345031e-01 5.250007106479e+00 1.412283e+00 3.837724e+00 -3.191891e-16 -2.997602e-15
1.331212e-01 5.250007144502e+00 1.397773e+00 3.852234e+00 -8.604228e-16 -5.662137e-15
1.317446e-01 5.250007182329e+00 1.383318e+00 3.866689e+00 -5.551115e-16 -3.108624e-15
1.303733e-01 5.250007219959e+00 1.368920e+00 3.881087e+00 -4.163336e-16 -5.884182e-15
1.290075e-01 5.250007257391e+00 1.354578e+00 3.895429e+00 -1.013079e-15 -1.665335e-15
1.276471e-01 5.250007294625e+00 1.340294e+00 3.909713e+00 -9.436896e-16 -2.664535e-15
1.262922e-01 5.250007331661e+00 1.326068e+00 3.923939e+00 -1.124101e-15 -6.661338e-16
1.249430e-01 5.250007368496e+00 1.311901e+00 3.938106e+00 -1.124101e-15 -1.221245e-15
1.235993e-01 5.250007405132e+00 1.297793e+00 3.952214e+00 -8.604228e-16 -8.104628e-15
1.222615e-01 5.250007441566e+00 1.283745e+00 3.966262e+00 -8.465451e-16 -3.330669e-15
1.209293e-01 5.250007477800e+00 1.269758e+00 3.980250e+00 -1.110223e-15 -2.220446e-16
1.196030e-01 5.250007513831e+00 1.255832e+00 3.994176e+00 -9.298118e-16 2.442491e-15
1.182826e-01 5.250007549661e+00 1.241968e+00 4.008040e+00 -4.718448e-16 -2.775558e-15
1.169682e-01 5.250007585288e+00 1.228166e+00 4.021842e+00 -1.110223e-15 -3.774758e-15
1.156597e-01 5.250007620713e+00 1.214427e+00 4.035581e+00 -7.771561e-16 -6.106227e-15
1.143573e-01 5.250007655934e+00 1.200752e+00 4.049256e+00 -1.582068e-15 2.109424e-15
1.130611e-01 5.250007690953e+00 1.187141e+00 4.062866e+00 -6.661338e-16 -2.997602e-15
1.117710e-01 5.250007725769e+00 1.173595e+00 4.076412e+00 -4.857226e-16 1.221245e-15
1.104871e-01 5.250007760381e+00 1.160115e+00 4.089893e+00 -2.081668e-16 -3.663736e-15
1.092096e-01 5.250007794790e+00 1.146700e+00 4.103307e+00 -5.828671e-16 1.110223e-15
1.079383e-01 5.250007828996e+00 1.133352e+00 4.116655e+00 -3.747003e-16 5.884182e-15
1.066735e-01 5.250007862998e+00 1.120072e+00 4.129936e+00 -6.661338e-16 0.000000e+00
1.054151e-01 5.250007896798e+00 1.106859e+00 4.143149e+00 -1.457168e-15 -1.998401e-15
1.041633e-01 5.250007930394e+00 1.093715e+00 4.156293e+00 -1.318390e-15 1.110223e-16
1.029180e-01 5.250007963788e+00 1.080639e+00 4.169369e+00 -6.938894e-16 -3.330669e-15
1.016793e-01 5.250007996979e+00 1.067633e+00 4.182375e+00 -9.575674e-16 -3.330669e-16
1.004474e-01 5.250008029968e+00 1.054697e+00 4.195311e+00 -4.302114e-16 6.106227e-15
9.922210e-02 5.250008062755e+00 1.041832e+00 4.208176e+00 -1.082467e-15 2.442491e-15
9.800361e-02 5.250008095340e+00 1.029038e+00 4.220970e+00 -1.054712e-15 -1.110223e-16
9.679197e-02 5.250008127725e+00 1.016316e+00 4.233692e+00 -4.440892e-16 -2.220446e-15
9.558721e-02 5.250008159908e+00 1.003666e+00 4.246342e+00 -1.013079e-15 2.220446e-16
9.438938e-02 5.250008191891e+00 9.910885e-01 4.258920e+00 -1.637579e-15 1.887379e-15
9.319855e-02 5.250008223674e+00 9.785848e-01 4.271423e+00 -6.383782e-16 1.443290e-15
9.201477e-02 5.250008255257e+00 9.661550e-01 4.283853e+00 -8.604228e-16 -3.663736e-15
9.083807e-02 5.250008286642e+00 9.537998e-01 4.296209e+00 -1.110223e-15 7.438494e-15
8.966852e-02 5.250008317829e+00 9.415195e-01 4.308489e+00 -2.775558e-16 -2.331468e-15
8.850617e-02 5.250008348817e+00 9.293148e-01 4.320694e+00 -1.429412e-15 2.664535e-15
8.735106e-02 5.250008379609e+00 9.171862e-01 4.332822e+00 -1.221245e-15 -5.773160e-15
8.620325e-02 5.250008410204e+00 9.051341e-01 4.344874e+00 -1.373901e-15 1.887379e-15
8.506279e-02 5.250008440604e+00 8.931593e-01 4.356849e+00 -1.318390e-15 4.440892e-16
8.392972e-02 5.250008470808e+00 8.812620e-01 4.368746e+00 -4.440892e-16 -2.442491e-15
8.280409e-02 5.250008500819e+00 8.694429e-01 4.380566e+00 -1.346145e-15 -6.106227e-15
8.168596e-02 5.250008530635e+00 8.577026e-01 4.392306e+00 -1.193490e-15 1.332268e-15
8.057537e-02 5.250008560259e+00 8.460413e-01 4.403967e+00 -1.110223e-15 -1.332268e-15
7.947236e-02 5.250008589691e+00 8.344598e-01 4.415549e+00 -8.187895e-16 -1.665335e-15
7.837700e-02 5.250008618932e+00 8.229585e-01 4.427050e+00 -7.216450e-16 -2.331468e-15
7.728932e-02 5.250008647983e+00 8.115379e-01 4.438471e+00 -5.551115e-16 5.551115e-16
7.620937e-02 5.250008676844e+00 8.001984e-01 4.449810e+00 -2.359224e-16 -2.553513e-15
7.513720e-02 5.250008705516e+00 7.889406e-01 4.461068e+00 -9.714451e-16 2.220446e-16
7.407286e-02 5.250008734001e+00 7.777651e-01 4.472244e+00 -7.355228e-16 3.108624e-15
7.301639e-02 5.250008762298e+00 7.666721e-01 4.483337e+00 -8.326673e-17 -2.997602e-15
7.196784e-02 5.250008790410e+00 7.556623e-01 4.494346e+00 -7.355228e-16 4.662937e-15
7.092725e-02 5.250008818337e+00 7.447361e-01 4.505273e+00 -3.608225e-16 0.000000e+00
6.989467e-02 5.250008846080e+00 7.338940e-01 4.516115e+00 0.000000e+00 -1.110223e-16
6.887015e-02 5.250008873640e+00 7.231365e-01 4.526872e+00 -3.330669e-16 2.220446e-16
6.785372e-02 5.250008901018e+00 7.124641e-01 4.537545e+00 -6.661338e-16 6.661338e-15
6.684544e-02 5.250008928214e+00 7.018771e-01 4.548132e+00 -1.179612e-15 5.551115e-16
6.584534e-02 5.250008955231e+00 6.913761e-01 4.558633e+00 -8.187895e-16 -6.439294e-15
6.485348e-02 5.250008982068e+00 6.809615e-01 4.569047e+00 -6.383782e-16 3.330669e-16
6.386989e-02 5.250009008728e+00 6.706339e-01 4.579375e+00 -6.800116e-16 -4.107825e-15
6.289462e-02 5.250009035210e+00 6.603935e-01 4.589615e+00 -5.551115e-16 1.332268e-15
6.192772e-02 5.250009061516e+00 6.502410e-01 4.599768e+00 -4.718448e-16 -2.553513e-15
6.096921e-02 5.250009087648e+00 6.401767e-01 4.609832e+00 -2.081668e-16 -1.110223e-16
6.001916e-02 5.250009113605e+00 6.302011e-01 4.619808e+00 -2.498002e-16 3.663736e-15
5.907759e-02 5.250009139390e+00 6.203147e-01 4.629694e+00 -2.636780e-16 1.998401e-15
5.814456e-02 5.250009165003e+00 6.105178e-01 4.639491e+00 -6.661338e-16 -3.663736e-15
5.722009e-02 5.250009190445e+00 6.008110e-01 4.649198e+00 -4.718448e-16 -1.332268e-15
5.630424e-02 5.250009215717e+00 5.911946e-01 4.658815e+00 -2.359224e-16 -2.664535e-15
5.539705e-02 5.250009240821e+00 5.816690e-01 4.668340e+00 -6.106227e-16 -1.332268e-15
5.449856e-02 5.250009265758e+00 5.722348e-01 4.677774e+00 -5.273559e-16 1.554312e-15
5.360880e-02 5.250009290529e+00 5.628924e-01 4.687117e+00 -3.747003e-16 -3.330669e-15
5.272781e-02 5.250009315134e+00 5.536420e-01 4.696367e+00 -7.910339e-16 2.331468e-15
5.185565e-02 5.250009339575e+00 5.444843e-01 4.705525e+00 -9.436896e-16 -4.329870e-15
5.099234e-02 5.250009363853e+00 5.354196e-01 4.714590e+00 -7.355228e-16 -2.442491e-15
5.013793e-02 5.250009387970e+00 5.264482e-01 4.723561e+00 -1.110223e-15 -1.110223e-16
4.929245e-02 5.250009411926e+00 5.175707e-01 4.732439e+00 -9.714451e-16 -3.885781e-15
4.845595e-02 5.250009435722e+00 5.087874e-01 4.741222e+00 -5.412337e-16 -3.219647e-15
4.762846e-02 5.250009459360e+00 5.000988e-01 4.749911e+00 -7.910339e-16 -2.553513e-15
4.681002e-02 5.250009482841e+00 4.915052e-01 4.758504e+00 -7.494005e-16 8.881784e-16
4.600067e-02 5.250009506166e+00 4.830071e-01 4.767002e+00 -5.967449e-16 2.442491e-15
4.520045e-02 5.250009529336e+00 4.746048e-01 4.775405e+00 -5.828671e-16 1.221245e-15
4.440940e-02 5.250009552352e+00 4.662987e-01 4.783711e+00 -4.718448e-16 -3.441691e-15
4.362755e-02 5.250009575216e+00 4.580893e-01 4.791920e+00 -6.245005e-16 -1.443290e-15
4.285494e-02 5.250009597928e+00 4.499769e-01 4.800033e+00 -6.661338e-16 6.661338e-16
4.209161e-02 5.250009620491e+00 4.419619e-01 4.808048e+00 -4.579670e-16 -5.884182e-15
4.133759e-02 5.250009642904e+00 4.340447e-01 4.815965e+00 -8.326673e-16 5.440093e-15
4.059292e-02 5.250009665169e+00 4.262257e-01 4.823784e+00 -1.026956e-15 -2.220446e-15
3.985764e-02 5.250009687288e+00 4.185052e-01 4.831504e+00 -1.804112e-16 9.992007e-16
3.913178e-02 5.250009709261e+00 4.108837e-01 4.839126e+00 -1.124101e-15 1.998401e-15
3.841538e-02 5.250009731090e+00 4.033615e-01 4.846648e+00 -5.551115e-16 -5.551115e-16
3.770847e-02 5.250009752775e+00 3.959389e-01 4.854071e+00 -5.828671e-16 3.996803e-15
3.701109e-02 5.250009774319e+00 3.886165e-01 4.861393e+00 -6.383782e-16 3.108624e-15
3.632328e-02 5.250009795722e+00 3.813944e-01 4.868615e+00 -5.134781e-16 3.330669e-15
3.564506e-02 5.250009816985e+00 3.742732e-01 4.875737e+00 -9.714451e-17 8.881784e-16
3.497648e-02 5.250009838110e+00 3.672531e-01 4.882757e+00 -3.191891e-16 9.992007e-16
3.431757e-02 5.250009859097e+00 3.603345e-01 4.889675e+00 -7.494005e-16 -1.443290e-15
3.366836e-02 5.250009879948e+00 3.535178e-01 4.896492e+00 -7.910339e-16 -6.661338e-15
3.302889e-02 5.250009900663e+00 3.468033e-01 4.903207e+00 -4.996004e-16 -1.776357e-15
3.239918e-02 5.250009921245e+00 3.401914e-01 4.909819e+00 -3.885781e-16 -6.661338e-16
3.177928e-02 5.250009941694e+00 3.336824e-01 4.916328e+00 -4.787837e-16 -3.330669e-16
3.116921e-02 5.250009962010e+00 3.272768e-01 4.922733e+00 -6.453171e-16 -3.330669e-16
3.056902e-02 5.250009982196e+00 3.209747e-01 4.929035e+00 -7.008283e-16 -5.995204e-15
2.997873e-02 5.250010002252e+00 3.147766e-01 4.935233e+00 -3.400058e-16 3.330669e-16
2.939837e-02 5.250010022180e+00 3.086829e-01 4.941327e+00 -2.706169e-16 -2.220446e-16
2.882798e-02 5.250010041979e+00 3.026938e-01 4.947316e+00 -9.992007e-16 -7.105427e-15
2.826759e-02 5.250010061651e+00 2.968097e-01 4.953200e+00 -5.898060e-16 3.441691e-15
2.771723e-02 5.250010081198e+00 2.910309e-01 4.958979e+00 -7.216450e-16 6.661338e-16
2.717694e-02 5.250010100619e+00 2.853578e-01 4.964652e+00 -5.967449e-16 -7.771561e-16
2.664674e-02 5.250010119916e+00 2.797907e-01 4.970219e+00 -4.440892e-16 7.216450e-15
2.612666e-02 5.250010139089e+00 2.743300e-01 4.975680e+00 -4.996004e-16 -3.330669e-15
2.561675e-02 5.250010158139e+00 2.689759e-01 4.981034e+00 -5.481726e-16 4.551914e-15
2.511702e-02 5.250010177067e+00 2.637287e-01 4.986281e+00 -4.163336e-16 3.330669e-16
2.462751e-02 5.250010195874e+00 2.585889e-01 4.991421e+00 -7.008283e-16 1.110223e-16
2.414826e-02 5.250010214560e+00 2.535567e-01 4.996454e+00 -5.412337e-16 2.553513e-15
2.367928e-02 5.250010233125e+00 2.486324e-01 5.001378e+00 -6.036838e-16 1.554312e-15
2.322061e-02 5.250010251571e+00 2.438164e-01 5.006194e+00 -5.551115e-16 -1.443290e-15
2.277228e-02 5.250010269896e+00 2.391090e-01 5.010901e+00 -7.077672e-16 3.219647e-15
2.233433e-02 5.250010288102e+00 2.345104e-01 5.015500e+00 -5.828671e-16 5.107026e-15
2.190677e-02 5.250010306189e+00 2.300211e-01 5.019989e+00 -7.147061e-16 2.331468e-15
2.148964e-02 5.250010324157e+00 2.256413e-01 5.024369e+00 -5.759282e-16 -3.663736e-15
2.108297e-02 5.250010342006e+00 2.213712e-01 5.028639e+00 -8.326673e-16 6.661338e-15
2.068679e-02 5.250010359735e+00 2.172113e-01 5.032799e+00 -7.008283e-16 -2.331468e-15
2.030112e-02 5.250010377345e+00 2.131618e-01 5.036849e+00 -4.787837e-16 2.553513e-15
1.992600e-02 5.250010394835e+00 2.092230e-01 5.040787e+00 -8.118506e-16 -6.661338e-15
1.956145e-02 5.250010412205e+00 2.053953e-01 5.044615e+00 -7.008283e-16 -5.662137e-15
1.920751e-02 5.250010429455e+00 2.016788e-01 5.048332e+00 -4.232725e-16 0.000000e+00
1.886419e-02 5.250010446583e+00 1.980740e-01 5.051936e+00 -3.538836e-16 -1.998401e-15
1.853153e-02 5.250010463588e+00 1.945810e-01 5.055429e+00 -5.967449e-16 2.220446e-16
1.820955e-02 5.250010480470e+00 1.912003e-01 5.058810e+00 -6.453171e-16 -2.220446e-15
1.789828e-02 5.250010497228e+00 1.879320e-01 5.062079e+00 -7.840950e-16 -3.108624e-15
1.759776e-02 5.250010513861e+00 1.847764e-01 5.065234e+00 -5.689893e-16 3.885781e-15
1.730800e-02 5.250010530366e+00 1.817339e-01 5.068277e+00 -5.759282e-16 -3.996803e-15
1.702903e-02 5.250010546742e+00 1.788048e-01 5.071206e+00 -7.147061e-16 -1.110223e-16
1.676088e-02 5.250010562988e+00 1.759892e-01 5.074021e+00 -7.216450e-16 2.331468e-15
1.650357e-02 5.250010579101e+00 1.732875e-01 5.076723e+00 -8.604228e-16 -1.110223e-15
1.625714e-02 5.250010595079e+00 1.707000e-01 5.079311e+00 -6.314393e-16 1.998401e-15
1.602161e-02 5.250010610921e+00 1.682269e-01 5.081784e+00 -5.412337e-16 -7.993606e-15
1.579699e-02 5.250010626622e+00 1.658684e-01 5.084142e+00 -6.106227e-16 -1.998401e-15
1.558333e-02 5.250010642181e+00 1.636250e-01 5.086386e+00 -7.077672e-16 -1.221245e-15
1.538064e-02 5.250010657595e+00 1.614967e-01 5.088514e+00 -6.453171e-16 -1.110223e-16
1.518895e-02 5.250010672860e+00 1.594840e-01 5.090527e+00 -6.591949e-16 0.000000e+00
1.500828e-02 5.250010687974e+00 1.575869e-01 5.092424e+00 -7.077672e-16 2.220446e-16
1.483866e-02 5.250010702931e+00 1.558059e-01 5.094205e+00 -6.106227e-16 -5.995204e-15
1.468011e-02 5.250010717729e+00 1.541411e-01 5.095870e+00 -6.453171e-16 -4.329870e-15
1.453265e-02 5.250010732362e+00 1.525929e-01 5.097418e+00 -5.551115e-16 -2.109424e-15
1.439632e-02 5.250010746828e+00 1.511613e-01 5.098849e+00 -6.800116e-16 -5.662137e-15
1.427113e-02 5.250010761121e+00 1.498468e-01 5.100164e+00 -6.383782e-16 2.220446e-16
1.415710e-02 5.250010775236e+00 1.486495e-01 5.101361e+00 -6.106227e-16 0.000000e+00
1.405426e-02 5.250010789168e+00 1.475697e-01 5.102441e+00 -7.216450e-16 6.661338e-16
1.396263e-02 5.250010802912e+00 1.466077e-01 5.103403e+00 -6.487866e-16 -1.110223e-16
1.388224e-02 5.250010816462e+00 1.457635e-01 5.104247e+00 -6.765422e-16 -5.551115e-16
1.381310e-02 5.250010829812e+00 1.450376e-01 5.104973e+00 -7.181755e-16 -1.887379e-15
1.375524e-02 5.250010842957e+00 1.444300e-01 5.105581e+00 -6.002143e-16 -5.551115e-15
1.370867e-02 5.250010855888e+00 1.439411e-01 5.106070e+00 -6.557255e-16 -4.884981e-15
1.367343e-02 5.250010868600e+00 1.435710e-01 5.106440e+00 -6.696033e-16 -5.551115e-15
1.364952e-02 5.250010881086e+00 1.433199e-01 5.106691e+00 -6.210310e-16 -4.218847e-15
1.363697e-02 5.250010893338e+00 1.431882e-01 5.106823e+00 -6.973588e-16 -4.662937e-15
1.363580e-02 5.250010905349e+00 1.431759e-01 5.106835e+00 -7.494005e-16 -2.886580e-15
1.364603e-02 5.250010917112e+00 1.432833e-01 5.106728e+00 -7.008283e-16 -6.661338e-16
1.366768e-02 5.250010928617e+00 1.435106e-01 5.106500e+00 -6.730727e-16 -1.776357e-15
1.370076e-02 5.250010939857e+00 1.438580e-01 5.106153e+00 -7.806256e-16 2.220446e-15
1.374529e-02 5.250010950823e+00 1.443256e-01 5.105685e+00 -7.459311e-16 -8.548717e-15
1.380130e-02 5.250010961506e+00 1.449137e-01 5.105097e+00 -7.528700e-16 -2.442491e-15
1.386880e-02 5.250010971897e+00 1.456224e-01 5.104389e+00 -7.702172e-16 -5.662137e-15
1.394780e-02 5.250010981988e+00 1.464519e-01 5.103559e+00 -7.979728e-16 -7.660539e-15
1.403833e-02 5.250010991767e+00 1.474024e-01 5.102609e+00 -6.591949e-16 -4.440892e-15
1.414039e-02 5.250011001226e+00 1.484741e-01 5.101537e+00 -6.557255e-16 -8.770762e-15
1.425401e-02 5.250011010355e+00 1.496671e-01 5.100344e+00 -7.147061e-16 3.330669e-16
1.437919e-02 5.250011019142e+00 1.509815e-01 5.099029e+00 -7.216450e-16 -2.109424e-15
1.451596e-02 5.250011027579e+00 1.524176e-01 5.097593e+00 -7.251144e-16 -9.103829e-15
1.466432e-02 5.250011035653e+00 1.539754e-01 5.096036e+00 -7.320533e-16 -3.774758e-15
1.482430e-02 5.250011043355e+00 1.556551e-01 5.094356e+00 -6.279699e-16 8.881784e-16
1.499589e-02 5.250011050674e+00 1.574569e-01 5.092554e+00 -6.175616e-16 -1.110223e-16
1.517912e-02 5.250011057597e+00 1.593808e-01 5.090630e+00 -7.459311e-16 -7.105427e-15
1.537399e-02 5.250011064115e+00 1.614269e-01 5.088584e+00 -7.702172e-16 -6.550316e-15
1.558052e-02 5.250011070215e+00 1.635955e-01 5.086416e+00 -6.262352e-16 -7.216450e-15
1.579872e-02 5.250011075886e+00 1.658866e-01 5.084125e+00 -7.129713e-16 -4.329870e-15
1.602859e-02 5.250011081117e+00 1.683002e-01 5.081711e+00 -4.406198e-16 2.886580e-15
1.627015e-02 5.250011085895e+00 1.708365e-01 5.079175e+00 -6.661338e-16 -2.109424e-15
1.652339e-02 5.250011090209e+00 1.734956e-01 5.076515e+00 -5.342948e-16 -4.996004e-15
1.678834e-02 5.250011094047e+00 1.762776e-01 5.073734e+00 -7.754214e-16 -2.220446e-15
1.706499e-02 5.250011097397e+00 1.791824e-01 5.070829e+00 -7.025630e-16 -8.770762e-15
1.735336e-02 5.250011100247e+00 1.822103e-01 5.067801e+00 -5.863365e-16 -5.218048e-15
1.765344e-02 5.250011102586e+00 1.853611e-01 5.064650e+00 -7.546047e-16 -6.661338e-16
1.796524e-02 5.250011104400e+00 1.886351e-01 5.061376e+00 -7.684825e-16 -6.217249e-15
1.828877e-02 5.250011105680e+00 1.920321e-01 5.057979e+00 -6.453171e-16 -4.329870e-15
1.862402e-02 5.250011106411e+00 1.955523e-01 5.054459e+00 -4.753142e-16 7.771561e-16
1.897101e-02 5.250011106584e+00 1.991956e-01 5.050816e+00 -5.915407e-16 -5.662137e-15
1.932972e-02 5.250011106185e+00 2.029621e-01 5.047049e+00 -8.179221e-16 -1.776357e-15
1.970016e-02 5.250011105205e+00 2.068517e-01 5.043159e+00 -5.447032e-16 -2.775558e-15
2.008233e-02 5.250011103630e+00 2.108645e-01 5.039147e+00 -4.172010e-16 -7.438494e-15
2.047623e-02 5.250011101450e+00 2.150004e-01 5.035011e+00 -7.051651e-16 -7.771561e-15
2.088185e-02 5.250011098654e+00 2.192595e-01 5.030752e+00 -6.253678e-16 -8.770762e-15
2.129920e-02 5.250011095231e+00 2.236415e-01 5.026370e+00 -5.741935e-16 -5.329071e-15
2.172825e-02 5.250011091170e+00 2.281467e-01 5.021864e+00 -6.088879e-16 -3.663736e-15
2.216902e-02 5.250011086461e+00 2.327747e-01 5.017236e+00 -6.006480e-16 -5.662137e-15
2.262149e-02 5.250011081093e+00 2.375257e-01 5.012485e+00 -6.041175e-16 -1.110223e-15
2.308566e-02 5.250011075057e+00 2.423994e-01 5.007612e+00 -3.447763e-16 -5.218048e-15
2.356152e-02 5.250011068343e+00 2.473959e-01 5.002615e+00 -4.783500e-16 -2.775558e-15
2.404905e-02 5.250011060941e+00 2.525150e-01 4.997496e+00 -7.630615e-16 -8.326673e-15
2.454825e-02 5.250011052843e+00 2.577566e-01 4.992254e+00 -7.706509e-16 1.998401e-15
2.505910e-02 5.250011044040e+00 2.631206e-01 4.986890e+00 -5.097377e-16 -5.107026e-15
2.558160e-02 5.250011034524e+00 2.686068e-01 4.981404e+00 -6.520392e-16 -5.551115e-16
2.611572e-02 5.250011024287e+00 2.742151e-01 4.975796e+00 -6.153932e-16 -4.440892e-15
2.666146e-02 5.250011013321e+00 2.799453e-01 4.970066e+00 -7.225123e-16 6.661338e-16
2.721879e-02 5.250011001619e+00 2.857973e-01 4.964214e+00 -8.049117e-16 3.663736e-15
2.778771e-02 5.250010989176e+00 2.917709e-01 4.958240e+00 -1.067722e-15 2.220446e-16
2.836818e-02 5.250010975983e+00 2.978659e-01 4.952145e+00 -4.427882e-16 -4.551914e-15
2.896020e-02 5.250010962037e+00 3.040821e-01 4.945929e+00 -6.088879e-16 -6.994405e-15
2.956373e-02 5.250010947332e+00 3.104192e-01 4.939592e+00 -5.455705e-16 -1.665335e-15
3.017877e-02 5.250010931862e+00 3.168770e-01 4.933134e+00 -7.745540e-16 -2.664535e-15
3.080528e-02 5.250010915625e+00 3.234554e-01 4.926556e+00 -5.290907e-16 -2.331468e-15
3.144324e-02 5.250010898616e+00 3.301540e-01 4.919857e+00 -8.491471e-16 -3.108624e-15
3.209262e-02 5.250010880831e+00 3.369725e-01 4.913038e+00 -6.418477e-16 -3.441691e-15
3.275341e-02 5.250010862270e+00 3.439108e-01 4.906100e+00 -8.101159e-16 -5.329071e-15
3.342556e-02 5.250010842928e+00 3.509684e-01 4.899042e+00 -5.672546e-16 6.661338e-16
3.410906e-02 5.250010822806e+00 3.581451e-01 4.891866e+00 -6.921547e-16 -6.106227e-15
3.480387e-02 5.250010801902e+00 3.654407e-01 4.884570e+00 -5.169476e-16 -1.176836e-14
3.550996e-02 5.250010780215e+00 3.728546e-01 4.877156e+00 -4.475587e-16 4.440892e-16
3.622730e-02 5.250010757746e+00 3.803867e-01 4.869624e+00 -6.886852e-16 -5.884182e-15
3.695585e-02 5.250010734495e+00 3.880365e-01 4.861974e+00 -1.018283e-15 1.110223e-15
3.769558e-02 5.250010710465e+00 3.958036e-01 4.854207e+00 -6.106227e-16 -4.218847e-15
3.844646e-02 5.250010685656e+00 4.036878e-01 4.846323e+00 -5.499073e-16 -1.110223e-16
3.920844e-02 5.250010660071e+00 4.116886e-01 4.838322e+00 -7.389922e-16 -1.887379e-15
3.998148e-02 5.250010633714e+00 4.198056e-01 4.830205e+00 -7.060325e-16 -7.771561e-15
4.076556e-02 5.250010606588e+00 4.280384e-01 4.821972e+00 -5.724587e-16 2.220446e-15
4.156062e-02 5.250010578696e+00 4.363865e-01 4.813624e+00 -8.101159e-16 5.551115e-16
4.236662e-02 5.250010550044e+00 4.448495e-01 4.805161e+00 -8.049117e-16 3.330669e-16
4.318352e-02 5.250010520637e+00 4.534270e-01 4.796584e+00 -6.834810e-16 -4.551914e-15
4.401128e-02 5.250010490481e+00 4.621185e-01 4.787892e+00 -1.026956e-15 4.440892e-16
4.484986e-02 5.250010459582e+00 4.709235e-01 4.779087e+00 -8.534840e-16 -5.551115e-16
4.569919e-02 5.250010427946e+00 4.798415e-01 4.770169e+00 -7.147061e-16 -2.220446e-15
4.655924e-02 5.250010395581e+00 4.888720e-01 4.761138e+00 -4.336809e-16 -3.663736e-15
4.742996e-02 5.250010362496e+00 4.980146e-01 4.751996e+00 -3.989864e-16 -2.331468e-15
4.831129e-02 5.250010328697e+00 5.072686e-01 4.742742e+00 -6.661338e-16 -3.885781e-15
4.920320e-02 5.250010294193e+00 5.166335e-01 4.733377e+00 -4.406198e-16 4.107825e-15
5.010561e-02 5.250010258995e+00 5.261089e-01 4.723901e+00 -7.910339e-16 4.440892e-16
5.101848e-02 5.250010223111e+00 5.356941e-01 4.714316e+00 -5.516421e-16 -4.884981e-15
5.194176e-02 5.250010186551e+00 5.453885e-01 4.704622e+00 -9.020562e-16 1.887379e-15
5.287540e-02 5.250010149326e+00 5.551916e-01 4.694819e+00 -5.308254e-16 -1.110223e-16
5.381932e-02 5.250010111446e+00 5.651029e-01 4.684907e+00 -5.863365e-16 2.331468e-15
5.477348e-02 5.250010072923e+00 5.751215e-01 4.674889e+00 -6.557255e-16 1.332268e-15
5.573782e-02 5.250010033767e+00 5.852471e-01 4.664763e+00 -7.875645e-16 1.110223e-16
5.671228e-02 5.250009993990e+00 5.954789e-01 4.654531e+00 -8.500145e-16 -5.551115e-16
5.769679e-02 5.250009953605e+00 6.058163e-01 4.644194e+00 -8.812395e-16 -3.330669e-16
5.869130e-02 5.250009912622e+00 6.162587e-01 4.633751e+00 -7.494005e-16 3.330669e-16
5.969575e-02 5.250009871056e+00 6.268054e-01 4.623204e+00 -5.620504e-16 4.440892e-15
6.071007e-02 5.250009828918e+00 6.374557e-01 4.612554e+00 -5.481726e-16 2.442491e-15
6.173419e-02 5.250009786221e+00 6.482090e-01 4.601801e+00 -4.926615e-16 2.331468e-15
6.276806e-02 5.250009742978e+00 6.590646e-01 4.590945e+00 -3.816392e-16 -2.109424e-15
6.381160e-02 5.250009699202e+00 6.700218e-01 4.579988e+00 -9.228729e-16 2.997602e-15
6.486476e-02 5.250009654907e+00 6.810800e-01 4.568930e+00 -3.469447e-16 6.661338e-16
6.592745e-02 5.250009610105e+00 6.922383e-01 4.557771e+00 -4.961309e-16 4.440892e-16
6.699962e-02 5.250009564810e+00 7.034960e-01 4.546514e+00 -4.510281e-16 -1.998401e-15
6.808120e-02 5.250009519035e+00 7.148526e-01 4.535157e+00 -9.089951e-16 7.771561e-16
6.917210e-02 5.250009472794e+00 7.263071e-01 4.523702e+00 -6.036838e-16 -5.440093e-15
7.027228e-02 5.250009426099e+00 7.378589e-01 4.512151e+00 -6.314393e-16 -5.662137e-15
7.138164e-02 5.250009378965e+00 7.495073e-01 4.500502e+00 -8.673617e-16 -3.552714e-15
7.250013e-02 5.250009331404e+00 7.612514e-01 4.488758e+00 -5.620504e-16 -3.441691e-15
7.362767e-02 5.250009283431e+00 7.730905e-01 4.476919e+00 -6.730727e-16 -6.772360e-15
7.476418e-02 5.250009235057e+00 7.850239e-01 4.464985e+00 -1.360023e-15 -1.887379e-15
7.590959e-02 5.250009186295e+00 7.970507e-01 4.452958e+00 -1.075529e-15 -6.106227e-15
7.706383e-02 5.250009137160e+00 8.091702e-01 4.440839e+00 -7.702172e-16 -3.108624e-15
7.822682e-02 5.250009087663e+00 8.213817e-01 4.428627e+00 -7.632783e-16 -2.331468e-15
7.939849e-02 5.250009037817e+00 8.336842e-01 4.416325e+00 -4.024558e-16 -6.328271e-15
8.057876e-02 5.250008987634e+00 8.460769e-01 4.403932e+00 -7.563394e-16 -2.220446e-15
8.176755e-02 5.250008937127e+00 8.585592e-01 4.391450e+00 -8.743006e-16 -3.441691e-15
8.296478e-02 5.250008886307e+00 8.711302e-01 4.378879e+00 -1.193490e-15 -5.773160e-15
8.417038e-02 5.250008835186e+00 8.837890e-01 4.366220e+00 -1.040834e-15 2.220446e-15
8.538427e-02 5.250008783776e+00 8.965348e-01 4.353474e+00 -9.367507e-16 7.771561e-16
8.660637e-02 5.250008732087e+00 9.093669e-01 4.340642e+00 -1.734723e-16 3.996803e-15
8.783660e-02 5.250008680132e+00 9.222843e-01 4.327724e+00 -4.093947e-16 7.771561e-16
8.907488e-02 5.250008627919e+00 9.352862e-01 4.314722e+00 -2.012279e-16 3.330669e-16
9.032113e-02 5.250008575460e+00 9.483718e-01 4.301637e+00 -3.538836e-16 -2.109424e-15
9.157527e-02 5.250008522765e+00 9.615403e-01 4.288468e+00 -2.220446e-16 3.441691e-15
9.283721e-02 5.250008469844e+00 9.747907e-01 4.275218e+00 -8.604228e-16 -5.551115e-15
9.410689e-02 5.250008416705e+00 9.881223e-01 4.261886e+00 -6.245005e-16 3.330669e-16
9.538421e-02 5.250008363359e+00 1.001534e+00 4.248474e+00 -3.191891e-16 -3.441691e-15
9.666909e-02 5.250008309814e+00 1.015025e+00 4.234983e+00 -1.471046e-15 8.881784e-16
9.796145e-02 5.250008256078e+00 1.028595e+00 4.221413e+00 -1.464107e-15 -1.998401e-15
9.926121e-02 5.250008202161e+00 1.042243e+00 4.207766e+00 -8.812395e-16 -1.110223e-15
1.005683e-01 5.250008148069e+00 1.055967e+00 4.194041e+00 -8.326673e-16 -3.330669e-16
1.018826e-01 5.250008093810e+00 1.069767e+00 4.180241e+00 -2.081668e-16 -1.776357e-15
1.032040e-01 5.250008039392e+00 1.083642e+00 4.166366e+00 -7.216450e-16 -9.992007e-16
1.045325e-01 5.250007984822e+00 1.097592e+00 4.152416e+00 -9.783840e-16 -4.773959e-15
1.058680e-01 5.250007930106e+00 1.111614e+00 4.138394e+00 -1.040834e-15 5.107026e-15
1.072104e-01 5.250007875251e+00 1.125709e+00 4.124299e+00 -5.342948e-16 -1.998401e-15
1.085596e-01 5.250007820263e+00 1.139876e+00 4.110132e+00 -1.734723e-16 2.886580e-15
1.099155e-01 5.250007765148e+00 1.154113e+00 4.095895e+00 -1.068590e-15 -2.109424e-15
1.112780e-01 5.250007709911e+00 1.168419e+00 4.081588e+00 -4.163336e-17 -3.330669e-16
1.126471e-01 5.250007654558e+00 1.182795e+00 4.067213e+00 -1.075529e-15 -4.662937e-15
1.140227e-01 5.250007599093e+00 1.197238e+00 4.052769e+00 -5.065393e-16 2.331468e-15
1.154046e-01 5.250007543522e+00 1.211749e+00 4.038259e+00 -1.255940e-15 4.107825e-15
1.167929e-01 5.250007487848e+00 1.226325e+00 4.023682e+00 -1.207368e-15 5.107026e-15
1.181873e-01 5.250007432078e+00 1.240967e+00 4.009041e+00 -9.228729e-16 3.552714e-15
1.195879e-01 5.250007376213e+00 1.255672e+00 3.994335e+00 -1.325329e-15 3.219647e-15
1.209944e-01 5.250007320259e+00 1.270442e+00 3.979566e+00 -1.255940e-15 -4.440892e-16
1.224070e-01 5.250007264219e+00 1.285273e+00 3.964734e+00 -1.020017e-15 -1.332268e-15
1.238253e-01 5.250007208097e+00 1.300166e+00 3.949841e+00 -5.620504e-16 2.331468e-15
1.252495e-01 5.250007151896e+00 1.315120e+00 3.934887e+00 -8.812395e-16 2.664535e-15
1.266793e-01 5.250007095619e+00 1.330133e+00 3.919874e+00 -4.510281e-16 4.773959e-15
1.281148e-01 5.250007039269e+00 1.345205e+00 3.904802e+00 -5.620504e-16 -3.330669e-16
1.295557e-01 5.250006982849e+00 1.360335e+00 3.889672e+00 -9.853229e-16 -3.330669e-16
1.310020e-01 5.250006926363e+00 1.375521e+00 3.874486e+00 -1.047773e-15 -2.553513e-15
1.324537e-01 5.250006869813e+00 1.390764e+00 3.859243e+00 -8.673617e-16 2.109424e-15
1.339106e-01 5.250006813201e+00 1.406061e+00 3.843945e+00 -6.522560e-16 2.442491e-15
1.353727e-01 5.250006756530e+00 1.421413e+00 3.828594e+00 -1.054712e-15 1.998401e-15
1.368398e-01 5.250006699803e+00 1.436818e+00 3.813189e+00 -9.228729e-16 2.109424e-15
1.383119e-01 5.250006643022e+00 1.452275e+00 3.797732e+00 -7.216450e-16 2.220446e-15
1.397888e-01 5.250006586189e+00 1.467783e+00 3.782224e+00 -9.714451e-16 -1.110223e-16
1.412706e-01 5.250006529307e+00 1.483341e+00 3.766665e+00 -1.276756e-15 6.661338e-16
1.427571e-01 5.250006472378e+00 1.498949e+00 3.751057e+00 -1.457168e-15 1.998401e-15
1.442481e-01 5.250006415404e+00 1.514605e+00 3.735401e+00 -5.689893e-16 -1.998401e-15
1.457437e-01 5.250006358388e+00 1.530309e+00 3.719697e+00 -1.401657e-15 -2.664535e-15
1.472438e-01 5.250006301332e+00 1.546059e+00 3.703947e+00 -9.853229e-16 4.440892e-16
1.487481e-01 5.250006244239e+00 1.561855e+00 3.688151e+00 -1.582068e-15 2.553513e-15
1.502567e-01 5.250006187111e+00 1.577696e+00 3.672310e+00 5.134781e-16 6.661338e-16
1.517695e-01 5.250006129949e+00 1.593580e+00 3.656426e+00 -4.302114e-16 -2.886580e-15
1.532864e-01 5.250006072758e+00 1.609507e+00 3.640499e+00 -6.938894e-16 -1.443290e-15
1.548072e-01 5.250006015538e+00 1.625476e+00 3.624530e+00 4.163336e-17 2.331468e-15
1.563319e-01 5.250005958293e+00 1.641485e+00 3.608521e+00 -5.273559e-16 2.997602e-15
1.578605e-01 5.250005901026e+00 1.657535e+00 3.592471e+00 -1.249001e-16 5.551115e-15
1.593927e-01 5.250005843738e+00 1.673623e+00 3.576383e+00 -5.273559e-16 8.881784e-16
1.609285e-01 5.250005786433e+00 1.689750e+00 3.560256e+00 -2.498002e-16 -3.885781e-15
1.624679e-01 5.250005729114e+00 1.705913e+00 3.544093e+00 -1.262879e-15 -6.661338e-16
1.640107e-01 5.250005671782e+00 1.722112e+00 3.527893e+00 1.387779e-16 -3.330669e-15
1.655568e-01 5.250005614442e+00 1.738347e+00 3.511659e+00 -1.165734e-15 0.000000e+00
1.671062e-01 5.250005557097e+00 1.754615e+00 3.495390e+00 -4.857226e-16 -2.997602e-15
1.686588e-01 5.250005499748e+00 1.770917e+00 3.479088e+00 -8.049117e-16 -1.554312e-15
1.702144e-01 5.250005442400e+00 1.787251e+00 3.462754e+00 -4.996004e-16 -4.218847e-15
1.717730e-01 5.250005385057e+00 1.803616e+00 3.446389e+00 -2.775558e-16 1.554312e-15
1.733345e-01 5.250005327720e+00 1.820012e+00 3.429993e+00 -1.942890e-16 2.664535e-15
1.748987e-01 5.250005270394e+00 1.836437e+00 3.413568e+00 -1.249001e-16 -4.440892e-16
1.764657e-01 5.250005213082e+00 1.852890e+00 3.397115e+00 -5.273559e-16 2.775558e-15
1.780353e-01 5.250005155788e+00 1.869371e+00 3.380635e+00 -8.326673e-16 2.331468e-15
1.796074e-01 5.250005098515e+00 1.885878e+00 3.364128e+00 -1.387779e-17 -3.108624e-15
1.811819e-01 5.250005041267e+00 1.902410e+00 3.347595e+00 -6.106227e-16 -8.881784e-16
1.827588e-01 5.250004984049e+00 1.918967e+00 3.331038e+00 -8.326673e-16 -2.997602e-15
1.843379e-01 5.250004926863e+00 1.935547e+00 3.314457e+00 -1.082467e-15 -8.881784e-16
1.859191e-01 5.250004869715e+00 1.952151e+00 3.297854e+00 -7.216450e-16 2.886580e-15
1.875024e-01 5.250004812608e+00 1.968775e+00 3.281230e+00 -9.298118e-16 3.108624e-15
1.890877e-01 5.250004755546e+00 1.985420e+00 3.264584e+00 -2.220446e-16 1.221245e-15
1.906748e-01 5.250004698533e+00 2.002085e+00 3.247919e+00 -7.910339e-16 1.110223e-16
1.922637e-01 5.250004641575e+00 2.018769e+00 3.231236e+00 5.412337e-16 6.772360e-15
1.938543e-01 5.250004584674e+00 2.035470e+00 3.214534e+00 -4.440892e-16 6.772360e-15
1.954465e-01 5.250004527836e+00 2.052188e+00 3.197816e+00 -8.881784e-16 1.665335e-15
1.970402e-01 5.250004471065e+00 2.068922e+00 3.181082e+00 -2.775558e-17 -5.551115e-16
1.986353e-01 5.250004414366e+00 2.085671e+00 3.164333e+00 4.996004e-16 5.440093e-15
2.002318e-01 5.250004357743e+00 2.102434e+00 3.147571e+00 -9.714451e-16 2.442491e-15
2.018295e-01 5.250004301201e+00 2.119209e+00 3.130795e+00 -1.623701e-15 -5.551115e-16
2.034283e-01 5.250004244745e+00 2.135997e+00 3.114007e+00 -2.636780e-16 5.551115e-15
2.050281e-01 5.250004188379e+00 2.152795e+00 3.097209e+00 -3.191891e-16 5.218048e-15
2.066289e-01 5.250004132109e+00 2.169604e+00 3.080400e+00 -8.187895e-16 2.442491e-15
2.082306e-01 5.250004075939e+00 2.186421e+00 3.063583e+00 -3.885781e-16 6.661338e-16
2.098331e-01 5.250004019874e+00 2.203247e+00 3.046757e+00 1.942890e-16 3.441691e-15
2.114362e-01 5.250003963919e+00 2.220080e+00 3.029924e+00 -1.151856e-15 3.663736e-15
2.130399e-01 5.250003908080e+00 2.236919e+00 3.013085e+00 -2.498002e-16 5.551115e-16
2.146441e-01 5.250003852362e+00 2.253763e+00 2.996240e+00 4.163336e-17 6.217249e-15
2.162488e-01 5.250003796769e+00 2.270612e+00 2.979392e+00 -2.220446e-16 -3.330669e-16
2.178537e-01 5.250003741307e+00 2.287464e+00 2.962540e+00 -1.942890e-15 2.775558e-15
2.194589e-01 5.250003685981e+00 2.304318e+00 2.945685e+00 -1.137979e-15 -1.665335e-15
2.210642e-01 5.250003630797e+00 2.321174e+00 2.928829e+00 -7.216450e-16 5.551115e-16
2.226696e-01 5.250003575760e+00 2.338031e+00 2.911973e+00 -6.938894e-16 -9.992007e-16
2.242749e-01 5.250003520876e+00 2.354886e+00 2.895117e+00 3.885781e-16 3.330669e-15
2.258801e-01 5.250003466149e+00 2.371741e+00 2.878262e+00 -1.471046e-15 -8.881784e-16
2.274851e-01 5.250003411587e+00 2.388593e+00 2.861410e+00 -3.053113e-16 4.551914e-15
2.290897e-01 5.250003357194e+00 2.405442e+00 2.844561e+00 -8.881784e-16 9.992007e-16
2.306940e-01 5.250003302977e+00 2.422287e+00 2.827716e+00 -1.013079e-15 6.661338e-16
2.322978e-01 5.250003248940e+00 2.439127e+00 2.810877e+00 7.216450e-16 1.776357e-15
2.339010e-01 5.250003195091e+00 2.455960e+00 2.794043e+00 3.469447e-16 1.554312e-15
2.355035e-01 5.250003141435e+00 2.472787e+00 2.777216e+00 -1.262879e-15 -1.110223e-16
2.371053e-01 5.250003087978e+00 2.489606e+00 2.760398e+00 -3.885781e-16 3.996803e-15
2.387062e-01 5.250003034727e+00 2.506415e+00 2.743588e+00 2.636780e-16 4.440892e-15
2.403063e-01 5.250002981688e+00 2.523216e+00 2.726787e+00 -1.540434e-15 1.221245e-15
2.419053e-01 5.250002928867e+00 2.540005e+00 2.709998e+00 -1.137979e-15 9.992007e-16
2.435032e-01 5.250002876270e+00 2.556783e+00 2.693220e+00 -2.359224e-16 1.776357e-15
2.450999e-01 5.250002823905e+00 2.573549e+00 2.676454e+00 1.387779e-16 9.992007e-16
2.466953e-01 5.250002771779e+00 2.590301e+00 2.659702e+00 1.221245e-15 2.331468e-15
2.482894e-01 5.250002719897e+00 2.607039e+00 2.642964e+00 -6.106227e-16 3.663736e-15
2.498820e-01 5.250002668268e+00 2.623761e+00 2.626241e+00 4.440892e-16 -7.771561e-16
2.514732e-01 5.250002616897e+00 2.640468e+00 2.609535e+00 8.604228e-16 1.665335e-15
2.530626e-01 5.250002565793e+00 2.657158e+00 2.592845e+00 3.747003e-16 -1.776357e-15
2.546504e-01 5.250002514963e+00 2.673830e+00 2.576173e+00 -3.053113e-16 2.220446e-15
2.562365e-01 5.250002464414e+00 2.690483e+00 2.559520e+00 -6.938894e-17 2.553513e-15
2.578206e-01 5.250002414154e+00 2.707116e+00 2.542886e+00 3.469447e-16 6.661338e-16
2.594028e-01 5.250002364190e+00 2.723730e+00 2.526273e+00 1.498801e-15 3.996803e-15
2.609830e-01 5.250002314531e+00 2.740321e+00 2.509681e+00 7.910339e-16 1.776357e-15
2.625610e-01 5.250002265185e+00 2.756891e+00 2.493111e+00 1.304512e-15 5.329071e-15
2.641369e-01 5.250002216159e+00 2.773438e+00 2.476565e+00 2.498002e-16 0.000000e+00
2.657105e-01 5.250002167463e+00 2.789960e+00 2.460042e+00 -5.551115e-16 4.107825e-15
2.672817e-01 5.250002119104e+00 2.806458e+00 2.443544e+00 1.082467e-15 3.330669e-15
2.688505e-01 5.250002071091e+00 2.822931e+00 2.427071e+00 2.498002e-16 4.329870e-15
2.704168e-01 5.250002023434e+00 2.839377e+00 2.410625e+00 1.290634e-15 2.331468e-15
2.719805e-01 5.250001976140e+00 2.855795e+00 2.394207e+00 -2.914335e-16 2.664535e-15
2.735415e-01 5.250001929219e+00 2.872186e+00 2.377816e+00 3.608225e-16 -5.551115e-16
2.750998e-01 5.250001882680e+00 2.888548e+00 2.361454e+00 1.443290e-15 5.218048e-15
2.766552e-01 5.250001836532e+00 2.904880e+00 2.345122e+00 9.159340e-16 5.551115e-16
2.782078e-01 5.250001790784e+00 2.921182e+00 2.328820e+00 9.436896e-16 -5.551115e-16
2.797573e-01 5.250001745447e+00 2.937452e+00 2.312550e+00 8.604228e-16 2.886580e-15
2.813038e-01 5.250001700530e+00 2.953690e+00 2.296312e+00 -6.938894e-17 2.997602e-15
2.828472e-01 5.250001656042e+00 2.969895e+00 2.280106e+00 8.881784e-16 6.217249e-15
2.843873e-01 5.250001611994e+00 2.986067e+00 2.263935e+00 1.512679e-15 1.221245e-15
2.859242e-01 5.250001568395e+00 3.002204e+00 2.247797e+00 5.134781e-16 1.887379e-15
2.874578e-01 5.250001525255e+00 3.018307e+00 2.231695e+00 8.743006e-16 1.554312e-15
2.889879e-01 5.250001482585e+00 3.034373e+00 2.215629e+00 1.276756e-15 1.332268e-15
2.905145e-01 5.250001440394e+00 3.050402e+00 2.199599e+00 1.526557e-16 2.775558e-15
2.920375e-01 5.250001398693e+00 3.066394e+00 2.183607e+00 1.082467e-15 -4.440892e-16
2.935570e-01 5.250001357492e+00 3.082348e+00 2.167653e+00 -6.938894e-17 2.220446e-16
2.950727e-01 5.250001316801e+00 3.098263e+00 2.151738e+00 1.651457e-15 6.661338e-16
2.965846e-01 5.250001276631e+00 3.114139e+00 2.135863e+00 3.330669e-16 2.109424e-15
2.980927e-01 5.250001236992e+00 3.129974e+00 2.120028e+00 3.053113e-16 2.775558e-15
2.995969e-01 5.250001197894e+00 3.145768e+00 2.104233e+00 1.332268e-15 2.886580e-15
3.010972e-01 5.250001159348e+00 3.161520e+00 2.088481e+00 1.804112e-15 2.220446e-16
3.025934e-01 5.250001121364e+00 3.177230e+00 2.072771e+00 1.526557e-15 3.552714e-15
3.040855e-01 5.250001083952e+00 3.192897e+00 2.057104e+00 8.604228e-16 -4.440892e-16
3.055734e-01 5.250001047122e+00 3.208521e+00 2.041481e+00 1.582068e-15 -2.664535e-15
3.070571e-01 5.250001010885e+00 3.224099e+00 2.025902e+00 1.054712e-15 3.330669e-15
3.085365e-01 5.250000975250e+00 3.239633e+00 2.010368e+00 8.326673e-16 1.887379e-15
3.100116e-01 5.250000940227e+00 3.255122e+00 1.994879e+00 1.776357e-15 2.109424e-15
3.114823e-01 5.250000905826e+00 3.270564e+00 1.979437e+00 1.748601e-15 3.663736e-15
3.129485e-01 5.250000872057e+00 3.285959e+00 1.964042e+00 1.720846e-15 3.108624e-15
3.144101e-01 5.250000838928e+00 3.301306e+00 1.948694e+00 1.637579e-15 4.107825e-15
3.158672e-01 5.250000806450e+00 3.316606e+00 1.933395e+00 1.609823e-15 3.330669e-16
3.173197e-01 5.250000774631e+00 3.331857e+00 1.918144e+00 2.359224e-15 2.553513e-15
3.187675e-01 5.250000743480e+00 3.347059e+00 1.902942e+00 1.748601e-15 -5.551115e-16
3.202105e-01 5.250000713006e+00 3.362210e+00 1.887790e+00 -2.775558e-17 2.553513e-15
3.216488e-01 5.250000683217e+00 3.377312e+00 1.872689e+00 1.165734e-15 -6.661338e-16
3.230822e-01 5.250000654121e+00 3.392363e+00 1.857638e+00 1.887379e-15 -2.220446e-16
3.245107e-01 5.250000625726e+00 3.407362e+00 1.842639e+00 2.331468e-15 4.440892e-15
3.259342e-01 5.250000598039e+00 3.422309e+00 1.827691e+00 1.720846e-15 1.776357e-15
3.273528e-01 5.250000571067e+00 3.437204e+00 1.812797e+00 2.331468e-15 3.441691e-15
3.287663e-01 5.250000544818e+00 3.452046e+00 1.797955e+00 9.992007e-16 1.998401e-15
3.301747e-01 5.250000519297e+00 3.466835e+00 1.783166e+00 2.636780e-15 3.996803e-15
3.315780e-01 5.250000494510e+00 3.481569e+00 1.768431e+00 2.414735e-15 1.887379e-15
3.329761e-01 5.250000470463e+00 3.496249e+00 1.753751e+00 2.109424e-15 3.552714e-15
3.343690e-01 5.250000447162e+00 3.510875e+00 1.739125e+00 2.248202e-15 3.108624e-15
3.357567e-01 5.250000424610e+00 3.525445e+00 1.724555e+00 2.747802e-15 3.552714e-15
3.371390e-01 5.250000402813e+00 3.539960e+00 1.710040e+00 2.747802e-15 1.998401e-15
3.385160e-01 5.250000381773e+00 3.554419e+00 1.695582e+00 1.804112e-15 3.663736e-15
3.398877e-01 5.250000361495e+00 3.568821e+00 1.681180e+00 1.304512e-15 5.107026e-15
3.412539e-01 5.250000341980e+00 3.583166e+00 1.666834e+00 1.998401e-15 1.332268e-15
3.426147e-01 5.250000323231e+00 3.597454e+00 1.652546e+00 1.748601e-15 4.329870e-15
3.439700e-01 5.250000305250e+00 3.611685e+00 1.638316e+00 2.386980e-15 3.330669e-15
3.453197e-01 5.250000288038e+00 3.625857e+00 1.624143e+00 1.249001e-15 4.218847e-15
3.466639e-01 5.250000271596e+00 3.639971e+00 1.610029e+00 2.164935e-15 2.997602e-15
3.480026e-01 5.250000255923e+00 3.654027e+00 1.595973e+00 -4.718448e-16 3.663736e-15
3.493356e-01 5.250000241018e+00 3.668024e+00 1.581976e+00 1.304512e-15 1.332268e-15
3.506630e-01 5.250000226881e+00 3.681961e+00 1.568039e+00 1.276756e-15 4.884981e-15
3.519847e-01 5.250000213510e+00 3.695839e+00 1.554161e+00 2.553513e-15 4.107825e-15
3.533007e-01 5.250000200902e+00 3.709658e+00 1.540342e+00 2.914335e-15 2.886580e-15
3.546111e-01 5.250000189054e+00 3.723416e+00 1.526584e+00 2.386980e-15 5.662137e-15
3.559156e-01 5.250000177963e+00 3.737114e+00 1.512886e+00 2.553513e-15 5.440093e-15
3.572144e-01 5.250000167623e+00 3.750751e+00 1.499249e+00 2.081668e-15 4.773959e-15
3.585074e-01 5.250000158030e+00 3.764328e+00 1.485672e+00 8.881784e-16 4.052314e-15
3.597947e-01 5.250000149179e+00 3.777844e+00 1.472156e+00 2.192690e-15 6.050715e-15
3.610760e-01 5.250000141062e+00 3.791298e+00 1.458702e+00 2.775558e-15 6.328271e-15
3.623516e-01 5.250000133673e+00 3.804692e+00 1.445309e+00 2.386980e-15 1.776357e-15
3.636212e-01 5.250000127003e+00 3.818023e+00 1.431977e+00 3.164136e-15 5.051515e-15
3.648850e-01 5.250000121046e+00 3.831293e+00 1.418707e+00 3.136380e-15 7.771561e-16
3.661429e-01 5.250000115790e+00 3.844501e+00 1.405499e+00 4.135581e-15 6.883383e-15
3.673949e-01 5.250000111228e+00 3.857647e+00 1.392353e+00 2.581269e-15 4.551914e-15
3.686410e-01 5.250000107348e+00 3.870731e+00 1.379269e+00 4.551914e-15 4.496403e-15
3.698812e-01 5.250000104139e+00 3.883752e+00 1.366248e+00 1.748601e-15 5.662137e-15
3.711153e-01 5.250000101589e+00 3.896711e+00 1.353289e+00 3.691492e-15 6.161738e-15
3.723436e-01 5.250000099687e+00 3.909608e+00 1.340392e+00 2.553513e-15 4.107825e-15
3.735659e-01 5.250000098418e+00 3.922442e+00 1.327558e+00 2.775558e-16 6.605827e-15
3.747822e-01 5.250000097770e+00 3.935213e+00 1.314787e+00 2.248202e-15 3.441691e-15
3.759925e-01 5.250000097728e+00 3.947921e+00 1.302079e+00 2.026157e-15 6.827872e-15
3.771968e-01 5.250000098277e+00 3.960567e+00 1.289433e+00 2.248202e-15 3.663736e-15
3.783952e-01 5.250000099401e+00 3.973150e+00 1.276850e+00 2.914335e-15 9.436896e-16
3.795876e-01 5.250000101085e+00 3.985669e+00 1.264331e+00 1.748601e-15 1.831868e-15
3.807739e-01 5.250000103311e+00 3.998126e+00 1.251874e+00 2.303713e-15 2.609024e-15
3.819543e-01 5.250000106062e+00 4.010520e+00 1.239480e+00 1.054712e-15 6.050715e-15
3.831286e-01 5.250000109320e+00 4.022851e+00 1.227149e+00 2.747802e-15 4.440892e-15
3.842970e-01 5.250000113068e+00 4.035118e+00 1.214882e+00 2.720046e-15 2.053913e-15
3.854593e-01 5.250000117285e+00 4.047323e+00 1.202677e+00 1.887379e-15 2.609024e-15
3.866157e-01 5.250000121952e+00 4.059465e+00 1.190535e+00 2.026157e-15 6.994405e-15
3.877660e-01 5.250000127050e+00 4.071543e+00 1.178457e+00 3.053113e-15 3.774758e-15
3.889104e-01 5.250000132557e+00 4.083559e+00 1.166441e+00 1.609823e-15 8.715251e-15
3.900487e-01 5.250000138453e+00 4.095511e+00 1.154489e+00 2.498002e-15 3.774758e-15
3.911810e-01 5.250000144717e+00 4.107401e+00 1.142599e+00 8.604228e-16 6.050715e-15
3.923074e-01 5.250000151327e+00 4.119228e+00 1.130772e+00 2.581269e-15 2.498002e-15
3.934278e-01 5.250000158260e+00 4.130991e+00 1.119009e+00 8.049117e-16 1.998401e-15
3.945421e-01 5.250000165494e+00 4.142692e+00 1.107308e+00 2.636780e-15 6.827872e-15
3.956505e-01 5.250000173006e+00 4.154330e+00 1.095670e+00 2.692291e-15 2.997602e-15
3.967529e-01 5.250000180773e+00 4.165906e+00 1.084094e+00 1.193490e-15 3.608225e-15
3.978494e-01 5.250000188771e+00 4.177418e+00 1.072582e+00 1.498801e-15 4.884981e-15
3.989399e-01 5.250000196977e+00 4.188868e+00 1.061132e+00 2.553513e-15 3.941292e-15
4.000244e-01 5.250000205366e+00 4.200256e+00 1.049744e+00 2.109424e-15 2.053913e-15
4.011029e-01 5.250000213914e+00 4.211581e+00 1.038419e+00 1.110223e-15 1.110223e-15
4.021756e-01 5.250000222597e+00 4.222844e+00 1.027157e+00 1.443290e-15 5.773160e-15
4.032423e-01 5.250000231390e+00 4.234044e+00 1.015956e+00 2.803313e-15 2.220446e-15
4.043030e-01 5.250000240269e+00 4.245182e+00 1.004819e+00 2.331468e-15 2.386980e-15
4.053579e-01 5.250000249208e+00 4.256257e+00 9.937428e-01 2.331468e-15 3.441691e-15
4.064068e-01 5.250000258182e+00 4.267271e+00 9.827291e-01 9.714451e-16 5.495604e-15
4.074498e-01 5.250000267167e+00 4.278223e+00 9.717775e-01 1.360023e-15 -2.220446e-16
4.084869e-01 5.250000276137e+00 4.289112e+00 9.608879e-01 4.801715e-15 3.774758e-15
4.095181e-01 5.250000285067e+00 4.299940e+00 9.500601e-01 3.053113e-15 4.052314e-15
4.105434e-01 5.250000293933e+00 4.310706e+00 9.392942e-01 2.081668e-15 3.219647e-15
4.115629e-01 5.250000302709e+00 4.321410e+00 9.285900e-01 8.604228e-16 2.720046e-15
4.125765e-01 5.250000311370e+00 4.332053e+00 9.179474e-01 1.554312e-15 3.719247e-15
4.135842e-01 5.250000319892e+00 4.342634e+00 9.073663e-01 2.303713e-15 4.996004e-16
4.145860e-01 5.250000328251e+00 4.353154e+00 8.968468e-01 2.359224e-15 5.828671e-15
4.155821e-01 5.250000336421e+00 4.363612e+00 8.863887e-01 8.049117e-16 2.164935e-15
4.165722e-01 5.250000344379e+00 4.374008e+00 8.759920e-01 2.969847e-15 4.884981e-15
4.175566e-01 5.250000352101e+00 4.384344e+00 8.656565e-01 1.970646e-15 3.830269e-15
4.185351e-01 5.250000359562e+00 4.394618e+00 8.553823e-01 1.082467e-15 4.829470e-15
4.195077e-01 5.250000366740e+00 4.404831e+00 8.451693e-01 4.718448e-16 2.220446e-15
4.204746e-01 5.250000373612e+00 4.414983e+00 8.350173e-01 1.942890e-15 2.498002e-15
4.214356e-01 5.250000380155e+00 4.425074e+00 8.249265e-01 9.714451e-16 6.605827e-15
4.223908e-01 5.250000386346e+00 4.435104e+00 8.148966e-01 1.082467e-15 1.332268e-15
4.233402e-01 5.250000392164e+00 4.445073e+00 8.049278e-01 1.110223e-15 3.885781e-15
4.242839e-01 5.250000397588e+00 4.454981e+00 7.950199e-01 1.082467e-15 1.831868e-15
4.252217e-01 5.250000402596e+00 4.464828e+00 7.851729e-01 4.996004e-16 1.332268e-15
4.261537e-01 5.250000407169e+00 4.474614e+00 7.753868e-01 2.137179e-15 2.886580e-15
4.270799e-01 5.250000411286e+00 4.484339e+00 7.656616e-01 2.414735e-15 2.275957e-15
4.280003e-01 5.250000414928e+00 4.494003e+00 7.559972e-01 2.747802e-15 3.774758e-15
4.289149e-01 5.250000418076e+00 4.503607e+00 7.463937e-01 -8.326673e-17 4.607426e-15
4.298237e-01 5.250000420713e+00 4.513149e+00 7.368511e-01 6.938894e-16 3.497203e-15
4.307268e-01 5.250000422821e+00 4.522631e+00 7.273694e-01 2.081668e-15 5.773160e-15
4.316240e-01 5.250000424384e+00 4.532052e+00 7.179485e-01 6.938894e-16 5.384582e-15
4.325154e-01 5.250000425385e+00 4.541412e+00 7.085886e-01 6.938894e-16 2.775558e-15
4.334010e-01 5.250000425810e+00 4.550711e+00 6.992896e-01 2.137179e-15 4.662937e-15
4.342808e-01 5.250000425643e+00 4.559949e+00 6.900517e-01 5.551115e-17 6.328271e-15
4.351548e-01 5.250000424872e+00 4.569126e+00 6.808748e-01 1.942890e-15 3.663736e-15
4.360230e-01 5.250000423484e+00 4.578241e+00 6.717590e-01 1.748601e-15 6.605827e-15
4.368853e-01 5.250000421466e+00 4.587296e+00 6.627044e-01 1.498801e-15 4.163336e-15
4.377418e-01 5.250000418807e+00 4.596289e+00 6.537111e-01 2.053913e-15 4.107825e-15
4.385925e-01 5.250000415498e+00 4.605221e+00 6.447791e-01 1.859624e-15 6.217249e-15
4.394373e-01 5.250000411529e+00 4.614092e+00 6.359086e-01 1.831868e-15 4.829470e-15
4.402763e-01 5.250000406893e+00 4.622901e+00 6.270996e-01 2.164935e-15 4.829470e-15
4.411093e-01 5.250000401580e+00 4.631648e+00 6.183523e-01 2.831069e-15 5.717649e-15
4.419365e-01 5.250000395586e+00 4.640334e+00 6.096668e-01 2.026157e-15 5.551115e-15
4.427578e-01 5.250000388905e+00 4.648957e+00 6.010432e-01 0.000000e+00 4.440892e-15
4.435732e-01 5.250000381533e+00 4.657519e+00 5.924817e-01 1.804112e-15 4.884981e-15
4.443827e-01 5.250000373466e+00 4.666018e+00 5.839824e-01 4.163336e-16 5.051515e-15
4.451862e-01 5.250000364702e+00 4.674455e+00 5.755455e-01 2.220446e-15 5.107026e-15
4.459837e-01 5.250000355241e+00 4.682829e+00 5.671712e-01 1.304512e-15 4.496403e-15
4.467753e-01 5.250000345082e+00 4.691141e+00 5.588596e-01 8.604228e-16 5.218048e-15
4.475609e-01 5.250000334227e+00 4.699389e+00 5.506110e-01 1.720846e-15 5.051515e-15
4.483405e-01 5.250000322677e+00 4.707575e+00 5.424255e-01 2.164935e-15 4.496403e-15
4.491140e-01 5.250000310437e+00 4.715697e+00 5.343034e-01 1.748601e-15 5.051515e-15
4.498815e-01 5.250000297511e+00 4.723755e+00 5.262449e-01 1.026956e-15 5.440093e-15
4.506429e-01 5.250000283904e+00 4.731750e+00 5.182502e-01 9.992007e-16 6.494805e-15
4.513982e-01 5.250000269625e+00 4.739681e+00 5.103196e-01 1.193490e-15 4.107825e-15
4.521473e-01 5.250000254679e+00 4.747547e+00 5.024533e-01 5.551115e-17 4.884981e-15
4.528904e-01 5.250000239078e+00 4.755349e+00 4.946515e-01 5.828671e-16 5.329071e-15
4.536272e-01 5.250000222832e+00 4.763086e+00 4.869146e-01 -7.771561e-16 5.329071e-15
4.543578e-01 5.250000205951e+00 4.770757e+00 4.792428e-01 2.026157e-15 5.162537e-15
4.550823e-01 5.250000188450e+00 4.778364e+00 4.716365e-01 1.249001e-15 3.719247e-15
4.558004e-01 5.250000170341e+00 4.785904e+00 4.640958e-01 -4.996004e-16 5.384582e-15
4.565123e-01 5.250000151641e+00 4.793379e+00 4.566211e-01 7.494005e-16 4.829470e-15
4.572178e-01 5.250000132366e+00 4.800787e+00 4.492127e-01 5.828671e-16 5.329071e-15
4.579171e-01 5.250000112532e+00 4.808129e+00 4.418710e-01 1.443290e-15 3.608225e-15
4.586099e-01 5.250000092160e+00 4.815404e+00 4.345962e-01 2.498002e-16 5.995204e-15
4.592963e-01 5.250000071267e+00 4.822611e+00 4.273887e-01 7.494005e-16 5.051515e-15
4.599763e-01 5.250000049877e+00 4.829751e+00 4.202488e-01 1.942890e-16 5.440093e-15
4.606498e-01 5.250000028010e+00 4.836823e+00 4.131769e-01 2.359224e-15 3.996803e-15
4.613168e-01 5.250000005689e+00 4.843827e+00 4.061734e-01 9.714451e-16 5.218048e-15
4.619773e-01 5.249999982938e+00 4.850762e+00 3.992385e-01 1.193490e-15 5.995204e-15
4.626312e-01 5.249999959784e+00 4.857627e+00 3.923726e-01 4.718448e-16 5.051515e-15
4.632785e-01 5.249999936251e+00 4.864424e+00 3.855762e-01 -1.110223e-16 5.273559e-15
4.639191e-01 5.249999912367e+00 4.871150e+00 3.788495e-01 1.804112e-15 4.163336e-15
4.645530e-01 5.249999888159e+00 4.877807e+00 3.721930e-01 1.554312e-15 5.162537e-15
4.651803e-01 5.249999863658e+00 4.884393e+00 3.656069e-01 4.718448e-16 4.218847e-15
4.658008e-01 5.249999838891e+00 4.890908e+00 3.590918e-01 1.165734e-15 6.328271e-15
4.664145e-01 5.249999813890e+00 4.897352e+00 3.526480e-01 1.471046e-15 5.551115e-15
4.670213e-01 5.249999788686e+00 4.903724e+00 3.462759e-01 2.164935e-15 5.662137e-15
4.676213e-01 5.249999763310e+00 4.910024e+00 3.399758e-01 1.720846e-15 6.938894e-15
4.682144e-01 5.249999737796e+00 4.916252e+00 3.337482e-01 2.081668e-15 5.051515e-15
4.688006e-01 5.249999712176e+00 4.922406e+00 3.275934e-01 1.304512e-15 6.272760e-15
4.693798e-01 5.249999686485e+00 4.928488e+00 3.215118e-01 1.804112e-15 5.162537e-15
4.699520e-01 5.249999660755e+00 4.934496e+00 3.155038e-01 2.164935e-15 5.884182e-15
4.705171e-01 5.249999635022e+00 4.940430e+00 3.095698e-01 2.969847e-15 5.495604e-15
4.710752e-01 5.249999609320e+00 4.946289e+00 3.037102e-01 1.026956e-15 3.941292e-15
4.716261e-01 5.249999583685e+00 4.952074e+00 2.979253e-01 9.436896e-16 5.273559e-15
4.721699e-01 5.249999558151e+00 4.957784e+00 2.922156e-01 8.881784e-16 5.440093e-15
4.727065e-01 5.249999532755e+00 4.963418e+00 2.865814e-01 2.636780e-15 5.995204e-15
4.732359e-01 5.249999507531e+00 4.968976e+00 2.810230e-01 1.471046e-15 4.884981e-15
4.737580e-01 5.249999482516e+00 4.974459e+00 2.755409e-01 1.887379e-15 5.717649e-15
4.742728e-01 5.249999457743e+00 4.979864e+00 2.701354e-01 2.026157e-15 5.107026e-15
4.747802e-01 5.249999433250e+00 4.985193e+00 2.648069e-01 6.383782e-16 5.495604e-15
4.752804e-01 5.249999409069e+00 4.990444e+00 2.595556e-01 1.026956e-15 5.662137e-15
4.757731e-01 5.249999385236e+00 4.995617e+00 2.543821e-01 1.998401e-15 5.828671e-15
4.762584e-01 5.249999361785e+00 5.000713e+00 2.492865e-01 1.887379e-15 7.160939e-15
4.767362e-01 5.249999338750e+00 5.005730e+00 2.442692e-01 1.748601e-15 4.996004e-15
4.772066e-01 5.249999316162e+00 5.010669e+00 2.393305e-01 1.998401e-15 5.273559e-15
4.776694e-01 5.249999294054e+00 5.015529e+00 2.344708e-01 1.942890e-15 5.939693e-15
4.781247e-01 5.249999272458e+00 5.020309e+00 2.296903e-01 1.693090e-15 6.050715e-15
4.785724e-01 5.249999251404e+00 5.025010e+00 2.249894e-01 7.216450e-16 6.550316e-15
4.790125e-01 5.249999230920e+00 5.029631e+00 2.203682e-01 2.081668e-15 5.662137e-15
4.794450e-01 5.249999211037e+00 5.034172e+00 2.158272e-01 2.192690e-15 5.329071e-15
4.798698e-01 5.249999191780e+00 5.038633e+00 2.113665e-01 2.442491e-15 6.356027e-15
4.802869e-01 5.249999173175e+00 5.043013e+00 2.069864e-01 3.386180e-15 5.911938e-15
4.806964e-01 5.249999155248e+00 5.047312e+00 2.026871e-01 3.608225e-15 5.190293e-15
4.810981e-01 5.249999138021e+00 5.051530e+00 1.984688e-01 3.497203e-15 5.717649e-15
4.814921e-01 5.249999121515e+00 5.055667e+00 1.943318e-01 2.886580e-15 5.856426e-15
4.818784e-01 5.249999105751e+00 5.059723e+00 1.902762e-01 2.081668e-15 5.939693e-15
4.822568e-01 5.249999090746e+00 5.063697e+00 1.863023e-01 3.635980e-15 5.495604e-15
4.826275e-01 5.249999076517e+00 5.067589e+00 1.824102e-01 3.247402e-15 7.077672e-15
4.829904e-01 5.249999063079e+00 5.071399e+00 1.786000e-01 2.386980e-15 5.995204e-15
4.833454e-01 5.249999050444e+00 5.075127e+00 1.748720e-01 4.052314e-15 7.077672e-15
4.836927e-01 5.249999038622e+00 5.078773e+00 1.712261e-01 3.136380e-15 6.161738e-15
4.840320e-01 5.249999027623e+00 5.082336e+00 1.676626e-01 2.470246e-15 5.551115e-15
4.843636e-01 5.249999017451e+00 5.085817e+00 1.641816e-01 2.803313e-15 6.494805e-15
4.846872e-01 5.249999008112e+00 5.089216e+00 1.607830e-01 3.858025e-15 6.827872e-15
4.850030e-01 5.249998999607e+00 5.092532e+00 1.574670e-01 4.246603e-15 6.661338e-15
4.853110e-01 5.249998991934e+00 5.095765e+00 1.542337e-01 3.552714e-15 6.328271e-15
4.856110e-01 5.249998985092e+00 5.098916e+00 1.510831e-01 2.886580e-15 7.271961e-15
4.859032e-01 5.249998979074e+00 5.101984e+00 1.480151e-01 2.942091e-15 7.410739e-15
4.861875e-01 5.249998973873e+00 5.104969e+00 1.450299e-01 2.498002e-15 6.550316e-15
4.864640e-01 5.249998969477e+00 5.107872e+00 1.421274e-01 2.164935e-15 6.855627e-15
4.867325e-01 5.249998965874e+00 5.110691e+00 1.393076e-01 2.775558e-15 6.578071e-15
4.869932e-01 5.249998963047e+00 5.113429e+00 1.365704e-01 3.608225e-15 7.133183e-15
4.872460e-01 5.249998960978e+00 5.116083e+00 1.339158e-01 4.163336e-15 7.049916e-15
4.874910e-01 5.249998959647e+00 5.118655e+00 1.313438e-01 2.053913e-15 7.299716e-15
4.877281e-01 5.249998959028e+00 5.121145e+00 1.288542e-01 2.553513e-15 7.244205e-15
4.879573e-01 5.249998959096e+00 5.123552e+00 1.264470e-01 3.219647e-15 7.188694e-15
4.881787e-01 5.249998959822e+00 5.125877e+00 1.241222e-01 2.720046e-15 7.133183e-15
4.883923e-01 5.249998961172e+00 5.128120e+00 1.218794e-01 3.885781e-15 6.800116e-15
4.885981e-01 5.249998963114e+00 5.130280e+00 1.197188e-01 3.608225e-15 6.800116e-15
4.887961e-01 5.249998965609e+00 5.132359e+00 1.176400e-01 4.107825e-15 6.938894e-15
4.889863e-01 5.249998968619e+00 5.134356e+00 1.156430e-01 3.386180e-15 7.077672e-15
4.891687e-01 5.249998972099e+00 5.136271e+00 1.137277e-01 2.331468e-15 7.355228e-15
4.893434e-01 5.249998976007e+00 5.138105e+00 1.118937e-01 4.662937e-15 6.911138e-15
4.895103e-01 5.249998980294e+00 5.139858e+00 1.101411e-01 3.552714e-15 7.466250e-15
4.896695e-01 5.249998984910e+00 5.141529e+00 1.084696e-01 2.275957e-15 7.271961e-15
4.898210e-01 5.249998989803e+00 5.143120e+00 1.068789e-01 3.885781e-15 7.105427e-15
4.899648e-01 5.249998994919e+00 5.144630e+00 1.053690e-01 4.385381e-15 7.244205e-15
4.901009e-01 5.249999000201e+00 5.146059e+00 1.039396e-01 1.887379e-15 7.160939e-15
4.902294e-01 5.249999005590e+00 5.147408e+00 1.025906e-01 2.053913e-15 7.854828e-15
4.903502e-01 5.249999011025e+00 5.148677e+00 1.013216e-01 1.332268e-15 7.438494e-15
4.904635e-01 5.249999016443e+00 5.149866e+00 1.001325e-01 1.776357e-15 7.521761e-15
4.905691e-01 5.249999021780e+00 5.150976e+00 9.902318e-02 3.219647e-15 7.494005e-15
4.906672e-01 5.249999026970e+00 5.152006e+00 9.799329e-02 2.498002e-15 7.521761e-15
4.907577e-01 5.249999031943e+00 5.152956e+00 9.704268e-02 3.275158e-15 7.521761e-15
4.908408e-01 5.249999036631e+00 5.153828e+00 9.617112e-02 6.661338e-16 7.410739e-15
4.909162e-01 5.249999040963e+00 5.154621e+00 9.537842e-02 3.219647e-15 7.688294e-15
4.909843e-01 5.249999044867e+00 5.155335e+00 9.466437e-02 2.275957e-15 7.549517e-15
4.910448e-01 5.249999048270e+00 5.155970e+00 9.402876e-02 1.942890e-15 7.632783e-15
4.910979e-01 5.249999051097e+00 5.156528e+00 9.347141e-02 3.941292e-15 7.577272e-15
4.911435e-01 5.249999053274e+00 5.157007e+00 9.299213e-02 2.386980e-15 7.494005e-15
4.911817e-01 5.249999054726e+00 5.157408e+00 9.259074e-02 1.776357e-15 7.507883e-15
4.912126e-01 5.249999055377e+00 5.157732e+00 9.226707e-02 1.998401e-15 7.563394e-15
4.912360e-01 5.249999055150e+00 5.157978e+00 9.202096e-02 9.992007e-16 7.507883e-15
4.912521e-01 5.249999053970e+00 5.158147e+00 9.185226e-02 1.887379e-15 7.535639e-15
4.912608e-01 5.249999051760e+00 5.158238e+00 9.176084e-02 2.553513e-15 7.563394e-15
4.912621e-01 5.249999048445e+00 5.158252e+00 9.174657e-02 2.831069e-15 7.618906e-15
4.912562e-01 5.249999043950e+00 5.158190e+00 9.180935e-02 2.386980e-15 7.646661e-15
4.912429e-01 5.249999038200e+00 5.158050e+00 9.194909e-02 2.664535e-15 7.674417e-15
4.912222e-01 5.249999031122e+00 5.157833e+00 9.216572e-02 3.219647e-15 7.674417e-15
4.911943e-01 5.249999022642e+00 5.157540e+00 9.245917e-02 3.275158e-15 7.646661e-15
4.911590e-01 5.249999012689e+00 5.157170e+00 9.282941e-02 3.774758e-15 7.618906e-15
4.911164e-01 5.249999001194e+00 5.156723e+00 9.327642e-02 3.830269e-15 7.729928e-15
4.910665e-01 5.249998988087e+00 5.156199e+00 9.380021e-02 2.775558e-15 7.674417e-15
4.910093e-01 5.249998973303e+00 5.155598e+00 9.440081e-02 1.998401e-15 7.729928e-15
4.909448e-01 5.249998956776e+00 5.154921e+00 9.507827e-02 3.441691e-15 7.646661e-15
4.908730e-01 5.249998938445e+00 5.154166e+00 9.583266e-02 2.553513e-15 7.688294e-15
4.907938e-01 5.249998918249e+00 5.153335e+00 9.666409e-02 2.720046e-15 7.660539e-15
4.907073e-01 5.249998896131e+00 5.152426e+00 9.757267e-02 1.387779e-15 7.785439e-15
4.906134e-01 5.249998872037e+00 5.151440e+00 9.855857e-02 3.663736e-15 7.868706e-15
4.905121e-01 5.249998845914e+00 5.150377e+00 9.962196e-02 2.442491e-15 7.882583e-15
4.904034e-01 5.249998817715e+00 5.149236e+00 1.007631e-01 1.609823e-15 8.076873e-15
4.902873e-01 5.249998787394e+00 5.148017e+00 1.019821e-01 2.942091e-15 7.910339e-15
4.901638e-01 5.249998754908e+00 5.146719e+00 1.032793e-01 1.887379e-15 8.076873e-15
4.900327e-01 5.249998720220e+00 5.145344e+00 1.046551e-01 2.831069e-15 7.771561e-15
4.898942e-01 5.249998683295e+00 5.143889e+00 1.061097e-01 1.998401e-15 7.917278e-15
4.897481e-01 5.249998644103e+00 5.142355e+00 1.076435e-01 2.220446e-15 7.889522e-15
4.895944e-01 5.249998602616e+00 5.140742e+00 1.092569e-01 2.664535e-15 7.847889e-15
4.894332e-01 5.249998558812e+00 5.139048e+00 1.109503e-01 2.331468e-15 8.014422e-15
4.892642e-01 5.249998512672e+00 5.137274e+00 1.127242e-01 4.773959e-15 8.007484e-15
4.890876e-01 5.249998464182e+00 5.135419e+00 1.145791e-01 3.941292e-15 7.806256e-15
4.889031e-01 5.249998413333e+00 5.133483e+00 1.165155e-01 3.497203e-15 7.945034e-15
4.887109e-01 5.249998360119e+00 5.131464e+00 1.185339e-01 4.163336e-15 7.632783e-15
4.885108e-01 5.249998304538e+00 5.129363e+00 1.206350e-01 4.996004e-15 7.500944e-15
4.883028e-01 5.249998246596e+00 5.127179e+00 1.228194e-01 4.385381e-15 7.747275e-15
4.880867e-01 5.249998186299e+00 5.124911e+00 1.250876e-01 3.053113e-15 8.153200e-15
4.878626e-01 5.249998123660e+00 5.122558e+00 1.274405e-01 4.940492e-15 7.702172e-15
4.876304e-01 5.249998058697e+00 5.120119e+00 1.298788e-01 4.107825e-15 7.934625e-15
4.873900e-01 5.249997991432e+00 5.117595e+00 1.324031e-01 2.386980e-15 8.083811e-15
4.871413e-01 5.249997921891e+00 5.114984e+00 1.350143e-01 5.107026e-15 8.585146e-15
4.868843e-01 5.249997850104e+00 5.112285e+00 1.377132e-01 3.719247e-15 8.319734e-15
4.866188e-01 5.249997776107e+00 5.109497e+00 1.405006e-01 3.996803e-15 8.220855e-15
4.863448e-01 5.249997699938e+00 5.106620e+00 1.433774e-01 3.830269e-15 7.533904e-15
4.860622e-01 5.249997621642e+00 5.103653e+00 1.463446e-01 3.441691e-15 8.353995e-15
4.857709e-01 5.249997541266e+00 5.100594e+00 1.494030e-01 5.329071e-15 8.055188e-15
4.854708e-01 5.249997458861e+00 5.097444e+00 1.525537e-01 5.051515e-15 8.265957e-15
4.851619e-01 5.249997374484e+00 5.094200e+00 1.557976e-01 2.775558e-15 8.491471e-15
4.848440e-01 5.249997288191e+00 5.090862e+00 1.591357e-01 4.996004e-15 8.279835e-15
4.845170e-01 5.249997200046e+00 5.087428e+00 1.625691e-01 4.496403e-15 8.087281e-15
4.841808e-01 5.249997110114e+00 5.083898e+00 1.660989e-01 6.328271e-15 8.520962e-15
4.838353e-01 5.249997018464e+00 5.080271e+00 1.697261e-01 4.829470e-15 8.618106e-15
4.834805e-01 5.249996925166e+00 5.076545e+00 1.734519e-01 4.607426e-15 8.056056e-15
4.831161e-01 5.249996830293e+00 5.072720e+00 1.772773e-01 4.163336e-15 8.153200e-15
4.827422e-01 5.249996733923e+00 5.068793e+00 1.812036e-01 4.496403e-15 8.104628e-15
4.823585e-01 5.249996636131e+00 5.064765e+00 1.852319e-01 2.220446e-15 8.520962e-15
4.819651e-01 5.249996536998e+00 5.060633e+00 1.893634e-01 4.496403e-15 8.631984e-15
4.815616e-01 5.249996436605e+00 5.056397e+00 1.935993e-01 4.496403e-15 8.625045e-15
4.811481e-01 5.249996335033e+00 5.052055e+00 1.979408e-01 2.720046e-15 8.791579e-15
4.807245e-01 5.249996232365e+00 5.047607e+00 2.023892e-01 2.442491e-15 9.013623e-15
4.802905e-01 5.249996128684e+00 5.043050e+00 2.069458e-01 4.996004e-15 8.999745e-15
4.798461e-01 5.249996024072e+00 5.038384e+00 2.116117e-01 2.942091e-15 8.645862e-15
4.793912e-01 5.249995918614e+00 5.033608e+00 2.163882e-01 3.663736e-15 8.819334e-15
4.789256e-01 5.249995812392e+00 5.028719e+00 2.212766e-01 1.942890e-15 9.395262e-15
4.784493e-01 5.249995705486e+00 5.023717e+00 2.262782e-01 4.940492e-15 9.311996e-15
4.779620e-01 5.249995597979e+00 5.018601e+00 2.313943e-01 4.163336e-15 9.575674e-15
4.774637e-01 5.249995489949e+00 5.013369e+00 2.366262e-01 3.386180e-15 9.034440e-15
4.769543e-01 5.249995381474e+00 5.008020e+00 2.419752e-01 3.663736e-15 7.979728e-15
4.764336e-01 5.249995272630e+00 5.002553e+00 2.474425e-01 4.329870e-15 9.450773e-15
4.759015e-01 5.249995163489e+00 4.996966e+00 2.530294e-01 4.718448e-15 9.173218e-15
4.753579e-01 5.249995054124e+00 4.991258e+00 2.587373e-01 2.831069e-15 9.769963e-15
4.748026e-01 5.249994944601e+00 4.985427e+00 2.645675e-01 4.440892e-15 9.381385e-15
4.742356e-01 5.249994834987e+00 4.979474e+00 2.705212e-01 3.996803e-15 1.003364e-14
4.736567e-01 5.249994725343e+00 4.973395e+00 2.765997e-01 4.496403e-15 9.880985e-15
4.730657e-01 5.249994615729e+00 4.967190e+00 2.828043e-01 4.107825e-15 8.743006e-15
4.724627e-01 5.249994506200e+00 4.960858e+00 2.891363e-01 1.942890e-15 8.770762e-15
4.718474e-01 5.249994396809e+00 4.954397e+00 2.955970e-01 3.996803e-15 9.311996e-15
4.712197e-01 5.249994287604e+00 4.947807e+00 3.021875e-01 3.830269e-15 9.270362e-15
4.705795e-01 5.249994178631e+00 4.941085e+00 3.089093e-01 2.997602e-15 8.493206e-15
4.699267e-01 5.249994069931e+00 4.934231e+00 3.157634e-01 2.164935e-15 8.743006e-15
4.692612e-01 5.249993961544e+00 4.927243e+00 3.227512e-01 3.386180e-15 1.018630e-14
4.685829e-01 5.249993853503e+00 4.920120e+00 3.298738e-01 3.885781e-15 1.121325e-14
4.678915e-01 5.249993745841e+00 4.912861e+00 3.371325e-01 3.885781e-15 9.492407e-15
4.671872e-01 5.249993638587e+00 4.905465e+00 3.445285e-01 3.996803e-15 9.825474e-15
4.664696e-01 5.249993531768e+00 4.897931e+00 3.520630e-01 3.830269e-15 1.065814e-14
4.657387e-01 5.249993425407e+00 4.890256e+00 3.597370e-01 1.110223e-15 9.769963e-15
4.649944e-01 5.249993319526e+00 4.882441e+00 3.675519e-01 3.830269e-15 9.631185e-15
4.642366e-01 5.249993214147e+00 4.874485e+00 3.755087e-01 2.886580e-15 9.825474e-15
4.634652e-01 5.249993109288e+00 4.866385e+00 3.836086e-01 1.554312e-15 1.068590e-14
4.626800e-01 5.249993004968e+00 4.858140e+00 3.918527e-01 1.609823e-15 1.026956e-14
