5.000000e-01 5.250000000000e+00 5.250000e+00 0.000000e+00 -1.137979e-15 0.000000e+00
4.999958e-01 5.249999999953e+00 5.249955e+00 4.453886e-05 -3.469447e-15 -2.103352e-17
4.999830e-01 5.249999999811e+00 5.249822e+00 1.781556e-04 -1.471046e-15 -4.640385e-17
4.999618e-01 5.249999999575e+00 5.249599e+00 4.008508e-04 -1.748601e-15 -8.326673e-17
4.999321e-01 5.249999999245e+00 5.249287e+00 7.126255e-04 -3.302913e-15 -1.205633e-16
4.998940e-01 5.249999998821e+00 5.248887e+00 1.113481e-03 -1.748601e-15 -1.301043e-16
4.998473e-01 5.249999998304e+00 5.248397e+00 1.603419e-03 -1.693090e-15 -1.301043e-16
4.997921e-01 5.249999997693e+00 5.247818e+00 2.182441e-03 -2.498002e-15 -1.353084e-16
4.997285e-01 5.249999996989e+00 5.247149e+00 2.850550e-03 -1.998401e-15 -9.540979e-17
4.996564e-01 5.249999996194e+00 5.246392e+00 3.607749e-03 -2.331468e-15 -2.498002e-16
4.995758e-01 5.249999995307e+00 5.245546e+00 4.454040e-03 -2.997602e-15 -7.979728e-17
4.994867e-01 5.249999994329e+00 5.244611e+00 5.389428e-03 -2.775558e-15 -2.185752e-16
4.993892e-01 5.249999993260e+00 5.243586e+00 6.413915e-03 -2.386980e-15 -2.879641e-16
4.992831e-01 5.249999992103e+00 5.242472e+00 7.527507e-03 -1.720846e-15 -2.810252e-16
4.991686e-01 5.249999990857e+00 5.241270e+00 8.730207e-03 -2.248202e-15 -1.214306e-16
4.990455e-01 5.249999989524e+00 5.239978e+00 1.002202e-02 -1.360023e-15 -3.504141e-16
4.989140e-01 5.249999988104e+00 5.238597e+00 1.140295e-02 -1.332268e-15 -4.683753e-16
4.987740e-01 5.249999986599e+00 5.237127e+00 1.287301e-02 -1.443290e-15 -3.400058e-16
4.986255e-01 5.249999985009e+00 5.235568e+00 1.443219e-02 -1.665335e-15 -4.093947e-16
4.984685e-01 5.249999983337e+00 5.233919e+00 1.608051e-02 -2.275957e-15 -1.179612e-16
4.983030e-01 5.249999981583e+00 5.232182e+00 1.781796e-02 -1.276756e-15 -5.273559e-16
4.981291e-01 5.249999979749e+00 5.230355e+00 1.964457e-02 -6.383782e-16 -4.302114e-16
4.979466e-01 5.249999977837e+00 5.228440e+00 2.156033e-02 4.718448e-16 -1.110223e-16
4.977557e-01 5.249999975847e+00 5.226435e+00 2.356524e-02 2.220446e-16 -2.636780e-16
4.975563e-01 5.249999973781e+00 5.224341e+00 2.565932e-02 -1.887379e-15 -4.371503e-16
4.973483e-01 5.249999971642e+00 5.222157e+00 2.784258e-02 -6.383782e-16 -5.412337e-16
4.971319e-01 5.249999969430e+00 5.219885e+00 3.011501e-02 -1.609823e-15 -5.828671e-16
4.969070e-01 5.249999967147e+00 5.217523e+00 3.247663e-02 -1.276756e-15 -4.302114e-16
4.966736e-01 5.249999964797e+00 5.215073e+00 3.492745e-02 -2.220446e-16 -3.538836e-16
4.964317e-01 5.249999962379e+00 5.212533e+00 3.746746e-02 -1.609823e-15 -7.008283e-16
4.961813e-01 5.249999959897e+00 5.209903e+00 4.009668e-02 -2.220446e-16 -6.453171e-16
4.959224e-01 5.249999957352e+00 5.207185e+00 4.281511e-02 -1.387779e-16 -4.857226e-16
4.956550e-01 5.249999954747e+00 5.204377e+00 4.562276e-02 1.110223e-16 -3.261280e-16
4.953791e-01 5.249999952084e+00 5.201480e+00 4.851964e-02 -1.776357e-15 -5.689893e-16
4.950947e-01 5.249999949364e+00 5.198494e+00 5.150575e-02 -1.304512e-15 -2.914335e-16
4.948018e-01 5.249999946591e+00 5.195419e+00 5.458110e-02 -5.551115e-16 -1.082467e-15
4.945004e-01 5.249999943767e+00 5.192254e+00 5.774570e-02 -2.775558e-17 5.551115e-17
4.941905e-01 5.249999940894e+00 5.189000e+00 6.099955e-02 -6.938894e-16 -3.747003e-16
4.938721e-01 5.249999937975e+00 5.185657e+00 6.434265e-02 -2.831069e-15 -4.996004e-16
4.935452e-01 5.249999935012e+00 5.182225e+00 6.777502e-02 -1.110223e-15 -9.298118e-16
4.932098e-01 5.249999932009e+00 5.178703e+00 7.129665e-02 -1.942890e-16 -6.938894e-16
4.928659e-01 5.249999928967e+00 5.175092e+00 7.490756e-02 -8.881784e-16 -1.262879e-15
4.925135e-01 5.249999925889e+00 5.171392e+00 7.860774e-02 -2.359224e-15 -3.053113e-16
4.921526e-01 5.249999922779e+00 5.167603e+00 8.239720e-02 -1.165734e-15 -3.191891e-16
4.917832e-01 5.249999919639e+00 5.163724e+00 8.627594e-02 -2.775558e-17 -9.436896e-16
4.914053e-01 5.249999916473e+00 5.159756e+00 9.024397e-02 -8.049117e-16 -6.383782e-16
4.910189e-01 5.249999913283e+00 5.155699e+00 9.430129e-02 -2.109424e-15 -3.747003e-16
4.906240e-01 5.249999910072e+00 5.151552e+00 9.844789e-02 -2.109424e-15 -9.020562e-16
4.902206e-01 5.249999906844e+00 5.147316e+00 1.026838e-01 -1.054712e-15 -1.151856e-15
4.898087e-01 5.249999903602e+00 5.142991e+00 1.070090e-01 -1.693090e-15 -1.082467e-15
4.893882e-01 5.249999900349e+00 5.138576e+00 1.114234e-01 -1.360023e-15 -3.885781e-16
4.889593e-01 5.249999897088e+00 5.134073e+00 1.159272e-01 -1.693090e-15 -6.383782e-16
4.885219e-01 5.249999893823e+00 5.129480e+00 1.205202e-01 3.053113e-16 -4.163336e-16
4.880759e-01 5.249999890558e+00 5.124797e+00 1.252025e-01 -1.249001e-15 -6.383782e-16
4.876215e-01 5.249999887295e+00 5.120026e+00 1.299741e-01 -4.718448e-16 -1.137979e-15
4.871586e-01 5.249999884038e+00 5.115165e+00 1.348350e-01 -7.216450e-16 -4.440892e-16
4.866871e-01 5.249999880792e+00 5.110215e+00 1.397851e-01 -1.026956e-15 -9.575674e-16
4.862072e-01 5.249999877559e+00 5.105175e+00 1.448245e-01 -8.049117e-16 -6.245005e-16
4.857187e-01 5.249999874343e+00 5.100047e+00 1.499532e-01 -2.581269e-15 -8.326673e-16
4.852218e-01 5.249999871149e+00 5.094829e+00 1.551710e-01 -5.273559e-16 -7.077672e-16
4.847164e-01 5.249999867979e+00 5.089522e+00 1.604782e-01 -1.998401e-15 -1.706968e-15
4.842024e-01 5.249999864839e+00 5.084125e+00 1.658745e-01 -9.436896e-16 -5.551115e-16
4.836800e-01 5.249999861731e+00 5.078640e+00 1.713600e-01 -1.193490e-15 -5.967449e-16
4.831491e-01 5.249999858660e+00 5.073065e+00 1.769347e-01 -1.665335e-15 -1.276756e-15
4.826096e-01 5.249999855629e+00 5.067401e+00 1.825986e-01 -9.714451e-16 -1.373901e-15
4.820617e-01 5.249999852644e+00 5.061648e+00 1.883516e-01 -2.886580e-15 1.110223e-16
4.815053e-01 5.249999849708e+00 5.055806e+00 1.941937e-01 -2.886580e-15 -3.885781e-16
4.809405e-01 5.249999846824e+00 5.049875e+00 2.001250e-01 -1.582068e-15 -2.220446e-16
4.803671e-01 5.249999843998e+00 5.043854e+00 2.061453e-01 -4.163336e-16 -1.054712e-15
4.797852e-01 5.249999841234e+00 5.037745e+00 2.122547e-01 -1.582068e-15 -1.526557e-15
4.791949e-01 5.249999838536e+00 5.031547e+00 2.184532e-01 -2.359224e-15 0.000000e+00
4.785961e-01 5.249999835908e+00 5.025259e+00 2.247406e-01 -4.357625e-15 -1.110223e-15
4.779888e-01 5.249999833354e+00 5.018883e+00 2.311170e-01 -3.580469e-15 -1.276756e-15
4.773731e-01 5.249999830880e+00 5.012417e+00 2.375824e-01 -3.469447e-15 -1.609823e-15
4.767489e-01 5.249999828489e+00 5.005863e+00 2.441367e-01 -3.080869e-15 -5.551115e-16
4.761162e-01 5.249999826187e+00 4.999220e+00 2.507798e-01 -2.969847e-15 -1.165734e-15
4.754751e-01 5.249999823976e+00 4.992488e+00 2.575118e-01 -2.386980e-15 -7.216450e-16
4.748255e-01 5.249999821864e+00 4.985667e+00 2.643325e-01 -2.220446e-15 -1.970646e-15
4.741674e-01 5.249999819852e+00 4.978758e+00 2.712420e-01 -2.498002e-15 -2.053913e-15
4.735009e-01 5.249999817948e+00 4.971760e+00 2.782402e-01 -3.191891e-15 -1.360023e-15
4.728260e-01 5.249999816154e+00 4.964673e+00 2.853270e-01 -2.331468e-15 -9.714451e-16
4.721426e-01 5.249999814476e+00 4.957497e+00 2.925024e-01 -1.693090e-15 -4.163336e-16
4.714508e-01 5.249999812919e+00 4.950233e+00 2.997664e-01 -2.359224e-15 -1.748601e-15
4.707506e-01 5.249999811486e+00 4.942881e+00 3.071188e-01 -2.997602e-15 -1.137979e-15
4.700419e-01 5.249999810184e+00 4.935440e+00 3.145597e-01 -2.553513e-15 -2.470246e-15
4.693248e-01 5.249999809017e+00 4.927911e+00 3.220890e-01 -1.942890e-15 -1.998401e-15
4.685994e-01 5.249999807989e+00 4.920293e+00 3.297065e-01 -1.998401e-15 -1.720846e-15
4.678655e-01 5.249999807106e+00 4.912588e+00 3.374123e-01 -3.247402e-15 -4.996004e-16
4.671232e-01 5.249999806373e+00 4.904794e+00 3.452062e-01 -3.025358e-15 -1.249001e-15
4.663725e-01 5.249999805793e+00 4.896912e+00 3.530882e-01 -3.108624e-15 -1.665335e-16
4.656135e-01 5.249999805373e+00 4.888942e+00 3.610583e-01 -5.523360e-15 -7.771561e-16
4.648461e-01 5.249999805117e+00 4.880884e+00 3.691162e-01 -3.302913e-15 -6.661338e-16
4.640703e-01 5.249999805030e+00 4.872738e+00 3.772620e-01 -2.609024e-15 -2.775558e-15
4.632861e-01 5.249999805116e+00 4.864504e+00 3.854955e-01 -1.137979e-15 -8.881784e-16
4.624936e-01 5.249999805382e+00 4.856183e+00 3.938168e-01 -2.275957e-15 -1.471046e-15
4.616928e-01 5.249999805832e+00 4.847774e+00 4.022255e-01 -3.830269e-15 -1.748601e-15
4.608836e-01 5.249999806470e+00 4.839278e+00 4.107218e-01 -4.579670e-15 -1.137979e-15
4.600661e-01 5.249999807303e+00 4.830694e+00 4.193054e-01 -4.274359e-15 -1.831868e-15
4.592403e-01 5.249999808334e+00 4.822023e+00 4.279763e-01 -2.747802e-15 -2.470246e-15
4.584062e-01 5.249999809569e+00 4.813265e+00 4.367344e-01 -4.080070e-15 -2.386980e-15
4.575638e-01 5.249999811013e+00 4.804420e+00 4.455795e-01 -2.720046e-15 -1.970646e-15
4.567132e-01 5.249999812670e+00 4.795488e+00 4.545115e-01 -2.969847e-15 -1.859624e-15
4.558542e-01 5.249999814547e+00 4.786469e+00 4.635303e-01 -3.635980e-15 -2.498002e-15
4.549870e-01 5.249999816647e+00 4.777364e+00 4.726358e-01 -3.996803e-15 -1.887379e-15
4.541116e-01 5.249999818976e+00 4.768172e+00 4.818279e-01 -3.830269e-15 -2.775558e-15
4.532279e-01 5.249999821538e+00 4.758893e+00 4.911064e-01 -2.442491e-15 -2.553513e-15
4.523361e-01 5.249999824340e+00 4.749529e+00 5.004712e-01 -2.886580e-15 -3.080869e-15
4.514360e-01 5.249999827384e+00 4.740078e+00 5.099221e-01 -4.024558e-15 -1.831868e-15
4.505277e-01 5.249999830677e+00 4.730541e+00 5.194590e-01 -3.469447e-15 -1.887379e-15
4.496112e-01 5.249999834224e+00 4.720918e+00 5.290818e-01 -3.747003e-15 -1.387779e-15
4.486866e-01 5.249999838029e+00 4.711210e+00 5.387902e-01 -1.748601e-15 -1.776357e-15
4.477539e-01 5.249999842097e+00 4.701416e+00 5.485842e-01 -4.496403e-15 -2.747802e-15
4.468130e-01 5.249999846433e+00 4.691536e+00 5.584635e-01 -3.802514e-15 -2.192690e-15
4.458640e-01 5.249999851041e+00 4.681572e+00 5.684281e-01 -3.053113e-15 -1.193490e-15
4.449069e-01 5.249999855928e+00 4.671522e+00 5.784776e-01 -3.830269e-15 -1.526557e-15
4.439417e-01 5.249999861096e+00 4.661388e+00 5.886121e-01 -1.637579e-15 -2.692291e-15
4.429685e-01 5.249999866552e+00 4.651169e+00 5.988311e-01 -2.803313e-15 -7.771561e-16
4.419872e-01 5.249999872299e+00 4.640865e+00 6.091347e-01 -3.497203e-15 -2.997602e-15
4.409978e-01 5.249999878343e+00 4.630477e+00 6.195225e-01 -2.997602e-15 -3.302913e-15
4.400005e-01 5.249999884688e+00 4.620005e+00 6.299944e-01 -3.330669e-15 -1.831868e-15
4.389952e-01 5.249999891339e+00 4.609450e+00 6.405502e-01 -4.218847e-15 -3.608225e-15
4.379819e-01 5.249999898300e+00 4.598810e+00 6.511896e-01 -3.691492e-15 -3.608225e-15
4.369607e-01 5.249999905576e+00 4.588087e+00 6.619125e-01 -3.386180e-15 -3.330669e-15
4.359315e-01 5.249999913171e+00 4.577281e+00 6.727187e-01 -2.664535e-15 -3.580469e-15
4.348945e-01 5.249999921089e+00 4.566392e+00 6.836078e-01 -1.942890e-15 -3.941292e-15
4.338495e-01 5.249999929336e+00 4.555420e+00 6.945797e-01 -4.385381e-15 -4.052314e-15
4.327967e-01 5.249999937914e+00 4.544366e+00 7.056342e-01 -3.996803e-15 -3.025358e-15
4.317361e-01 5.249999946829e+00 4.533229e+00 7.167710e-01 -3.608225e-15 -4.163336e-15
4.306676e-01 5.249999956085e+00 4.522010e+00 7.279898e-01 -3.080869e-15 -4.829470e-15
4.295914e-01 5.249999965686e+00 4.510710e+00 7.392904e-01 -3.858025e-15 -4.607426e-15
4.285074e-01 5.249999975636e+00 4.499327e+00 7.506725e-01 -4.413137e-15 -4.440892e-15
4.274156e-01 5.249999985939e+00 4.487864e+00 7.621359e-01 -3.524958e-15 -4.329870e-15
4.263162e-01 5.249999996599e+00 4.476320e+00 7.736804e-01 -4.468648e-15 -1.776357e-15
4.252090e-01 5.250000007619e+00 4.464694e+00 7.853055e-01 -3.608225e-15 -4.662937e-15
4.240942e-01 5.250000019004e+00 4.452989e+00 7.970111e-01 -2.969847e-15 -4.329870e-15
4.229717e-01 5.250000030758e+00 4.441203e+00 8.087968e-01 -4.218847e-15 -2.498002e-15
4.218417e-01 5.250000042884e+00 4.429338e+00 8.206624e-01 -3.358425e-15 -4.662937e-15
4.207040e-01 5.250000055385e+00 4.417392e+00 8.326076e-01 -3.996803e-15 -2.886580e-15
4.195589e-01 5.250000068266e+00 4.405368e+00 8.446320e-01 -3.524958e-15 -3.774758e-15
4.184062e-01 5.250000081530e+00 4.393265e+00 8.567353e-01 -4.163336e-15 -2.997602e-15
4.172460e-01 5.250000095179e+00 4.381083e+00 8.689173e-01 -4.884981e-15 -4.218847e-15
4.160783e-01 5.250000109218e+00 4.368823e+00 8.811776e-01 -4.413137e-15 -2.331468e-15
4.149033e-01 5.250000123649e+00 4.356484e+00 8.935158e-01 -3.580469e-15 -3.275158e-15
4.137208e-01 5.250000138476e+00 4.344069e+00 9.059316e-01 -2.747802e-15 -3.885781e-15
4.125310e-01 5.250000153702e+00 4.331575e+00 9.184247e-01 -4.662937e-15 -1.776357e-15
4.113339e-01 5.250000169330e+00 4.319005e+00 9.309947e-01 -3.580469e-15 -5.162537e-15
4.101294e-01 5.250000185362e+00 4.306359e+00 9.436413e-01 -4.246603e-15 -4.274359e-15
4.089177e-01 5.250000201801e+00 4.293636e+00 9.563641e-01 -5.134781e-15 -2.997602e-15
4.076988e-01 5.250000218650e+00 4.280837e+00 9.691627e-01 -4.662937e-15 -4.163336e-15
4.064727e-01 5.250000235911e+00 4.267963e+00 9.820368e-01 -3.774758e-15 -3.552714e-15
4.052395e-01 5.250000253588e+00 4.255014e+00 9.949859e-01 -4.857226e-15 -4.163336e-15
4.039991e-01 5.250000271681e+00 4.241991e+00 1.008010e+00 -4.274359e-15 -2.553513e-15
4.027517e-01 5.250000290195e+00 4.228892e+00 1.021108e+00 -4.302114e-15 -3.330669e-15
4.014972e-01 5.250000309130e+00 4.215721e+00 1.034280e+00 -4.662937e-15 -3.941292e-15
4.002357e-01 5.250000328488e+00 4.202475e+00 1.047525e+00 -3.275158e-15 -5.995204e-15
3.989673e-01 5.250000348273e+00 4.189157e+00 1.060844e+00 -4.052314e-15 -7.716050e-15
3.976920e-01 5.250000368485e+00 4.175766e+00 1.074235e+00 -3.053113e-15 -7.827072e-15
3.964098e-01 5.250000389126e+00 4.162302e+00 1.087698e+00 -2.747802e-15 -6.106227e-15
3.951207e-01 5.250000410198e+00 4.148767e+00 1.101233e+00 -3.719247e-15 -6.328271e-15
3.938249e-01 5.250000431702e+00 4.135161e+00 1.114839e+00 -3.830269e-15 -6.272760e-15
3.925223e-01 5.250000453640e+00 4.121484e+00 1.128516e+00 -5.329071e-15 -5.717649e-15
3.912130e-01 5.250000476013e+00 4.107736e+00 1.142264e+00 -4.662937e-15 -4.996004e-15
3.898971e-01 5.250000498822e+00 4.093919e+00 1.156081e+00 -3.053113e-15 -4.218847e-15
3.885745e-01 5.250000522068e+00 4.080032e+00 1.169968e+00 -3.996803e-15 -5.995204e-15
3.872454e-01 5.250000545753e+00 4.066076e+00 1.183924e+00 -3.524958e-15 -4.329870e-15
3.859097e-01 5.250000569876e+00 4.052052e+00 1.197949e+00 -3.635980e-15 -3.164136e-15
3.845676e-01 5.250000594438e+00 4.037960e+00 1.212041e+00 -4.080070e-15 -6.772360e-15
3.832190e-01 5.250000619441e+00 4.023800e+00 1.226201e+00 -4.413137e-15 -3.608225e-15
3.818641e-01 5.250000644884e+00 4.009573e+00 1.240428e+00 -4.746203e-15 -4.218847e-15
3.805028e-01 5.250000670769e+00 3.995280e+00 1.254721e+00 -2.997602e-15 -3.053113e-15
3.791353e-01 5.250000697094e+00 3.980921e+00 1.269080e+00 -4.135581e-15 -1.387779e-15
3.777615e-01 5.250000723860e+00 3.966496e+00 1.283505e+00 -3.219647e-15 -4.107825e-15
3.763816e-01 5.250000751067e+00 3.952006e+00 1.297994e+00 -4.635181e-15 -5.162537e-15
3.749955e-01 5.250000778715e+00 3.937453e+00 1.312548e+00 -3.108624e-15 -7.882583e-15
3.736033e-01 5.250000806803e+00 3.922835e+00 1.327166e+00 -2.220446e-15 -2.942091e-15
3.722051e-01 5.250000835331e+00 3.908154e+00 1.341847e+00 -4.635181e-15 -1.887379e-15
3.708010e-01 5.250000864298e+00 3.893411e+00 1.356590e+00 -5.023759e-15 -7.271961e-15
3.693909e-01 5.250000893705e+00 3.878605e+00 1.371396e+00 -3.524958e-15 -5.107026e-15
3.679750e-01 5.250000923548e+00 3.863738e+00 1.386263e+00 -4.746203e-15 -2.275957e-15
3.665533e-01 5.250000953829e+00 3.848810e+00 1.401191e+00 -2.886580e-15 -4.218847e-15
3.651258e-01 5.250000984546e+00 3.833821e+00 1.416180e+00 -2.997602e-15 -5.329071e-15
3.636927e-01 5.250001015697e+00 3.818773e+00 1.431228e+00 -4.496403e-15 -4.940492e-15
3.622539e-01 5.250001047281e+00 3.803665e+00 1.446336e+00 -3.802514e-15 -3.386180e-15
3.608095e-01 5.250001079297e+00 3.788500e+00 1.461502e+00 -3.136380e-15 -3.164136e-15
3.593596e-01 5.250001111743e+00 3.773276e+00 1.476725e+00 -3.941292e-15 -3.386180e-15
3.579042e-01 5.250001144617e+00 3.757995e+00 1.492007e+00 -4.829470e-15 -5.384582e-15
3.564435e-01 5.250001177917e+00 3.742657e+00 1.507344e+00 -3.053113e-15 -2.553513e-15
3.549774e-01 5.250001211642e+00 3.727263e+00 1.522738e+00 -2.775558e-15 -1.998401e-15
3.535061e-01 5.250001245789e+00 3.711814e+00 1.538188e+00 -3.802514e-15 -3.552714e-15
3.520295e-01 5.250001280356e+00 3.696310e+00 1.553692e+00 -3.053113e-15 -4.329870e-15
3.505478e-01 5.250001315341e+00 3.680751e+00 1.569250e+00 -3.719247e-15 -6.328271e-15
3.490609e-01 5.250001350741e+00 3.665140e+00 1.584861e+00 -3.330669e-15 -2.831069e-15
3.475691e-01 5.250001386554e+00 3.649476e+00 1.600526e+00 -2.803313e-15 -1.554312e-15
3.460723e-01 5.250001422776e+00 3.633759e+00 1.616242e+00 -2.858824e-15 -4.052314e-15
3.445706e-01 5.250001459405e+00 3.617991e+00 1.632010e+00 -3.025358e-15 -7.771561e-16
3.430641e-01 5.250001496437e+00 3.602173e+00 1.647829e+00 -2.664535e-15 -2.831069e-15
3.415528e-01 5.250001533871e+00 3.586304e+00 1.663697e+00 -2.275957e-15 -9.436896e-16
3.400368e-01 5.250001571701e+00 3.570387e+00 1.679615e+00 -3.774758e-15 -2.220446e-15
3.385162e-01 5.250001609926e+00 3.554420e+00 1.695582e+00 -3.469447e-15 -4.107825e-15
3.369910e-01 5.250001648542e+00 3.538406e+00 1.711596e+00 -3.802514e-15 -1.387779e-15
3.354613e-01 5.250001687544e+00 3.522344e+00 1.727658e+00 -3.635980e-15 -1.387779e-15
3.339272e-01 5.250001726930e+00 3.506236e+00 1.743766e+00 -5.356826e-15 -2.775558e-15
3.323888e-01 5.250001766695e+00 3.490082e+00 1.759920e+00 -4.080070e-15 -4.274359e-15
3.308460e-01 5.250001806836e+00 3.473883e+00 1.776118e+00 -4.884981e-15 -3.552714e-15
3.292991e-01 5.250001847348e+00 3.457640e+00 1.792362e+00 -2.858824e-15 -4.329870e-15
3.277480e-01 5.250001888227e+00 3.441354e+00 1.808648e+00 -2.997602e-15 -5.662137e-15
3.261928e-01 5.250001929470e+00 3.425024e+00 1.824978e+00 -2.886580e-15 4.996004e-16
3.246336e-01 5.250001971071e+00 3.408653e+00 1.841349e+00 -3.136380e-15 -2.053913e-15
3.230705e-01 5.250002013026e+00 3.392240e+00 1.857762e+00 -4.302114e-15 1.665335e-16
3.215035e-01 5.250002055330e+00 3.375787e+00 1.874215e+00 -4.163336e-15 -2.164935e-15
3.199328e-01 5.250002097980e+00 3.359294e+00 1.890708e+00 -4.357625e-15 -3.996803e-15
3.183583e-01 5.250002140969e+00 3.342762e+00 1.907240e+00 -5.023759e-15 -5.273559e-15
3.167802e-01 5.250002184294e+00 3.326192e+00 1.923810e+00 -3.524958e-15 -1.665335e-15
3.151986e-01 5.250002227949e+00 3.309585e+00 1.940417e+00 -3.858025e-15 -1.054712e-15
3.136134e-01 5.250002271929e+00 3.292941e+00 1.957061e+00 -3.441691e-15 -3.275158e-15
3.120249e-01 5.250002316229e+00 3.276262e+00 1.973741e+00 -4.218847e-15 -4.440892e-16
3.104330e-01 5.250002360844e+00 3.259547e+00 1.990456e+00 -3.358425e-15 -1.609823e-15
3.088379e-01 5.250002405768e+00 3.242798e+00 2.007204e+00 -3.080869e-15 1.665335e-16
3.072396e-01 5.250002450996e+00 3.226016e+00 2.023987e+00 -3.830269e-15 2.220446e-16
3.056382e-01 5.250002496523e+00 3.209201e+00 2.040801e+00 -3.885781e-15 -5.107026e-15
3.040338e-01 5.250002542343e+00 3.192355e+00 2.057648e+00 -4.662937e-15 -8.326673e-16
3.024264e-01 5.250002588450e+00 3.175477e+00 2.074525e+00 -3.996803e-15 -4.940492e-15
3.008162e-01 5.250002634838e+00 3.158570e+00 2.091433e+00 -3.358425e-15 -1.665335e-15
2.992031e-01 5.250002681503e+00 3.141633e+00 2.108370e+00 -4.302114e-15 -5.440093e-15
2.975874e-01 5.250002728437e+00 3.124668e+00 2.125335e+00 -5.467848e-15 -2.220446e-15
2.959691e-01 5.250002775635e+00 3.107675e+00 2.142328e+00 -4.218847e-15 1.665335e-16
2.943482e-01 5.250002823091e+00 3.090656e+00 2.159347e+00 -5.051515e-15 -5.440093e-15
2.927248e-01 5.250002870799e+00 3.073610e+00 2.176393e+00 -3.996803e-15 -5.551115e-17
2.910990e-01 5.250002918753e+00 3.056540e+00 2.193463e+00 -5.662137e-15 -3.330669e-15
2.894710e-01 5.250002966947e+00 3.039445e+00 2.210558e+00 -4.440892e-15 -1.110223e-15
2.878407e-01 5.250003015374e+00 3.022328e+00 2.227675e+00 -4.329870e-15 -2.997602e-15
2.862083e-01 5.250003064029e+00 3.005187e+00 2.244816e+00 -4.746203e-15 -3.830269e-15
2.845738e-01 5.250003112904e+00 2.988025e+00 2.261978e+00 -5.023759e-15 -7.160939e-15
2.829374e-01 5.250003161994e+00 2.970843e+00 2.279160e+00 -4.579670e-15 -4.551914e-15
2.812991e-01 5.250003211292e+00 2.953640e+00 2.296363e+00 -5.245804e-15 -1.443290e-15
2.796589e-01 5.250003260792e+00 2.936419e+00 2.313584e+00 -5.773160e-15 -6.605827e-15
2.780171e-01 5.250003310488e+00 2.919179e+00 2.330824e+00 -4.468648e-15 -1.387779e-15
2.763736e-01 5.250003360372e+00 2.901922e+00 2.348081e+00 -4.829470e-15 5.551115e-17
2.747285e-01 5.250003410438e+00 2.884649e+00 2.365354e+00 -4.440892e-15 -4.440892e-15
2.730820e-01 5.250003460680e+00 2.867361e+00 2.382643e+00 -4.135581e-15 -2.775558e-15
2.714340e-01 5.250003511091e+00 2.850057e+00 2.399946e+00 -4.246603e-15 -4.773959e-15
2.697848e-01 5.250003561665e+00 2.832740e+00 2.417263e+00 -4.191092e-15 -3.996803e-15
2.681344e-01 5.250003612395e+00 2.815411e+00 2.434593e+00 -5.800915e-15 -4.496403e-15
2.664828e-01 5.250003663274e+00 2.798069e+00 2.451935e+00 -5.245804e-15 -2.609024e-15
2.648301e-01 5.250003714296e+00 2.780716e+00 2.469287e+00 -5.967449e-15 -5.162537e-15
2.631765e-01 5.250003765453e+00 2.763354e+00 2.486650e+00 -5.745404e-15 -4.274359e-15
2.615221e-01 5.250003816741e+00 2.745982e+00 2.504022e+00 -4.746203e-15 -1.554312e-15
2.598668e-01 5.250003868151e+00 2.728601e+00 2.521403e+00 -5.717649e-15 -4.496403e-15
2.582108e-01 5.250003919677e+00 2.711213e+00 2.538790e+00 -4.968248e-15 -3.608225e-15
2.565542e-01 5.250003971312e+00 2.693819e+00 2.556185e+00 -5.662137e-15 -8.326673e-15
2.548971e-01 5.250004023051e+00 2.676419e+00 2.573585e+00 -5.245804e-15 -4.996004e-15
2.532395e-01 5.250004074885e+00 2.659015e+00 2.590989e+00 -5.190293e-15 -1.998401e-15
2.515815e-01 5.250004126809e+00 2.641606e+00 2.608398e+00 -5.745404e-15 -5.495604e-15
2.499233e-01 5.250004178816e+00 2.624195e+00 2.625809e+00 -5.717649e-15 -4.551914e-15
2.482649e-01 5.250004230900e+00 2.606781e+00 2.643223e+00 -5.939693e-15 -4.607426e-15
2.466064e-01 5.250004283053e+00 2.589367e+00 2.660637e+00 -6.189493e-15 -4.163336e-15
2.449478e-01 5.250004335269e+00 2.571952e+00 2.678052e+00 -6.106227e-15 -4.163336e-15
2.432894e-01 5.250004387542e+00 2.554538e+00 2.695466e+00 -5.412337e-15 -5.273559e-15
2.416311e-01 5.250004439865e+00 2.537126e+00 2.712878e+00 -5.051515e-15 -5.884182e-15
2.399730e-01 5.250004492232e+00 2.519716e+00 2.730288e+00 -4.635181e-15 -2.997602e-15
2.383153e-01 5.250004544636e+00 2.502310e+00 2.747694e+00 -4.635181e-15 -5.939693e-15
2.366579e-01 5.250004597071e+00 2.484908e+00 2.765096e+00 -5.662137e-15 -2.609024e-15
2.350011e-01 5.250004649531e+00 2.467512e+00 2.782493e+00 -5.717649e-15 -7.494005e-15
2.333449e-01 5.250004702008e+00 2.450121e+00 2.799883e+00 -5.023759e-15 -9.103829e-15
2.316893e-01 5.250004754498e+00 2.432738e+00 2.817267e+00 -5.134781e-15 -2.831069e-15
2.300345e-01 5.250004806993e+00 2.415363e+00 2.834642e+00 -5.551115e-15 -3.497203e-15
2.283806e-01 5.250004859487e+00 2.397996e+00 2.852009e+00 -5.412337e-15 -4.773959e-15
2.267276e-01 5.250004911975e+00 2.380639e+00 2.869365e+00 -5.495604e-15 -8.215650e-15
2.250756e-01 5.250004964450e+00 2.363294e+00 2.886711e+00 -6.245005e-15 -5.218048e-15
2.234247e-01 5.250005016905e+00 2.345959e+00 2.904046e+00 -4.690692e-15 -8.271162e-15
2.217750e-01 5.250005069336e+00 2.328638e+00 2.921367e+00 -4.829470e-15 -3.830269e-15
2.201266e-01 5.250005121737e+00 2.311329e+00 2.938676e+00 -5.440093e-15 1.776357e-15
2.184796e-01 5.250005174100e+00 2.294036e+00 2.955970e+00 -3.858025e-15 -3.108624e-15
2.168340e-01 5.250005226421e+00 2.276757e+00 2.973248e+00 -5.773160e-15 -6.217249e-15
2.151900e-01 5.250005278694e+00 2.259495e+00 2.990511e+00 -5.440093e-15 -6.161738e-15
2.135475e-01 5.250005330913e+00 2.242249e+00 3.007756e+00 -5.134781e-15 -9.714451e-15
2.119068e-01 5.250005383072e+00 2.225022e+00 3.024984e+00 -4.968248e-15 -6.050715e-15
2.102679e-01 5.250005435166e+00 2.207813e+00 3.042192e+00 -4.052314e-15 -1.065814e-14
2.086309e-01 5.250005487189e+00 2.190625e+00 3.059381e+00 -5.329071e-15 -4.385381e-15
2.069959e-01 5.250005539137e+00 2.173456e+00 3.076549e+00 -4.302114e-15 -7.438494e-15
2.053628e-01 5.250005591003e+00 2.156310e+00 3.093696e+00 -3.941292e-15 -6.772360e-15
2.037320e-01 5.250005642782e+00 2.139186e+00 3.110820e+00 -3.969047e-15 -6.328271e-15
2.021033e-01 5.250005694470e+00 2.122085e+00 3.127921e+00 -5.245804e-15 -6.217249e-15
2.004770e-01 5.250005746060e+00 2.105009e+00 3.144997e+00 -4.996004e-15 -4.551914e-15
1.988531e-01 5.250005797549e+00 2.087957e+00 3.162049e+00 -4.496403e-15 -1.076916e-14
1.972316e-01 5.250005848931e+00 2.070932e+00 3.179074e+00 -4.440892e-15 -1.065814e-14
1.956127e-01 5.250005900201e+00 2.053933e+00 3.196073e+00 -4.801715e-15 -7.549517e-15
1.939964e-01 5.250005951354e+00 2.036963e+00 3.213043e+00 -5.107026e-15 -1.032507e-14
1.923829e-01 5.250006002387e+00 2.020020e+00 3.229986e+00 -4.024558e-15 -8.104628e-15
1.907722e-01 5.250006053293e+00 2.003108e+00 3.246898e+00 -4.662937e-15 -4.329870e-15
1.891644e-01 5.250006104069e+00 1.986226e+00 3.263780e+00 -4.607426e-15 -8.548717e-15
1.875595e-01 5.250006154709e+00 1.969375e+00 3.280631e+00 -4.413137e-15 -5.440093e-15
1.859577e-01 5.250006205211e+00 1.952556e+00 3.297450e+00 -5.245804e-15 -3.108624e-15
1.843591e-01 5.250006255569e+00 1.935770e+00 3.314236e+00 -5.190293e-15 -1.110223e-14
1.827637e-01 5.250006305779e+00 1.919019e+00 3.330988e+00 -5.384582e-15 -4.551914e-15
1.811716e-01 5.250006355838e+00 1.902301e+00 3.347705e+00 -4.163336e-15 -8.104628e-15
1.795828e-01 5.250006405741e+00 1.885620e+00 3.364387e+00 -4.302114e-15 -7.438494e-15
1.779976e-01 5.250006455484e+00 1.868975e+00 3.381032e+00 -4.829470e-15 -9.103829e-15
1.764159e-01 5.250006505063e+00 1.852367e+00 3.397640e+00 -4.829470e-15 -8.770762e-15
1.748378e-01 5.250006554475e+00 1.835797e+00 3.414209e+00 -5.023759e-15 -8.215650e-15
1.732635e-01 5.250006603716e+00 1.819267e+00 3.430740e+00 -3.941292e-15 -7.993606e-15
1.716929e-01 5.250006652782e+00 1.802776e+00 3.447231e+00 -4.746203e-15 -1.165734e-14
1.701262e-01 5.250006701671e+00 1.786326e+00 3.463681e+00 -3.802514e-15 -9.214851e-15
1.685635e-01 5.250006750378e+00 1.769917e+00 3.480090e+00 -4.607426e-15 -5.995204e-15
1.670048e-01 5.250006798901e+00 1.753551e+00 3.496456e+00 -5.301315e-15 -7.438494e-15
1.654502e-01 5.250006847235e+00 1.737228e+00 3.512779e+00 -4.884981e-15 -9.547918e-15
1.638999e-01 5.250006895379e+00 1.720948e+00 3.529058e+00 -4.662937e-15 -9.880985e-15
1.623537e-01 5.250006943329e+00 1.704714e+00 3.545293e+00 -5.273559e-15 -7.549517e-15
1.608120e-01 5.250006991082e+00 1.688525e+00 3.561481e+00 -4.801715e-15 -9.103829e-15
1.592746e-01 5.250007038635e+00 1.672383e+00 3.577624e+00 -4.940492e-15 -9.325873e-15
1.577418e-01 5.250007085986e+00 1.656288e+00 3.593719e+00 -5.551115e-15 -9.103829e-15
1.562135e-01 5.250007133132e+00 1.640242e+00 3.609766e+00 -5.467848e-15 -9.880985e-15
1.546899e-01 5.250007180071e+00 1.624244e+00 3.625764e+00 -4.912737e-15 -1.121325e-14
1.531710e-01 5.250007226799e+00 1.608295e+00 3.641712e+00 -5.939693e-15 -1.010303e-14
1.516569e-01 5.250007273316e+00 1.592398e+00 3.657610e+00 -5.440093e-15 -7.882583e-15
1.501477e-01 5.250007319617e+00 1.576551e+00 3.673456e+00 -5.079270e-15 -8.437695e-15
1.486435e-01 5.250007365702e+00 1.560757e+00 3.689250e+00 -5.134781e-15 -1.221245e-14
1.471443e-01 5.250007411568e+00 1.545015e+00 3.704992e+00 -4.413137e-15 -8.215650e-15
1.456502e-01 5.250007457213e+00 1.529328e+00 3.720680e+00 -5.634382e-15 -8.881784e-15
1.441613e-01 5.250007502635e+00 1.513694e+00 3.736313e+00 -5.134781e-15 -1.076916e-14
1.426777e-01 5.250007547832e+00 1.498116e+00 3.751892e+00 -4.579670e-15 -9.436896e-15
1.411994e-01 5.250007592804e+00 1.482594e+00 3.767414e+00 -4.968248e-15 -1.332268e-14
1.397265e-01 5.250007637547e+00 1.467128e+00 3.782879e+00 -5.440093e-15 -5.218048e-15
1.382591e-01 5.250007682060e+00 1.451720e+00 3.798287e+00 -4.204970e-15 -1.287859e-14
1.367972e-01 5.250007726343e+00 1.436371e+00 3.813637e+00 -4.662937e-15 -9.658940e-15
1.353409e-01 5.250007770393e+00 1.421080e+00 3.828928e+00 -5.023759e-15 -1.021405e-14
1.338904e-01 5.250007814209e+00 1.405849e+00 3.844159e+00 -6.300516e-15 -9.658940e-15
1.324456e-01 5.250007857790e+00 1.390679e+00 3.859329e+00 -5.356826e-15 -6.994405e-15
1.310066e-01 5.250007901135e+00 1.375569e+00 3.874438e+00 -5.231926e-15 -1.143530e-14
1.295736e-01 5.250007944243e+00 1.360522e+00 3.889486e+00 -5.107026e-15 -1.265654e-14
1.281465e-01 5.250007987113e+00 1.345538e+00 3.904470e+00 -5.523360e-15 -1.121325e-14
1.267254e-01 5.250008029743e+00 1.330617e+00 3.919391e+00 -5.856426e-15 -6.550316e-15
1.253105e-01 5.250008072134e+00 1.315760e+00 3.934248e+00 -5.370704e-15 -7.882583e-15
1.239018e-01 5.250008114283e+00 1.300969e+00 3.949039e+00 -5.884182e-15 -3.663736e-15
1.224993e-01 5.250008156192e+00 1.286243e+00 3.963766e+00 -5.925815e-15 -8.770762e-15
1.211031e-01 5.250008197858e+00 1.271583e+00 3.978425e+00 -4.773959e-15 -1.321165e-14
1.197134e-01 5.250008239281e+00 1.256990e+00 3.993018e+00 -5.176415e-15 -9.769963e-15
1.183300e-01 5.250008280461e+00 1.242465e+00 4.007543e+00 -5.384582e-15 -5.662137e-15
1.169532e-01 5.250008321398e+00 1.228009e+00 4.021999e+00 -5.509482e-15 -1.043610e-14
1.155830e-01 5.250008362091e+00 1.213622e+00 4.036387e+00 -5.301315e-15 -1.010303e-14
1.142195e-01 5.250008402540e+00 1.199304e+00 4.050704e+00 -6.286638e-15 -1.088019e-14
1.128626e-01 5.250008442744e+00 1.185058e+00 4.064951e+00 -5.370704e-15 -9.325873e-15
1.115126e-01 5.250008482704e+00 1.170882e+00 4.079126e+00 -5.911938e-15 -9.436896e-15
1.101694e-01 5.250008522420e+00 1.156778e+00 4.093230e+00 -5.634382e-15 -1.010303e-14
1.088331e-01 5.250008561890e+00 1.142747e+00 4.107261e+00 -4.884981e-15 -8.326673e-15
1.075038e-01 5.250008601117e+00 1.128790e+00 4.121219e+00 -4.857226e-15 -5.329071e-15
1.061815e-01 5.250008640098e+00 1.114906e+00 4.135103e+00 -6.050715e-15 -1.099121e-14
1.048664e-01 5.250008678836e+00 1.101097e+00 4.148912e+00 -5.356826e-15 -1.310063e-14
1.035584e-01 5.250008717329e+00 1.087363e+00 4.162646e+00 -5.800915e-15 -1.043610e-14
1.022576e-01 5.250008755578e+00 1.073705e+00 4.176304e+00 -5.176415e-15 -5.995204e-15
1.009642e-01 5.250008793584e+00 1.060124e+00 4.189885e+00 -5.315193e-15 -9.436896e-15
9.967806e-02 5.250008831347e+00 1.046620e+00 4.203389e+00 -4.746203e-15 -5.440093e-15
9.839937e-02 5.250008868867e+00 1.033193e+00 4.216815e+00 -5.162537e-15 -8.992806e-15
9.712817e-02 5.250008906144e+00 1.019846e+00 4.230163e+00 -5.453971e-15 -6.994405e-15
9.586449e-02 5.250008943180e+00 1.006577e+00 4.243432e+00 -6.036838e-15 -4.884981e-15
9.460842e-02 5.250008979974e+00 9.933884e-01 4.256621e+00 -6.050715e-15 -6.439294e-15
9.336001e-02 5.250009016528e+00 9.802801e-01 4.269729e+00 -6.397660e-15 -1.376677e-14
9.211931e-02 5.250009052842e+00 9.672528e-01 4.282756e+00 -5.426215e-15 -8.992806e-15
9.088640e-02 5.250009088916e+00 9.543071e-01 4.295702e+00 -5.356826e-15 -1.598721e-14
8.966131e-02 5.250009124752e+00 9.414438e-01 4.308565e+00 -6.231127e-15 -7.882583e-15
8.844412e-02 5.250009160349e+00 9.286633e-01 4.321346e+00 -5.981327e-15 -7.771561e-15
8.723489e-02 5.250009195710e+00 9.159663e-01 4.334043e+00 -6.078471e-15 -1.532108e-14
8.603366e-02 5.250009230835e+00 9.033534e-01 4.346656e+00 -5.842549e-15 -1.310063e-14
8.484050e-02 5.250009265724e+00 8.908252e-01 4.359184e+00 -5.620504e-15 -1.565414e-14
8.365546e-02 5.250009300378e+00 8.783823e-01 4.371627e+00 -5.870304e-15 -8.992806e-15
8.247860e-02 5.250009334799e+00 8.660253e-01 4.383984e+00 -5.967449e-15 -9.214851e-15
8.130997e-02 5.250009368987e+00 8.537547e-01 4.396255e+00 -6.175616e-15 -1.110223e-14
8.014964e-02 5.250009402944e+00 8.415712e-01 4.408438e+00 -5.634382e-15 -1.265654e-14
7.899765e-02 5.250009436670e+00 8.294753e-01 4.420534e+00 -5.759282e-15 -1.365574e-14
7.785407e-02 5.250009470166e+00 8.174677e-01 4.432542e+00 -5.717649e-15 -9.658940e-15
7.671893e-02 5.250009503434e+00 8.055488e-01 4.444461e+00 -5.953571e-15 -1.310063e-14
7.559231e-02 5.250009536475e+00 7.937193e-01 4.456290e+00 -6.369905e-15 -1.132427e-14
7.447425e-02 5.250009569289e+00 7.819796e-01 4.468030e+00 -6.633583e-15 -8.881784e-15
7.336481e-02 5.250009601877e+00 7.703305e-01 4.479679e+00 -5.648260e-15 -1.021405e-14
7.226404e-02 5.250009634242e+00 7.587724e-01 4.491237e+00 -6.036838e-15 -1.187939e-14
7.117198e-02 5.250009666384e+00 7.473058e-01 4.502704e+00 -5.953571e-15 -1.099121e-14
7.008871e-02 5.250009698304e+00 7.359314e-01 4.514078e+00 -6.245005e-15 -1.465494e-14
6.901425e-02 5.250009730003e+00 7.246497e-01 4.525360e+00 -5.773160e-15 -7.105427e-15
6.794868e-02 5.250009761483e+00 7.134611e-01 4.536549e+00 -5.842549e-15 -1.121325e-14
6.689203e-02 5.250009792746e+00 7.023664e-01 4.547643e+00 -5.523360e-15 -1.387779e-14
6.584437e-02 5.250009823791e+00 6.913659e-01 4.558644e+00 -5.592748e-15 -1.276756e-14
6.480573e-02 5.250009854621e+00 6.804602e-01 4.569550e+00 -5.953571e-15 -1.232348e-14
6.377618e-02 5.250009885237e+00 6.696499e-01 4.580360e+00 -6.092349e-15 -9.103829e-15
6.275575e-02 5.250009915639e+00 6.589354e-01 4.591075e+00 -5.925815e-15 -1.287859e-14
6.174451e-02 5.250009945830e+00 6.483173e-01 4.601693e+00 -6.258882e-15 -1.165734e-14
6.074249e-02 5.250009975811e+00 6.377962e-01 4.612214e+00 -6.133982e-15 -9.658940e-15
5.974975e-02 5.250010005583e+00 6.273724e-01 4.622638e+00 -5.676015e-15 -9.325873e-15
5.876634e-02 5.250010035147e+00 6.170465e-01 4.632963e+00 -6.175616e-15 -1.054712e-14
5.779230e-02 5.250010064505e+00 6.068191e-01 4.643191e+00 -5.884182e-15 -1.398881e-14
5.682768e-02 5.250010093658e+00 5.966906e-01 4.653319e+00 -6.231127e-15 -1.398881e-14
5.587253e-02 5.250010122607e+00 5.866616e-01 4.663349e+00 -5.967449e-15 -1.354472e-14
5.492690e-02 5.250010151355e+00 5.767324e-01 4.673278e+00 -6.647460e-15 -1.576517e-14
5.399083e-02 5.250010179901e+00 5.669037e-01 4.683107e+00 -6.300516e-15 -1.065814e-14
5.306436e-02 5.250010208249e+00 5.571758e-01 4.692834e+00 -6.286638e-15 -1.776357e-15
5.214756e-02 5.250010236398e+00 5.475494e-01 4.702461e+00 -6.258882e-15 -8.437695e-15
5.124045e-02 5.250010264351e+00 5.380248e-01 4.711985e+00 -6.286638e-15 -8.215650e-15
5.034310e-02 5.250010292109e+00 5.286025e-01 4.721408e+00 -6.258882e-15 -1.787459e-14
4.945553e-02 5.250010319673e+00 5.192831e-01 4.730727e+00 -6.300516e-15 -1.021405e-14
4.857780e-02 5.250010347045e+00 5.100669e-01 4.739943e+00 -5.995204e-15 -1.765255e-14
4.770995e-02 5.250010374226e+00 5.009545e-01 4.749056e+00 -6.161738e-15 -1.110223e-14
4.685203e-02 5.250010401218e+00 4.919463e-01 4.758064e+00 -6.272760e-15 -1.199041e-14
4.600408e-02 5.250010428023e+00 4.830428e-01 4.766968e+00 -6.314393e-15 -1.398881e-14
4.516614e-02 5.250010454640e+00 4.742444e-01 4.775766e+00 -6.050715e-15 -1.276756e-14
4.433825e-02 5.250010481073e+00 4.655517e-01 4.784459e+00 -6.022960e-15 -1.421085e-14
4.352047e-02 5.250010507323e+00 4.569649e-01 4.793046e+00 -6.258882e-15 -1.287859e-14
4.271283e-02 5.250010533390e+00 4.484847e-01 4.801526e+00 -5.606626e-15 -1.054712e-14
4.191537e-02 5.250010559277e+00 4.401114e-01 4.809899e+00 -6.189493e-15 -1.587619e-14
4.112814e-02 5.250010584985e+00 4.318454e-01 4.818165e+00 -5.814793e-15 -1.099121e-14
4.035117e-02 5.250010610516e+00 4.236873e-01 4.826323e+00 -5.787038e-15 -1.532108e-14
3.958452e-02 5.250010635870e+00 4.156375e-01 4.834373e+00 -6.092349e-15 -1.443290e-14
3.882822e-02 5.250010661050e+00 4.076963e-01 4.842314e+00 -6.203371e-15 -8.770762e-15
3.808231e-02 5.250010686057e+00 3.998643e-01 4.850146e+00 -6.147860e-15 -8.992806e-15
3.734683e-02 5.250010710892e+00 3.921418e-01 4.857869e+00 -6.064593e-15 -2.020606e-14
3.662183e-02 5.250010735557e+00 3.845292e-01 4.865482e+00 -6.161738e-15 -1.587619e-14
3.590734e-02 5.250010760053e+00 3.770271e-01 4.872984e+00 -6.522560e-15 -1.298961e-14
3.520340e-02 5.250010784382e+00 3.696358e-01 4.880375e+00 -6.106227e-15 -2.098322e-14
3.451006e-02 5.250010808545e+00 3.623556e-01 4.887655e+00 -6.147860e-15 -1.731948e-14
3.382735e-02 5.250010832544e+00 3.551872e-01 4.894824e+00 -5.731526e-15 -1.798561e-14
3.315531e-02 5.250010856380e+00 3.481308e-01 4.901880e+00 -6.120104e-15 -1.632028e-14
3.249398e-02 5.250010880054e+00 3.411868e-01 4.908824e+00 -6.356027e-15 -9.325873e-15
3.184340e-02 5.250010903568e+00 3.343557e-01 4.915655e+00 -6.085410e-15 -1.210143e-14
3.120360e-02 5.250010926923e+00 3.276378e-01 4.922373e+00 -5.787038e-15 -2.031708e-14
3.057463e-02 5.250010950121e+00 3.210337e-01 4.928977e+00 -5.960510e-15 -1.965095e-14
2.995653e-02 5.250010973162e+00 3.145435e-01 4.935467e+00 -6.314393e-15 -2.264855e-14
2.934932e-02 5.250010996049e+00 3.081679e-01 4.941843e+00 -5.884182e-15 -1.487699e-14
2.875305e-02 5.250011018781e+00 3.019070e-01 4.948104e+00 -6.293577e-15 -1.598721e-14
2.816775e-02 5.250011041361e+00 2.957614e-01 4.954250e+00 -6.189493e-15 -1.576517e-14
2.759347e-02 5.250011063789e+00 2.897314e-01 4.960280e+00 -6.467049e-15 -2.009504e-14
2.703023e-02 5.250011086068e+00 2.838174e-01 4.966194e+00 -6.050715e-15 -2.053913e-14
2.647808e-02 5.250011108196e+00 2.780198e-01 4.971991e+00 -6.161738e-15 -1.654232e-14
2.593704e-02 5.250011130176e+00 2.723390e-01 4.977672e+00 -6.328271e-15 -1.587619e-14
2.540717e-02 5.250011152009e+00 2.667752e-01 4.983236e+00 -6.432355e-15 -2.098322e-14
2.488848e-02 5.250011173695e+00 2.613290e-01 4.988682e+00 -6.314393e-15 -1.842970e-14
2.438102e-02 5.250011195235e+00 2.560007e-01 4.994011e+00 -6.251943e-15 -1.576517e-14
2.388482e-02 5.250011216630e+00 2.507906e-01 4.999221e+00 -5.988265e-15 -2.076117e-14
2.339991e-02 5.250011237881e+00 2.456991e-01 5.004312e+00 -6.078471e-15 -2.176037e-14
2.292634e-02 5.250011258987e+00 2.407265e-01 5.009285e+00 -6.182554e-15 -1.365574e-14
2.246413e-02 5.250011279949e+00 2.358733e-01 5.014138e+00 -5.988265e-15 -2.742251e-14
2.201331e-02 5.250011300768e+00 2.311398e-01 5.018872e+00 -5.925815e-15 -2.975398e-14
2.157394e-02 5.250011321443e+00 2.265263e-01 5.023485e+00 -6.300516e-15 -1.521006e-14
2.114602e-02 5.250011341975e+00 2.220332e-01 5.027978e+00 -6.196432e-15 -2.420286e-14
2.072961e-02 5.250011362363e+00 2.176609e-01 5.032350e+00 -6.022960e-15 -2.220446e-14
2.032473e-02 5.250011382608e+00 2.134096e-01 5.036602e+00 -6.057654e-15 -2.542411e-14
1.993141e-02 5.250011402709e+00 2.092798e-01 5.040732e+00 -6.210310e-15 -2.076117e-14
1.954969e-02 5.250011422665e+00 2.052718e-01 5.044740e+00 -6.224188e-15 -2.042810e-14
1.917961e-02 5.250011442476e+00 2.013859e-01 5.048626e+00 -6.133982e-15 -2.020606e-14
1.882118e-02 5.250011462141e+00 1.976224e-01 5.052389e+00 -5.995204e-15 -2.076117e-14
1.847445e-02 5.250011481658e+00 1.939817e-01 5.056030e+00 -6.043777e-15 -2.187139e-14
1.813945e-02 5.250011501027e+00 1.904642e-01 5.059547e+00 -6.106227e-15 -1.798561e-14
1.781620e-02 5.250011520245e+00 1.870701e-01 5.062941e+00 -6.411538e-15 -1.898481e-14
1.750474e-02 5.250011539312e+00 1.837998e-01 5.066212e+00 -6.175616e-15 -1.454392e-14
1.720510e-02 5.250011558226e+00 1.806535e-01 5.069358e+00 -6.064593e-15 -1.998401e-14
1.691731e-02 5.250011576983e+00 1.776317e-01 5.072380e+00 -6.279699e-15 -1.676437e-14
1.664140e-02 5.250011595583e+00 1.747347e-01 5.075277e+00 -6.113166e-15 -1.609823e-14
1.637740e-02 5.250011614022e+00 1.719627e-01 5.078049e+00 -6.342149e-15 -2.042810e-14
1.612534e-02 5.250011632297e+00 1.693161e-01 5.080696e+00 -6.224188e-15 -2.198242e-14
1.588525e-02 5.250011650406e+00 1.667951e-01 5.083217e+00 -6.140921e-15 -2.264855e-14
1.565716e-02 5.250011668344e+00 1.644002e-01 5.085611e+00 -6.196432e-15 -1.609823e-14
1.544110e-02 5.250011686109e+00 1.621315e-01 5.087880e+00 -6.168677e-15 -2.453593e-14
1.523709e-02 5.250011703697e+00 1.599895e-01 5.090022e+00 -6.175616e-15 -2.453593e-14
1.504517e-02 5.250011721102e+00 1.579743e-01 5.092037e+00 -6.140921e-15 -1.998401e-14
1.486537e-02 5.250011738321e+00 1.560864e-01 5.093925e+00 -6.376843e-15 -2.053913e-14
1.469770e-02 5.250011755348e+00 1.543259e-01 5.095686e+00 -6.265821e-15 -2.275957e-14
1.454220e-02 5.250011772179e+00 1.526931e-01 5.097319e+00 -6.321332e-15 -2.220446e-14
1.439890e-02 5.250011788808e+00 1.511885e-01 5.098823e+00 -6.189493e-15 -2.653433e-14
1.426783e-02 5.250011805229e+00 1.498122e-01 5.100200e+00 -6.022960e-15 -1.620926e-14
1.414900e-02 5.250011821436e+00 1.485645e-01 5.101447e+00 -6.092349e-15 -2.009504e-14
1.404244e-02 5.250011837423e+00 1.474456e-01 5.102566e+00 -6.175616e-15 -2.231548e-14
1.394819e-02 5.250011853182e+00 1.464560e-01 5.103556e+00 -6.199902e-15 -2.176037e-14
1.386626e-02 5.250011868706e+00 1.455958e-01 5.104416e+00 -6.186024e-15 -2.098322e-14
1.379669e-02 5.250011883989e+00 1.448652e-01 5.105147e+00 -6.088879e-15 -1.809664e-14
1.373949e-02 5.250011899021e+00 1.442647e-01 5.105747e+00 -6.099288e-15 -2.375877e-14
1.369469e-02 5.250011913795e+00 1.437943e-01 5.106218e+00 -6.127043e-15 -1.920686e-14
1.366232e-02 5.250011928302e+00 1.434544e-01 5.106558e+00 -6.050715e-15 -1.632028e-14
1.364240e-02 5.250011942533e+00 1.432452e-01 5.106767e+00 -6.186024e-15 -2.065015e-14
1.363494e-02 5.250011956480e+00 1.431669e-01 5.106845e+00 -6.099288e-15 -1.776357e-14
1.363998e-02 5.250011970131e+00 1.432198e-01 5.106792e+00 -6.269291e-15 -2.120526e-14
1.365754e-02 5.250011983477e+00 1.434041e-01 5.106608e+00 -6.220718e-15 -1.820766e-14
1.368763e-02 5.250011996508e+00 1.437201e-01 5.106292e+00 -6.251943e-15 -2.331468e-14
1.373028e-02 5.250012009214e+00 1.441679e-01 5.105844e+00 -6.210310e-15 -1.376677e-14
1.378550e-02 5.250012021582e+00 1.447478e-01 5.105264e+00 -6.224188e-15 -1.698641e-14
1.385333e-02 5.250012033602e+00 1.454600e-01 5.104552e+00 -6.172146e-15 -2.398082e-14
1.393377e-02 5.250012045262e+00 1.463046e-01 5.103707e+00 -6.262352e-15 -1.965095e-14
1.402686e-02 5.250012056550e+00 1.472820e-01 5.102730e+00 -6.192963e-15 -1.432188e-14
1.413259e-02 5.250012067454e+00 1.483922e-01 5.101620e+00 -6.175616e-15 -1.676437e-14
1.425100e-02 5.250012077961e+00 1.496355e-01 5.100377e+00 -6.144391e-15 -2.042810e-14
1.438210e-02 5.250012088058e+00 1.510120e-01 5.099000e+00 -6.255413e-15 -1.953993e-14
1.452590e-02 5.250012097733e+00 1.525220e-01 5.097490e+00 -6.224188e-15 -1.543210e-14
1.468243e-02 5.250012106971e+00 1.541655e-01 5.095847e+00 -6.210310e-15 -2.065015e-14
1.485169e-02 5.250012115759e+00 1.559428e-01 5.094069e+00 -6.120104e-15 -1.199041e-14
1.503371e-02 5.250012124083e+00 1.578539e-01 5.092158e+00 -6.290107e-15 -2.187139e-14
1.522848e-02 5.250012131929e+00 1.598991e-01 5.090113e+00 -6.085410e-15 -2.431388e-14
1.543604e-02 5.250012139283e+00 1.620784e-01 5.087934e+00 -6.283168e-15 -1.498801e-14
1.565639e-02 5.250012146131e+00 1.643921e-01 5.085620e+00 -6.371639e-15 -2.164935e-14
1.588954e-02 5.250012152457e+00 1.668401e-01 5.083172e+00 -6.366435e-15 -2.031708e-14
1.613550e-02 5.250012158248e+00 1.694227e-01 5.080589e+00 -6.288373e-15 -2.609024e-14
1.639428e-02 5.250012163487e+00 1.721399e-01 5.077872e+00 -6.288373e-15 -1.865175e-14
1.666589e-02 5.250012168161e+00 1.749918e-01 5.075020e+00 -6.411538e-15 -2.342571e-14
1.695034e-02 5.250012172255e+00 1.779786e-01 5.072034e+00 -6.316128e-15 -2.031708e-14
1.724763e-02 5.250012175753e+00 1.811002e-01 5.068912e+00 -6.421946e-15 -2.275957e-14
1.755778e-02 5.250012178640e+00 1.843567e-01 5.065655e+00 -6.316128e-15 -1.776357e-14
1.788078e-02 5.250012180901e+00 1.877482e-01 5.062264e+00 -6.324802e-15 -1.976197e-14
1.821665e-02 5.250012182522e+00 1.912748e-01 5.058737e+00 -6.265821e-15 -2.020606e-14
1.856537e-02 5.250012183487e+00 1.949364e-01 5.055076e+00 -6.241535e-15 -2.242651e-14
1.892696e-02 5.250012183781e+00 1.987331e-01 5.051279e+00 -6.203371e-15 -2.264855e-14
1.930142e-02 5.250012183391e+00 2.026650e-01 5.047347e+00 -6.467916e-15 -2.009504e-14
1.968875e-02 5.250012182300e+00 2.067319e-01 5.043280e+00 -6.281434e-15 -2.109424e-14
2.008895e-02 5.250012180496e+00 2.109339e-01 5.039078e+00 -6.416742e-15 -2.575717e-14
2.050200e-02 5.250012177963e+00 2.152710e-01 5.034741e+00 -6.266689e-15 -1.709743e-14
2.092792e-02 5.250012174687e+00 2.197432e-01 5.030269e+00 -6.202504e-15 -2.342571e-14
2.136670e-02 5.250012170655e+00 2.243503e-01 5.025662e+00 -6.214647e-15 -2.275957e-14
2.181832e-02 5.250012165854e+00 2.290924e-01 5.020920e+00 -6.181687e-15 -2.298162e-14
2.228279e-02 5.250012160270e+00 2.339693e-01 5.016043e+00 -6.177784e-15 -1.953993e-14
2.276010e-02 5.250012153891e+00 2.389811e-01 5.011031e+00 -6.420212e-15 -2.642331e-14
2.325024e-02 5.250012146704e+00 2.441275e-01 5.005885e+00 -6.347787e-15 -2.320366e-14
2.375319e-02 5.250012138696e+00 2.494085e-01 5.000604e+00 -6.381831e-15 -2.287059e-14
2.426895e-02 5.250012129858e+00 2.548240e-01 4.995188e+00 -6.294010e-15 -2.131628e-14
2.479750e-02 5.250012120176e+00 2.603737e-01 4.989638e+00 -6.203297e-15 -2.586820e-14
2.533883e-02 5.250012109642e+00 2.660577e-01 4.983954e+00 -6.608104e-15 -2.486900e-14
2.589292e-02 5.250012098244e+00 2.718756e-01 4.978136e+00 -6.327404e-15 -2.342571e-14
2.645976e-02 5.250012085972e+00 2.778275e-01 4.972185e+00 -6.115551e-15 -2.431388e-14
2.703932e-02 5.250012072819e+00 2.839129e-01 4.966099e+00 -6.177784e-15 -1.476597e-14
2.763160e-02 5.250012058775e+00 2.901318e-01 4.959880e+00 -5.865967e-15 -2.109424e-14
2.823656e-02 5.250012043832e+00 2.964839e-01 4.953528e+00 -6.206407e-15 -2.198242e-14
2.885419e-02 5.250012027983e+00 3.029690e-01 4.947043e+00 -6.109696e-15 -1.765255e-14
2.948446e-02 5.250012011222e+00 3.095868e-01 4.940425e+00 -6.723788e-15 -1.743050e-14
3.012734e-02 5.250011993542e+00 3.163371e-01 4.933675e+00 -6.178218e-15 -1.898481e-14
3.078282e-02 5.250011974939e+00 3.232196e-01 4.926792e+00 -5.935356e-15 -1.931788e-14
3.145086e-02 5.250011955406e+00 3.302340e-01 4.919778e+00 -6.349088e-15 -2.065015e-14
3.213143e-02 5.250011934941e+00 3.373801e-01 4.912632e+00 -6.331741e-15 -1.831868e-14
3.282451e-02 5.250011913540e+00 3.446574e-01 4.905355e+00 -6.465314e-15 -2.220446e-14
3.353006e-02 5.250011891201e+00 3.520656e-01 4.897946e+00 -6.198167e-15 -2.287059e-14
3.424804e-02 5.250011867922e+00 3.596044e-01 4.890407e+00 -6.055920e-15 -1.687539e-14
3.497843e-02 5.250011843701e+00 3.672735e-01 4.882738e+00 -5.724587e-15 -2.309264e-14
3.572118e-02 5.250011818539e+00 3.750724e-01 4.874939e+00 -5.851222e-15 -2.053913e-14
3.647626e-02 5.250011792436e+00 3.830007e-01 4.867011e+00 -6.467049e-15 -2.597922e-14
3.724362e-02 5.250011765393e+00 3.910581e-01 4.858954e+00 -5.828671e-15 -1.987299e-14
3.802324e-02 5.250011737412e+00 3.992440e-01 4.850768e+00 -6.073267e-15 -2.431388e-14
3.881506e-02 5.250011708496e+00 4.075581e-01 4.842454e+00 -6.166942e-15 -2.264855e-14
3.961904e-02 5.250011678648e+00 4.160000e-01 4.834012e+00 -5.969183e-15 -2.264855e-14
4.043514e-02 5.250011647872e+00 4.245690e-01 4.825443e+00 -5.800915e-15 -1.976197e-14
4.126331e-02 5.250011616174e+00 4.332648e-01 4.816747e+00 -5.755812e-15 -1.976197e-14
4.210351e-02 5.250011583558e+00 4.420868e-01 4.807925e+00 -6.083675e-15 -1.787459e-14
4.295568e-02 5.250011550031e+00 4.510346e-01 4.798977e+00 -6.186024e-15 -1.987299e-14
4.381976e-02 5.250011515601e+00 4.601075e-01 4.789904e+00 -6.078471e-15 -2.164935e-14
4.469573e-02 5.250011480275e+00 4.693051e-01 4.780706e+00 -5.946632e-15 -2.076117e-14
4.558350e-02 5.250011444061e+00 4.786268e-01 4.771385e+00 -6.102757e-15 -2.076117e-14
4.648304e-02 5.250011406969e+00 4.880720e-01 4.761939e+00 -6.265821e-15 -2.142730e-14
4.739429e-02 5.250011369008e+00 4.976400e-01 4.752371e+00 -5.960510e-15 -2.398082e-14
4.831719e-02 5.250011330188e+00 5.073305e-01 4.742681e+00 -6.120104e-15 -2.309264e-14
4.925167e-02 5.250011290521e+00 5.171426e-01 4.732869e+00 -6.196432e-15 -1.931788e-14
5.019769e-02 5.250011250018e+00 5.270757e-01 4.722936e+00 -5.891121e-15 -2.409184e-14
5.115517e-02 5.250011208691e+00 5.371293e-01 4.712882e+00 -6.307455e-15 -2.531308e-14
5.212406e-02 5.250011166553e+00 5.473027e-01 4.702709e+00 -6.446232e-15 -1.965095e-14
5.310430e-02 5.250011123617e+00 5.575951e-01 4.692416e+00 -6.453171e-15 -2.342571e-14
5.409581e-02 5.250011079896e+00 5.680060e-01 4.682005e+00 -6.210310e-15 -2.020606e-14
5.509853e-02 5.250011035404e+00 5.785345e-01 4.671477e+00 -6.473988e-15 -2.642331e-14
5.611239e-02 5.250010990156e+00 5.891801e-01 4.660831e+00 -6.147860e-15 -2.253753e-14
5.713733e-02 5.250010944167e+00 5.999419e-01 4.650069e+00 -6.824402e-15 -1.865175e-14
5.817327e-02 5.250010897451e+00 6.108193e-01 4.639192e+00 -6.831341e-15 -2.264855e-14
5.922015e-02 5.250010850024e+00 6.218115e-01 4.628199e+00 -6.800116e-15 -2.153833e-14
6.027788e-02 5.250010801903e+00 6.329178e-01 4.617093e+00 -6.460110e-15 -2.020606e-14
6.134641e-02 5.250010753102e+00 6.441373e-01 4.605873e+00 -6.571133e-15 -1.953993e-14
6.242565e-02 5.250010703638e+00 6.554693e-01 4.594541e+00 -6.297046e-15 -1.931788e-14
6.351553e-02 5.250010653528e+00 6.669130e-01 4.583098e+00 -6.623174e-15 -1.743050e-14
6.461597e-02 5.250010602788e+00 6.784676e-01 4.571543e+00 -6.373374e-15 -2.287059e-14
6.572689e-02 5.250010551434e+00 6.901324e-01 4.559878e+00 -6.314393e-15 -1.743050e-14
6.684823e-02 5.250010499484e+00 7.019064e-01 4.548104e+00 -6.366435e-15 -2.020606e-14
6.797989e-02 5.250010446955e+00 7.137888e-01 4.536222e+00 -6.439294e-15 -1.709743e-14
6.912179e-02 5.250010393863e+00 7.257788e-01 4.524232e+00 -6.272760e-15 -2.808864e-14
7.027387e-02 5.250010340225e+00 7.378756e-01 4.512135e+00 -6.168677e-15 -1.854072e-14
7.143603e-02 5.250010286057e+00 7.500783e-01 4.499932e+00 -6.376843e-15 -2.764455e-14
7.260819e-02 5.250010231377e+00 7.623860e-01 4.487624e+00 -6.744605e-15 -2.298162e-14
7.379027e-02 5.250010176202e+00 7.747978e-01 4.475212e+00 -6.591949e-15 -2.220446e-14
7.498218e-02 5.250010120547e+00 7.873129e-01 4.462697e+00 -6.473988e-15 -2.509104e-14
7.618384e-02 5.250010064429e+00 7.999304e-01 4.450080e+00 -5.842549e-15 -1.831868e-14
7.739517e-02 5.250010007865e+00 8.126493e-01 4.437361e+00 -7.167877e-15 -2.187139e-14
7.861607e-02 5.250009950870e+00 8.254688e-01 4.424541e+00 -5.620504e-15 -1.831868e-14
7.984646e-02 5.250009893460e+00 8.383879e-01 4.411622e+00 -5.898060e-15 -1.887379e-14
8.108626e-02 5.250009835650e+00 8.514057e-01 4.398604e+00 -6.120104e-15 -2.287059e-14
8.233536e-02 5.250009777456e+00 8.645213e-01 4.385488e+00 -5.946632e-15 -2.753353e-14
8.359369e-02 5.250009718892e+00 8.777338e-01 4.372276e+00 -6.647460e-15 -2.386980e-14
8.486115e-02 5.250009659973e+00 8.910421e-01 4.358968e+00 -6.619705e-15 -2.153833e-14
8.613766e-02 5.250009600714e+00 9.044454e-01 4.345564e+00 -7.362166e-15 -1.998401e-14
8.742312e-02 5.250009541128e+00 9.179428e-01 4.332067e+00 -6.071532e-15 -2.031708e-14
8.871744e-02 5.250009481229e+00 9.315331e-01 4.318476e+00 -6.904199e-15 -2.364775e-14
9.002053e-02 5.250009421030e+00 9.452155e-01 4.304794e+00 -6.994405e-15 -2.187139e-14
9.133229e-02 5.250009360544e+00 9.589890e-01 4.291020e+00 -6.050715e-15 -2.320366e-14
9.265263e-02 5.250009299784e+00 9.728527e-01 4.277157e+00 -6.994405e-15 -2.431388e-14
9.398147e-02 5.250009238760e+00 9.868054e-01 4.263204e+00 -6.571133e-15 -1.831868e-14
9.531870e-02 5.250009177485e+00 1.000846e+00 4.249163e+00 -6.585010e-15 -1.909584e-14
9.666423e-02 5.250009115971e+00 1.014974e+00 4.235035e+00 -7.077672e-15 -1.720846e-14
9.801797e-02 5.250009054227e+00 1.029189e+00 4.220820e+00 -5.967449e-15 -2.386980e-14
9.937981e-02 5.250008992264e+00 1.043488e+00 4.206521e+00 -6.175616e-15 -2.298162e-14
1.007497e-01 5.250008930093e+00 1.057872e+00 4.192137e+00 -6.647460e-15 -1.953993e-14
1.021275e-01 5.250008867723e+00 1.072338e+00 4.177671e+00 -6.543377e-15 -1.521006e-14
1.035131e-01 5.250008805162e+00 1.086887e+00 4.163122e+00 -6.966649e-15 -2.131628e-14
1.049064e-01 5.250008742420e+00 1.101517e+00 4.148492e+00 -6.612766e-15 -2.364775e-14
1.063073e-01 5.250008679505e+00 1.116227e+00 4.133782e+00 -7.084611e-15 -2.420286e-14
1.077158e-01 5.250008616424e+00 1.131016e+00 4.118992e+00 -6.987466e-15 -2.531308e-14
1.091317e-01 5.250008553187e+00 1.145883e+00 4.104125e+00 -6.730727e-15 -2.264855e-14
1.105550e-01 5.250008489799e+00 1.160827e+00 4.089181e+00 -6.487866e-15 -2.564615e-14
1.119855e-01 5.250008426268e+00 1.175848e+00 4.074161e+00 -7.750744e-15 -1.498801e-14
1.134231e-01 5.250008362599e+00 1.190943e+00 4.059066e+00 -6.418477e-15 -2.164935e-14
1.148678e-01 5.250008298800e+00 1.206112e+00 4.043897e+00 -7.049916e-15 -2.076117e-14
1.163194e-01 5.250008234877e+00 1.221353e+00 4.028655e+00 -6.897261e-15 -1.865175e-14
1.177778e-01 5.250008170834e+00 1.236667e+00 4.013341e+00 -6.453171e-15 -2.120526e-14
1.192430e-01 5.250008106677e+00 1.252051e+00 3.997957e+00 -6.127043e-15 -2.065015e-14
1.207148e-01 5.250008042411e+00 1.267505e+00 3.982503e+00 -7.549517e-15 -2.164935e-14
1.221932e-01 5.250007978041e+00 1.283028e+00 3.966980e+00 -6.578071e-15 -2.087219e-14
1.236780e-01 5.250007913571e+00 1.298619e+00 3.951389e+00 -6.585010e-15 -2.109424e-14
1.251691e-01 5.250007849005e+00 1.314276e+00 3.935732e+00 -6.689094e-15 -2.220446e-14
1.266665e-01 5.250007784349e+00 1.329998e+00 3.920010e+00 -6.709910e-15 -1.909584e-14
1.281700e-01 5.250007719604e+00 1.345785e+00 3.904223e+00 -6.369905e-15 -1.920686e-14
1.296795e-01 5.250007654776e+00 1.361635e+00 3.888373e+00 -6.571133e-15 -1.587619e-14
1.311950e-01 5.250007589868e+00 1.377547e+00 3.872460e+00 -6.626644e-15 -2.331468e-14
1.327163e-01 5.250007524883e+00 1.393521e+00 3.856486e+00 -6.397660e-15 -1.654232e-14
1.342433e-01 5.250007459825e+00 1.409555e+00 3.840453e+00 -5.884182e-15 -2.164935e-14
1.357760e-01 5.250007394696e+00 1.425648e+00 3.824360e+00 -6.841749e-15 -1.765255e-14
1.373142e-01 5.250007329501e+00 1.441799e+00 3.808209e+00 -7.154000e-15 -1.798561e-14
1.388578e-01 5.250007264241e+00 1.458007e+00 3.792001e+00 -6.578071e-15 -2.087219e-14
1.404067e-01 5.250007198920e+00 1.474270e+00 3.775737e+00 -5.981327e-15 -1.931788e-14
1.419608e-01 5.250007133541e+00 1.490589e+00 3.759418e+00 -5.426215e-15 -2.453593e-14
1.435201e-01 5.250007068107e+00 1.506961e+00 3.743046e+00 -5.301315e-15 -2.231548e-14
1.450843e-01 5.250007002621e+00 1.523385e+00 3.726622e+00 -5.731526e-15 -2.287059e-14
1.466535e-01 5.250006937086e+00 1.539862e+00 3.710145e+00 -5.592748e-15 -2.020606e-14
1.482275e-01 5.250006871504e+00 1.556388e+00 3.693619e+00 -6.161738e-15 -2.409184e-14
1.498061e-01 5.250006805879e+00 1.572964e+00 3.677043e+00 -6.009082e-15 -1.942890e-14
1.513894e-01 5.250006740213e+00 1.589588e+00 3.660418e+00 -6.078471e-15 -1.820766e-14
1.529771e-01 5.250006674510e+00 1.606260e+00 3.643747e+00 -5.342948e-15 -2.209344e-14
1.545693e-01 5.250006608773e+00 1.622977e+00 3.627029e+00 -6.550316e-15 -2.042810e-14
1.561657e-01 5.250006543005e+00 1.639740e+00 3.610267e+00 -7.147061e-15 -1.865175e-14
1.577663e-01 5.250006477210e+00 1.656546e+00 3.593461e+00 -6.536438e-15 -1.909584e-14
1.593709e-01 5.250006411390e+00 1.673395e+00 3.576612e+00 -6.120104e-15 -2.553513e-14
1.609796e-01 5.250006345549e+00 1.690285e+00 3.559721e+00 -7.022161e-15 -2.253753e-14
1.625921e-01 5.250006279691e+00 1.707217e+00 3.542790e+00 -6.231127e-15 -2.242651e-14
1.642083e-01 5.250006213819e+00 1.724187e+00 3.525819e+00 -7.993606e-15 -1.942890e-14
1.658282e-01 5.250006147937e+00 1.741196e+00 3.508810e+00 -7.133183e-15 -2.631229e-14
1.674517e-01 5.250006082048e+00 1.758243e+00 3.491764e+00 -6.578071e-15 -2.364775e-14
1.690786e-01 5.250006016157e+00 1.775325e+00 3.474681e+00 -7.480128e-15 -2.731149e-14
1.707088e-01 5.250005950268e+00 1.792442e+00 3.457564e+00 -6.689094e-15 -1.976197e-14
1.723423e-01 5.250005884385e+00 1.809594e+00 3.440412e+00 -7.369105e-15 -2.164935e-14
1.739789e-01 5.250005818512e+00 1.826778e+00 3.423228e+00 -6.994405e-15 -2.553513e-14
1.756185e-01 5.250005752654e+00 1.843994e+00 3.406012e+00 -7.036038e-15 -2.031708e-14
1.772610e-01 5.250005686815e+00 1.861241e+00 3.388765e+00 -7.382983e-15 -2.320366e-14
1.789063e-01 5.250005620999e+00 1.878517e+00 3.371489e+00 -6.675216e-15 -2.564615e-14
1.805544e-01 5.250005555212e+00 1.895821e+00 3.354184e+00 -6.855627e-15 -2.609024e-14
1.822050e-01 5.250005489457e+00 1.913153e+00 3.336853e+00 -6.439294e-15 -1.898481e-14
1.838582e-01 5.250005423741e+00 1.930511e+00 3.319495e+00 -7.424616e-15 -1.698641e-14
1.855137e-01 5.250005358068e+00 1.947894e+00 3.302111e+00 -6.453171e-15 -2.597922e-14
1.871715e-01 5.250005292443e+00 1.965301e+00 3.284704e+00 -6.647460e-15 -2.420286e-14
1.888315e-01 5.250005226871e+00 1.982731e+00 3.267275e+00 -7.355228e-15 -2.575717e-14
1.904935e-01 5.250005161359e+00 2.000182e+00 3.249823e+00 -6.231127e-15 -2.287059e-14
1.921576e-01 5.250005095910e+00 2.017654e+00 3.232351e+00 -6.550316e-15 -2.520206e-14
1.938234e-01 5.250005030531e+00 2.035146e+00 3.214859e+00 -6.966649e-15 -2.364775e-14
1.954911e-01 5.250004965227e+00 2.052656e+00 3.197349e+00 -6.758483e-15 -2.409184e-14
1.971604e-01 5.250004900004e+00 2.070184e+00 3.179821e+00 -7.410739e-15 -2.098322e-14
1.988312e-01 5.250004834868e+00 2.087727e+00 3.162277e+00 -5.467848e-15 -2.264855e-14
2.005034e-01 5.250004769824e+00 2.105286e+00 3.144719e+00 -6.675216e-15 -2.031708e-14
2.021770e-01 5.250004704879e+00 2.122859e+00 3.127146e+00 -6.897261e-15 -2.509104e-14
2.038519e-01 5.250004640038e+00 2.140445e+00 3.109560e+00 -6.813994e-15 -2.342571e-14
2.055278e-01 5.250004575307e+00 2.158042e+00 3.091963e+00 -7.133183e-15 -2.364775e-14
2.072048e-01 5.250004510694e+00 2.175650e+00 3.074355e+00 -6.841749e-15 -2.253753e-14
2.088826e-01 5.250004446202e+00 2.193268e+00 3.056737e+00 -7.202572e-15 -2.453593e-14
2.105613e-01 5.250004381841e+00 2.210894e+00 3.039111e+00 -7.160939e-15 -2.609024e-14
2.122407e-01 5.250004317614e+00 2.228527e+00 3.021477e+00 -7.729928e-15 -2.065015e-14
2.139207e-01 5.250004253530e+00 2.246167e+00 3.003837e+00 -7.077672e-15 -2.453593e-14
2.156011e-01 5.250004189594e+00 2.263812e+00 2.986192e+00 -7.216450e-15 -2.209344e-14
2.172820e-01 5.250004125813e+00 2.281461e+00 2.968543e+00 -7.091550e-15 -2.031708e-14
2.189631e-01 5.250004062193e+00 2.299113e+00 2.950891e+00 -8.049117e-15 -2.464695e-14
2.206445e-01 5.250003998742e+00 2.316767e+00 2.933237e+00 -7.716050e-15 -2.342571e-14
2.223259e-01 5.250003935467e+00 2.334422e+00 2.915582e+00 -6.245005e-15 -2.153833e-14
2.240073e-01 5.250003872373e+00 2.352076e+00 2.897927e+00 -7.424616e-15 -2.364775e-14
2.256885e-01 5.250003809469e+00 2.369730e+00 2.880274e+00 -7.285839e-15 -2.264855e-14
2.273696e-01 5.250003746761e+00 2.387380e+00 2.862623e+00 -6.675216e-15 -2.464695e-14
2.290503e-01 5.250003684257e+00 2.405028e+00 2.844976e+00 -6.036838e-15 -2.353673e-14
2.307305e-01 5.250003621964e+00 2.422670e+00 2.827333e+00 -6.078471e-15 -2.919887e-14
2.324102e-01 5.250003559888e+00 2.440307e+00 2.809696e+00 -6.106227e-15 -2.309264e-14
2.340893e-01 5.250003498039e+00 2.457938e+00 2.792066e+00 -5.731526e-15 -2.642331e-14
2.357677e-01 5.250003436422e+00 2.475560e+00 2.774443e+00 -7.091550e-15 -2.331468e-14
2.374452e-01 5.250003375047e+00 2.493174e+00 2.756829e+00 -6.786238e-15 -1.776357e-14
2.391217e-01 5.250003313921e+00 2.510778e+00 2.739225e+00 -6.217249e-15 -1.865175e-14
2.407972e-01 5.250003253051e+00 2.528371e+00 2.721632e+00 -7.896461e-15 -2.686740e-14
2.424716e-01 5.250003192447e+00 2.545952e+00 2.704051e+00 -6.356027e-15 -2.520206e-14
2.441448e-01 5.250003132116e+00 2.563520e+00 2.686483e+00 -7.466250e-15 -2.142730e-14
2.458166e-01 5.250003072067e+00 2.581074e+00 2.668929e+00 -5.745404e-15 -2.042810e-14
2.474869e-01 5.250003012308e+00 2.598613e+00 2.651390e+00 -7.410739e-15 -2.708944e-14
2.491557e-01 5.250002952848e+00 2.616135e+00 2.633868e+00 -5.898060e-15 -2.597922e-14
2.508229e-01 5.250002893696e+00 2.633641e+00 2.616362e+00 -5.453971e-15 -2.142730e-14
2.524884e-01 5.250002834862e+00 2.651128e+00 2.598875e+00 -5.384582e-15 -2.109424e-14
2.541520e-01 5.250002776353e+00 2.668596e+00 2.581407e+00 -6.578071e-15 -2.375877e-14
2.558137e-01 5.250002718180e+00 2.686044e+00 2.563959e+00 -6.286638e-15 -2.264855e-14
2.574734e-01 5.250002660352e+00 2.703470e+00 2.546532e+00 -7.799317e-15 -1.965095e-14
2.591309e-01 5.250002602879e+00 2.720875e+00 2.529128e+00 -5.107026e-15 -2.275957e-14
2.607863e-01 5.250002545771e+00 2.738256e+00 2.511747e+00 -5.981327e-15 -2.597922e-14
2.624393e-01 5.250002489038e+00 2.755613e+00 2.494390e+00 -7.549517e-15 -2.431388e-14
2.640900e-01 5.250002432690e+00 2.772945e+00 2.477058e+00 -5.925815e-15 -1.998401e-14
2.657381e-01 5.250002376738e+00 2.790250e+00 2.459752e+00 -5.981327e-15 -2.009504e-14
2.673837e-01 5.250002321192e+00 2.807529e+00 2.442474e+00 -6.550316e-15 -2.398082e-14
2.690266e-01 5.250002266064e+00 2.824779e+00 2.425223e+00 -7.840950e-15 -2.209344e-14
2.706667e-01 5.250002211364e+00 2.842000e+00 2.408002e+00 -5.898060e-15 -2.309264e-14
2.723039e-01 5.250002157103e+00 2.859191e+00 2.390811e+00 -8.021361e-15 -1.898481e-14
2.739382e-01 5.250002103293e+00 2.876351e+00 2.373651e+00 -6.730727e-15 -2.264855e-14
2.755695e-01 5.250002049946e+00 2.893480e+00 2.356522e+00 -6.578071e-15 -2.153833e-14
2.771976e-01 5.250001997073e+00 2.910575e+00 2.339427e+00 -6.938894e-15 -2.331468e-14
2.788226e-01 5.250001944686e+00 2.927637e+00 2.322365e+00 -7.271961e-15 -2.220446e-14
2.804442e-01 5.250001892797e+00 2.944664e+00 2.305338e+00 -6.675216e-15 -2.287059e-14
2.820624e-01 5.250001841419e+00 2.961655e+00 2.288347e+00 -6.245005e-15 -2.242651e-14
2.836772e-01 5.250001790563e+00 2.978610e+00 2.271392e+00 -6.730727e-15 -2.831069e-14
2.852884e-01 5.250001740243e+00 2.995528e+00 2.254474e+00 -6.716849e-15 -2.131628e-14
2.868959e-01 5.250001690470e+00 3.012407e+00 2.237594e+00 -6.938894e-15 -2.564615e-14
2.884998e-01 5.250001641258e+00 3.029247e+00 2.220754e+00 -7.036038e-15 -2.453593e-14
2.900998e-01 5.250001592619e+00 3.046048e+00 2.203954e+00 -7.341350e-15 -2.553513e-14
2.916959e-01 5.250001544566e+00 3.062807e+00 2.187194e+00 -7.008283e-15 -2.520206e-14
2.932881e-01 5.250001497112e+00 3.079525e+00 2.170477e+00 -6.855627e-15 -2.065015e-14
2.948762e-01 5.250001450269e+00 3.096200e+00 2.153801e+00 -7.049916e-15 -2.353673e-14
2.964602e-01 5.250001404052e+00 3.112832e+00 2.137169e+00 -7.410739e-15 -2.775558e-14
2.980400e-01 5.250001358473e+00 3.129420e+00 2.120582e+00 -7.688294e-15 -2.509104e-14
2.996155e-01 5.250001313544e+00 3.145962e+00 2.104039e+00 -6.550316e-15 -2.708944e-14
3.011866e-01 5.250001269280e+00 3.162460e+00 2.087542e+00 -6.772360e-15 -2.764455e-14
3.027533e-01 5.250001225693e+00 3.178910e+00 2.071091e+00 -7.410739e-15 -2.653433e-14
3.043155e-01 5.250001182795e+00 3.195313e+00 2.054688e+00 -7.799317e-15 -2.764455e-14
3.058732e-01 5.250001140600e+00 3.211668e+00 2.038333e+00 -7.660539e-15 -3.075318e-14
3.074262e-01 5.250001099120e+00 3.227975e+00 2.022026e+00 -8.187895e-15 -2.764455e-14
3.089744e-01 5.250001058368e+00 3.244231e+00 2.005770e+00 -8.604228e-15 -2.797762e-14
3.105179e-01 5.250001018356e+00 3.260438e+00 1.989563e+00 -8.520962e-15 -2.675637e-14
3.120565e-01 5.250000979097e+00 3.276594e+00 1.973407e+00 -7.660539e-15 -2.686740e-14
3.135902e-01 5.250000940602e+00 3.292697e+00 1.957304e+00 -6.855627e-15 -2.597922e-14
3.151189e-01 5.250000902883e+00 3.308749e+00 1.941252e+00 -8.770762e-15 -2.753353e-14
3.166426e-01 5.250000865953e+00 3.324747e+00 1.925254e+00 -7.216450e-15 -2.808864e-14
3.181611e-01 5.250000829821e+00 3.340692e+00 1.909309e+00 -5.495604e-15 -3.219647e-14
3.196745e-01 5.250000794499e+00 3.356582e+00 1.893419e+00 -7.993606e-15 -2.997602e-14
3.211826e-01 5.250000759998e+00 3.372418e+00 1.877583e+00 -4.884981e-15 -2.919887e-14
3.226855e-01 5.250000726328e+00 3.388197e+00 1.861803e+00 -6.661338e-15 -2.819966e-14
3.241829e-01 5.250000693498e+00 3.403921e+00 1.846080e+00 -7.382983e-15 -3.130829e-14
3.256750e-01 5.250000661519e+00 3.419587e+00 1.830413e+00 -7.910339e-15 -2.764455e-14
3.271616e-01 5.250000630399e+00 3.435197e+00 1.814804e+00 -7.271961e-15 -3.286260e-14
3.286426e-01 5.250000600147e+00 3.450748e+00 1.799253e+00 -6.494805e-15 -2.797762e-14
3.301181e-01 5.250000570771e+00 3.466240e+00 1.783760e+00 -6.189493e-15 -2.842171e-14
3.315880e-01 5.250000542279e+00 3.481674e+00 1.768327e+00 -4.524159e-15 -2.908784e-14
3.330522e-01 5.250000514677e+00 3.497048e+00 1.752953e+00 -5.273559e-15 -3.053113e-14
3.345106e-01 5.250000487972e+00 3.512362e+00 1.737639e+00 -6.189493e-15 -2.786660e-14
3.359633e-01 5.250000462170e+00 3.527615e+00 1.722385e+00 -5.523360e-15 -3.164136e-14
3.374102e-01 5.250000437276e+00 3.542807e+00 1.707193e+00 -6.911138e-15 -2.942091e-14
3.388512e-01 5.250000413295e+00 3.557938e+00 1.692063e+00 -6.272760e-15 -2.819966e-14
3.402863e-01 5.250000390231e+00 3.573006e+00 1.676994e+00 -6.522560e-15 -2.731149e-14
3.417154e-01 5.250000368087e+00 3.588012e+00 1.661988e+00 -5.134781e-15 -2.986500e-14
3.431386e-01 5.250000346865e+00 3.602955e+00 1.647045e+00 -6.522560e-15 -2.897682e-14
3.445557e-01 5.250000326568e+00 3.617835e+00 1.632165e+00 -4.329870e-15 -2.775558e-14
3.459668e-01 5.250000307197e+00 3.632651e+00 1.617349e+00 -5.440093e-15 -2.720046e-14
3.473717e-01 5.250000288751e+00 3.647403e+00 1.602597e+00 -6.078471e-15 -3.264056e-14
3.487705e-01 5.250000271231e+00 3.662091e+00 1.587910e+00 -5.578871e-15 -2.942091e-14
3.501632e-01 5.250000254636e+00 3.676713e+00 1.573287e+00 -6.217249e-15 -3.230749e-14
3.515496e-01 5.250000238963e+00 3.691271e+00 1.558729e+00 -5.800915e-15 -3.053113e-14
3.529298e-01 5.250000224209e+00 3.705763e+00 1.544237e+00 -5.717649e-15 -3.275158e-14
3.543037e-01 5.250000210371e+00 3.720189e+00 1.529811e+00 -6.966649e-15 -3.175238e-14
3.556714e-01 5.250000197444e+00 3.734549e+00 1.515451e+00 -5.800915e-15 -2.942091e-14
3.570327e-01 5.250000185424e+00 3.748843e+00 1.501157e+00 -5.412337e-15 -3.241851e-14
3.583877e-01 5.250000174302e+00 3.763070e+00 1.486930e+00 -6.050715e-15 -3.325118e-14
3.597363e-01 5.250000164074e+00 3.777231e+00 1.472769e+00 -8.354428e-15 -3.047562e-14
3.610785e-01 5.250000154730e+00 3.791324e+00 1.458676e+00 -7.105427e-15 -2.731149e-14
3.624143e-01 5.250000146261e+00 3.805350e+00 1.444650e+00 -5.551115e-15 -2.892131e-14
3.637437e-01 5.250000138659e+00 3.819308e+00 1.430692e+00 -7.244205e-15 -3.425038e-14
3.650666e-01 5.250000131912e+00 3.833199e+00 1.416801e+00 -7.216450e-15 -2.975398e-14
3.663830e-01 5.250000126008e+00 3.847022e+00 1.402978e+00 -7.188694e-15 -3.191891e-14
3.676930e-01 5.250000120936e+00 3.860777e+00 1.389224e+00 -6.300516e-15 -3.141931e-14
3.689965e-01 5.250000116681e+00 3.874463e+00 1.375537e+00 -7.299716e-15 -3.186340e-14
3.702934e-01 5.250000113231e+00 3.888081e+00 1.361919e+00 -6.578071e-15 -3.147482e-14
3.715839e-01 5.250000110569e+00 3.901631e+00 1.348370e+00 -7.299716e-15 -2.847722e-14
3.728678e-01 5.250000108679e+00 3.915112e+00 1.334889e+00 -5.717649e-15 -3.114176e-14
3.741451e-01 5.250000107546e+00 3.928524e+00 1.321476e+00 -8.520962e-15 -2.819966e-14
3.754159e-01 5.250000107151e+00 3.941867e+00 1.308133e+00 -6.661338e-15 -3.091971e-14
3.766802e-01 5.250000107476e+00 3.955142e+00 1.294858e+00 -7.410739e-15 -3.030909e-14
3.779378e-01 5.250000108502e+00 3.968347e+00 1.281653e+00 -7.965850e-15 -2.925438e-14
3.791889e-01 5.250000110208e+00 3.981484e+00 1.268516e+00 -7.799317e-15 -3.236300e-14
3.804334e-01 5.250000112574e+00 3.994551e+00 1.255449e+00 -9.547918e-15 -3.452794e-14
3.816714e-01 5.250000115578e+00 4.007549e+00 1.242451e+00 -7.494005e-15 -3.347322e-14
3.829027e-01 5.250000119197e+00 4.020479e+00 1.229522e+00 -7.965850e-15 -2.975398e-14
3.841275e-01 5.250000123409e+00 4.033339e+00 1.216662e+00 -8.271162e-15 -2.919887e-14
3.853457e-01 5.250000128190e+00 4.046129e+00 1.203871e+00 -7.299716e-15 -3.308465e-14
3.865572e-01 5.250000133515e+00 4.058851e+00 1.191149e+00 -7.216450e-15 -3.502754e-14
3.877622e-01 5.250000139359e+00 4.071504e+00 1.178497e+00 -6.800116e-15 -3.325118e-14
3.889607e-01 5.250000145696e+00 4.084087e+00 1.165913e+00 -8.826273e-15 -2.986500e-14
3.901525e-01 5.250000152500e+00 4.096601e+00 1.153399e+00 -6.328271e-15 -3.158585e-14
3.913378e-01 5.250000159744e+00 4.109047e+00 1.140954e+00 -8.576473e-15 -3.208545e-14
3.925164e-01 5.250000167400e+00 4.121423e+00 1.128577e+00 -9.492407e-15 -3.169687e-14
3.936886e-01 5.250000175440e+00 4.133730e+00 1.116270e+00 -7.549517e-15 -3.075318e-14
3.948541e-01 5.250000183837e+00 4.145968e+00 1.104032e+00 -8.631984e-15 -3.314016e-14
3.960131e-01 5.250000192560e+00 4.158138e+00 1.091863e+00 -8.076873e-15 -3.280709e-14
3.971655e-01 5.250000201580e+00 4.170238e+00 1.079762e+00 -8.992806e-15 -3.258505e-14
3.983114e-01 5.250000210868e+00 4.182270e+00 1.067730e+00 -7.799317e-15 -3.408385e-14
3.994508e-01 5.250000220393e+00 4.194233e+00 1.055767e+00 -8.409939e-15 -3.108624e-14
4.005836e-01 5.250000230126e+00 4.206128e+00 1.043873e+00 -7.632783e-15 -3.413936e-14
4.017099e-01 5.250000240035e+00 4.217954e+00 1.032046e+00 -7.382983e-15 -2.969847e-14
4.028297e-01 5.250000250089e+00 4.229711e+00 1.020289e+00 -9.964252e-15 -3.269607e-14
4.039429e-01 5.250000260257e+00 4.241401e+00 1.008600e+00 -8.659740e-15 -3.214096e-14
4.050497e-01 5.250000270508e+00 4.253022e+00 9.969785e-01 -7.743806e-15 -3.053113e-14
4.061500e-01 5.250000280811e+00 4.264575e+00 9.854257e-01 -9.187096e-15 -3.091971e-14
4.072438e-01 5.250000291134e+00 4.276059e+00 9.739409e-01 -9.076073e-15 -3.080869e-14
4.083311e-01 5.250000301445e+00 4.287476e+00 9.625241e-01 -6.772360e-15 -3.430589e-14
4.094119e-01 5.250000311712e+00 4.298825e+00 9.511752e-01 -8.326673e-15 -3.425038e-14
4.104863e-01 5.250000321905e+00 4.310106e+00 9.398941e-01 -8.465451e-15 -3.347322e-14
4.115542e-01 5.250000331992e+00 4.321320e+00 9.286807e-01 -8.409939e-15 -3.214096e-14
4.126158e-01 5.250000341941e+00 4.332465e+00 9.175349e-01 -9.076073e-15 -3.191891e-14
4.136708e-01 5.250000351722e+00 4.343544e+00 9.064567e-01 -8.798517e-15 -3.080869e-14
4.147195e-01 5.250000361303e+00 4.354554e+00 8.954460e-01 -9.325873e-15 -3.397282e-14
4.157617e-01 5.250000370653e+00 4.365498e+00 8.845026e-01 -8.437695e-15 -3.358425e-14
4.167975e-01 5.250000379743e+00 4.376374e+00 8.736265e-01 -7.188694e-15 -3.075318e-14
4.178269e-01 5.250000388541e+00 4.387183e+00 8.628176e-01 -8.604228e-15 -3.119727e-14
4.188500e-01 5.250000397019e+00 4.397925e+00 8.520758e-01 -8.243406e-15 -3.302913e-14
4.198666e-01 5.250000405147e+00 4.408599e+00 8.414012e-01 -8.604228e-15 -3.214096e-14
4.208768e-01 5.250000412896e+00 4.419207e+00 8.307936e-01 -7.327472e-15 -3.147482e-14
4.218807e-01 5.250000420238e+00 4.429747e+00 8.202529e-01 -8.187895e-15 -3.219647e-14
4.228782e-01 5.250000427145e+00 4.440221e+00 8.097792e-01 -9.353629e-15 -3.430589e-14
4.238693e-01 5.250000433590e+00 4.450628e+00 7.993723e-01 -9.409140e-15 -3.558265e-14
4.248541e-01 5.250000439545e+00 4.460968e+00 7.890323e-01 -8.770762e-15 -3.297362e-14
4.258325e-01 5.250000444986e+00 4.471241e+00 7.787591e-01 -9.076073e-15 -3.341771e-14
4.268046e-01 5.250000449887e+00 4.481448e+00 7.685527e-01 -9.131584e-15 -3.036460e-14
4.277702e-01 5.250000454223e+00 4.491587e+00 7.584130e-01 -9.631185e-15 -3.269607e-14
4.287296e-01 5.250000457970e+00 4.501660e+00 7.483401e-01 -8.354428e-15 -3.202993e-14
4.296825e-01 5.250000461107e+00 4.511666e+00 7.383340e-01 -9.325873e-15 -3.469447e-14
4.306291e-01 5.250000463610e+00 4.521606e+00 7.283947e-01 -9.853229e-15 -3.352874e-14
4.315694e-01 5.250000465459e+00 4.531478e+00 7.185222e-01 -9.936496e-15 -3.302913e-14
4.325032e-01 5.250000466634e+00 4.541284e+00 7.087165e-01 -8.715251e-15 -3.447242e-14
4.334307e-01 5.250000467115e+00 4.551023e+00 6.989777e-01 -1.079692e-14 -3.452794e-14
4.343519e-01 5.250000466884e+00 4.560695e+00 6.893058e-01 -9.908740e-15 -3.380629e-14
4.352666e-01 5.250000465924e+00 4.570300e+00 6.797008e-01 -9.381385e-15 -3.425038e-14
4.361750e-01 5.250000464219e+00 4.579837e+00 6.701630e-01 -9.769963e-15 -3.369527e-14
4.370770e-01 5.250000461754e+00 4.589308e+00 6.606922e-01 -1.024181e-14 -3.413936e-14
4.379725e-01 5.250000458516e+00 4.598712e+00 6.512887e-01 -1.110223e-14 -3.375078e-14
4.388617e-01 5.250000454492e+00 4.608048e+00 6.419525e-01 -1.121325e-14 -3.314016e-14
4.397444e-01 5.250000449670e+00 4.617317e+00 6.326838e-01 -9.076073e-15 -3.291811e-14
4.406207e-01 5.250000444041e+00 4.626518e+00 6.234826e-01 -9.797718e-15 -3.352874e-14
4.414906e-01 5.250000437597e+00 4.635651e+00 6.143492e-01 -9.686696e-15 -3.380629e-14
4.423540e-01 5.250000430328e+00 4.644717e+00 6.052836e-01 -1.143530e-14 -3.391731e-14
4.432109e-01 5.250000422230e+00 4.653714e+00 5.962860e-01 -1.054712e-14 -3.286260e-14
4.440613e-01 5.250000413298e+00 4.662644e+00 5.873566e-01 -1.054712e-14 -3.597123e-14
4.449052e-01 5.250000403529e+00 4.671505e+00 5.784956e-01 -9.020562e-15 -3.486100e-14
4.457426e-01 5.250000392920e+00 4.680297e+00 5.697031e-01 -9.964252e-15 -3.436140e-14
4.465734e-01 5.250000381472e+00 4.689021e+00 5.609794e-01 -8.965051e-15 -3.441691e-14
4.473977e-01 5.250000369185e+00 4.697676e+00 5.523248e-01 -1.182388e-14 -3.574918e-14
4.482153e-01 5.250000356062e+00 4.706261e+00 5.437393e-01 -9.159340e-15 -3.519407e-14
4.490264e-01 5.250000342107e+00 4.714777e+00 5.352233e-01 -9.520162e-15 -3.586020e-14
4.498308e-01 5.250000327326e+00 4.723223e+00 5.267771e-01 -1.001976e-14 -3.619327e-14
4.506285e-01 5.250000311726e+00 4.731600e+00 5.184008e-01 -1.101896e-14 -3.513856e-14
4.514196e-01 5.250000295315e+00 4.739905e+00 5.100948e-01 -1.074141e-14 -3.663736e-14
4.522039e-01 5.250000278104e+00 4.748141e+00 5.018594e-01 -9.575674e-15 -3.608225e-14
4.529815e-01 5.250000260105e+00 4.756305e+00 4.936948e-01 -9.880985e-15 -3.574918e-14
4.537523e-01 5.250000241330e+00 4.764399e+00 4.856014e-01 -1.104672e-14 -3.652634e-14
4.545163e-01 5.250000221795e+00 4.772421e+00 4.775794e-01 -9.769963e-15 -3.519407e-14
4.552734e-01 5.250000201517e+00 4.780371e+00 4.696293e-01 -1.057487e-14 -3.658185e-14
4.560237e-01 5.250000180513e+00 4.788249e+00 4.617514e-01 -9.381385e-15 -3.658185e-14
4.567671e-01 5.250000158803e+00 4.796054e+00 4.539459e-01 -1.110223e-14 -3.663736e-14
4.575035e-01 5.250000136407e+00 4.803787e+00 4.462134e-01 -1.085243e-14 -3.724798e-14
4.582330e-01 5.250000113350e+00 4.811446e+00 4.385540e-01 -1.093570e-14 -3.680389e-14
4.589554e-01 5.250000089654e+00 4.819032e+00 4.309683e-01 -1.035283e-14 -3.569367e-14
4.596708e-01 5.250000065346e+00 4.826543e+00 4.234566e-01 -9.076073e-15 -3.597123e-14
4.603791e-01 5.250000040452e+00 4.833981e+00 4.160193e-01 -1.182388e-14 -3.685940e-14
4.610803e-01 5.250000015001e+00 4.841343e+00 4.086567e-01 -9.520162e-15 -3.702594e-14
4.617743e-01 5.249999989022e+00 4.848631e+00 4.013694e-01 -1.118550e-14 -3.785861e-14
4.624612e-01 5.249999962548e+00 4.855842e+00 3.941577e-01 -1.088019e-14 -3.658185e-14
4.631408e-01 5.249999935610e+00 4.862978e+00 3.870220e-01 -1.149081e-14 -3.841372e-14
4.638131e-01 5.249999908243e+00 4.870037e+00 3.799628e-01 -9.964252e-15 -3.724798e-14
4.644780e-01 5.249999880481e+00 4.877019e+00 3.729804e-01 -1.182388e-14 -3.741452e-14
4.651357e-01 5.249999852360e+00 4.883924e+00 3.660754e-01 -9.797718e-15 -3.691492e-14
4.657859e-01 5.249999823918e+00 4.890752e+00 3.592481e-01 -9.936496e-15 -3.630429e-14
4.664286e-01 5.249999795194e+00 4.897501e+00 3.524990e-01 -1.115774e-14 -3.713696e-14
4.670639e-01 5.249999766225e+00 4.904171e+00 3.458285e-01 -8.715251e-15 -3.713696e-14
4.676917e-01 5.249999737054e+00 4.910763e+00 3.392371e-01 -9.880985e-15 -3.869127e-14
4.683119e-01 5.249999707720e+00 4.917274e+00 3.327253e-01 -1.024181e-14 -3.869127e-14
4.689244e-01 5.249999678266e+00 4.923706e+00 3.262934e-01 -1.196265e-14 -3.708145e-14
4.695293e-01 5.249999648733e+00 4.930058e+00 3.199419e-01 -1.074141e-14 -3.730349e-14
4.701265e-01 5.249999619166e+00 4.936328e+00 3.136713e-01 -1.040834e-14 -3.858025e-14
4.707160e-01 5.249999589608e+00 4.942518e+00 3.074819e-01 -9.964252e-15 -3.935741e-14
4.712976e-01 5.249999560102e+00 4.948625e+00 3.013743e-01 -9.242607e-15 -3.896883e-14
4.718715e-01 5.249999530693e+00 4.954651e+00 2.953489e-01 -1.043610e-14 -3.858025e-14
4.724375e-01 5.249999501426e+00 4.960593e+00 2.894061e-01 -9.658940e-15 -3.769207e-14
4.729955e-01 5.249999472346e+00 4.966453e+00 2.835463e-01 -1.043610e-14 -3.946843e-14
4.735457e-01 5.249999443496e+00 4.972230e+00 2.777699e-01 -9.908740e-15 -3.780309e-14
4.740878e-01 5.249999414922e+00 4.977922e+00 2.720775e-01 -9.797718e-15 -3.852474e-14
4.746219e-01 5.249999386668e+00 4.983530e+00 2.664693e-01 -1.101896e-14 -3.863576e-14
4.751480e-01 5.249999358778e+00 4.989054e+00 2.609458e-01 -1.110223e-14 -3.946843e-14
4.756659e-01 5.249999331295e+00 4.994492e+00 2.555074e-01 -1.085243e-14 -4.019007e-14
4.761757e-01 5.249999304262e+00 4.999845e+00 2.501544e-01 -1.140754e-14 -3.957945e-14
4.766773e-01 5.249999277723e+00 5.005112e+00 2.448873e-01 -1.132427e-14 -4.035661e-14
4.771707e-01 5.249999251718e+00 5.010293e+00 2.397064e-01 -1.038059e-14 -4.002354e-14
4.776559e-01 5.249999226287e+00 5.015387e+00 2.346121e-01 -9.658940e-15 -3.885781e-14
4.781328e-01 5.249999201471e+00 5.020394e+00 2.296047e-01 -9.742207e-15 -4.063416e-14
4.786014e-01 5.249999177308e+00 5.025315e+00 2.246846e-01 -1.171285e-14 -3.963496e-14
4.790616e-01 5.249999153834e+00 5.030147e+00 2.198520e-01 -1.049161e-14 -3.985701e-14
4.795135e-01 5.249999131086e+00 5.034892e+00 2.151073e-01 -1.068590e-14 -3.991252e-14
4.799570e-01 5.249999109097e+00 5.039548e+00 2.104508e-01 -1.090794e-14 -4.116152e-14
4.803920e-01 5.249999087899e+00 5.044116e+00 2.058828e-01 -1.143530e-14 -4.124479e-14
4.808186e-01 5.249999067523e+00 5.048596e+00 2.014034e-01 -9.825474e-15 -4.060641e-14
4.812368e-01 5.249999047998e+00 5.052986e+00 1.970131e-01 -1.082467e-14 -4.077294e-14
4.816464e-01 5.249999029350e+00 5.057287e+00 1.927119e-01 -1.243450e-14 -4.116152e-14
4.820475e-01 5.249999011602e+00 5.061499e+00 1.885002e-01 -1.135203e-14 -4.085621e-14
4.824401e-01 5.249998994778e+00 5.065621e+00 1.843781e-01 -1.124101e-14 -4.043987e-14
4.828241e-01 5.249998978897e+00 5.069653e+00 1.803458e-01 -9.714451e-15 -4.174439e-14
4.831996e-01 5.249998963975e+00 5.073595e+00 1.764036e-01 -9.547918e-15 -4.168887e-14
4.835664e-01 5.249998950028e+00 5.077448e+00 1.725514e-01 -1.043610e-14 -4.143907e-14
4.839247e-01 5.249998937066e+00 5.081209e+00 1.687896e-01 -9.298118e-15 -4.216072e-14
4.842744e-01 5.249998925098e+00 5.084881e+00 1.651181e-01 -1.096345e-14 -4.141132e-14
4.846154e-01 5.249998914131e+00 5.088462e+00 1.615372e-01 -1.049161e-14 -4.193867e-14
4.849478e-01 5.249998904168e+00 5.091952e+00 1.580468e-01 -1.126876e-14 -4.246603e-14
4.852716e-01 5.249998895207e+00 5.095352e+00 1.546471e-01 -1.149081e-14 -4.163336e-14
4.855867e-01 5.249998887245e+00 5.098661e+00 1.513380e-01 -1.254552e-14 -4.168887e-14
4.858933e-01 5.249998880277e+00 5.101879e+00 1.481197e-01 -1.071365e-14 -4.268808e-14
4.861911e-01 5.249998874291e+00 5.105007e+00 1.449922e-01 -1.038059e-14 -4.246603e-14
4.864803e-01 5.249998869274e+00 5.108044e+00 1.419553e-01 -1.049161e-14 -4.252154e-14
4.867609e-01 5.249998865210e+00 5.110990e+00 1.390092e-01 -1.110223e-14 -4.249379e-14
4.870329e-01 5.249998862078e+00 5.113845e+00 1.361537e-01 -1.149081e-14 -4.329870e-14
4.872962e-01 5.249998859855e+00 5.116610e+00 1.333888e-01 -1.137979e-14 -4.296563e-14
4.875509e-01 5.249998858513e+00 5.119284e+00 1.307145e-01 -1.054712e-14 -4.277134e-14
4.877970e-01 5.249998858022e+00 5.121868e+00 1.281306e-01 -1.004752e-14 -4.293788e-14
4.880345e-01 5.249998858346e+00 5.124362e+00 1.256370e-01 -1.154632e-14 -4.357625e-14
4.882633e-01 5.249998859449e+00 5.126765e+00 1.232337e-01 -1.082467e-14 -4.279910e-14
4.884837e-01 5.249998861288e+00 5.129078e+00 1.209205e-01 -1.149081e-14 -4.343748e-14
4.886954e-01 5.249998863819e+00 5.131302e+00 1.186972e-01 -1.315614e-14 -4.346523e-14
4.888986e-01 5.249998866994e+00 5.133435e+00 1.165637e-01 -1.132427e-14 -4.371503e-14
4.890932e-01 5.249998870760e+00 5.135479e+00 1.145198e-01 -1.310063e-14 -4.363176e-14
4.892794e-01 5.249998875062e+00 5.137434e+00 1.125653e-01 -1.010303e-14 -4.385381e-14
4.894570e-01 5.249998879843e+00 5.139299e+00 1.107001e-01 -1.237899e-14 -4.457545e-14
4.896262e-01 5.249998885039e+00 5.141075e+00 1.089239e-01 -1.154632e-14 -4.407585e-14
4.897869e-01 5.249998890586e+00 5.142762e+00 1.072365e-01 -1.088019e-14 -4.465872e-14
4.899392e-01 5.249998896417e+00 5.144361e+00 1.056377e-01 -9.381385e-15 -4.440892e-14
4.900830e-01 5.249998902460e+00 5.145872e+00 1.041273e-01 -1.082467e-14 -4.435341e-14
4.902185e-01 5.249998908642e+00 5.147294e+00 1.027050e-01 -1.082467e-14 -4.451994e-14
4.903456e-01 5.249998914885e+00 5.148628e+00 1.013706e-01 -1.160183e-14 -4.471423e-14
4.904643e-01 5.249998921111e+00 5.149875e+00 1.001239e-01 -1.176836e-14 -4.493628e-14
4.905747e-01 5.249998927239e+00 5.151034e+00 9.896457e-02 -1.165734e-14 -4.493628e-14
4.906768e-01 5.249998933185e+00 5.152106e+00 9.789244e-02 -1.210143e-14 -4.532485e-14
4.907706e-01 5.249998938862e+00 5.153092e+00 9.690724e-02 -9.825474e-15 -4.532485e-14
4.908562e-01 5.249998944184e+00 5.153990e+00 9.600874e-02 -1.149081e-14 -4.513057e-14
4.909335e-01 5.249998949059e+00 5.154802e+00 9.519669e-02 -1.132427e-14 -4.563017e-14
4.910027e-01 5.249998953398e+00 5.155528e+00 9.447087e-02 -1.260103e-14 -4.554690e-14
4.910636e-01 5.249998957108e+00 5.156168e+00 9.383104e-02 -1.065814e-14 -4.563017e-14
4.911164e-01 5.249998960095e+00 5.156722e+00 9.327698e-02 -1.026956e-14 -4.571343e-14
4.911610e-01 5.249998962265e+00 5.157190e+00 9.280849e-02 -1.187939e-14 -4.568568e-14
4.911975e-01 5.249998963522e+00 5.157574e+00 9.242536e-02 -1.260103e-14 -4.582446e-14
4.912259e-01 5.249998963771e+00 5.157872e+00 9.212740e-02 -1.060263e-14 -4.599099e-14
4.912461e-01 5.249998962916e+00 5.158085e+00 9.191443e-02 -1.226796e-14 -4.607426e-14
4.912583e-01 5.249998960861e+00 5.158213e+00 9.178630e-02 -1.054712e-14 -4.624079e-14
4.912625e-01 5.249998957510e+00 5.158256e+00 9.174286e-02 -1.126876e-14 -4.636569e-14
4.912586e-01 5.249998952768e+00 5.158215e+00 9.178397e-02 -1.237899e-14 -4.633793e-14
4.912466e-01 5.249998946542e+00 5.158089e+00 9.190954e-02 -1.204592e-14 -4.654610e-14
4.912266e-01 5.249998938737e+00 5.157879e+00 9.211945e-02 -1.093570e-14 -4.665712e-14
4.911986e-01 5.249998929262e+00 5.157585e+00 9.241366e-02 -1.054712e-14 -4.679590e-14
4.911626e-01 5.249998918027e+00 5.157207e+00 9.279211e-02 -9.492407e-15 -4.683753e-14
4.911185e-01 5.249998904943e+00 5.156744e+00 9.325478e-02 -1.348921e-14 -4.687917e-14
4.910664e-01 5.249998889924e+00 5.156197e+00 9.380167e-02 -9.270362e-15 -4.703182e-14
4.910063e-01 5.249998872885e+00 5.155566e+00 9.443282e-02 -1.004752e-14 -4.708733e-14
4.909381e-01 5.249998853746e+00 5.154851e+00 9.514829e-02 -9.658940e-15 -4.721223e-14
4.908620e-01 5.249998832429e+00 5.154051e+00 9.594816e-02 -9.992007e-15 -4.732326e-14
4.907777e-01 5.249998808857e+00 5.153166e+00 9.683255e-02 -1.082467e-14 -4.751755e-14
4.906854e-01 5.249998782960e+00 5.152197e+00 9.780161e-02 -1.060263e-14 -4.755918e-14
4.905851e-01 5.249998754669e+00 5.151143e+00 9.885554e-02 -1.176836e-14 -4.768408e-14
4.904766e-01 5.249998723920e+00 5.150004e+00 9.999453e-02 -1.032507e-14 -4.782286e-14
4.903600e-01 5.249998690653e+00 5.148780e+00 1.012188e-01 -1.171285e-14 -4.790612e-14
4.902352e-01 5.249998654813e+00 5.147470e+00 1.025288e-01 -1.093570e-14 -4.779510e-14
4.901023e-01 5.249998616348e+00 5.146074e+00 1.039246e-01 -9.825474e-15 -4.805184e-14
4.899611e-01 5.249998575213e+00 5.144592e+00 1.054068e-01 -1.226796e-14 -4.788531e-14
4.898117e-01 5.249998531365e+00 5.143023e+00 1.069757e-01 -1.060263e-14 -4.813511e-14
4.896540e-01 5.249998484770e+00 5.141367e+00 1.086316e-01 -1.076916e-14 -4.834327e-14
4.894879e-01 5.249998435397e+00 5.139623e+00 1.103752e-01 -1.015854e-14 -4.854450e-14
4.893135e-01 5.249998383219e+00 5.137791e+00 1.122069e-01 -1.038059e-14 -4.885675e-14
4.891306e-01 5.249998328219e+00 5.135871e+00 1.141273e-01 -1.132427e-14 -4.856532e-14
4.889392e-01 5.249998270381e+00 5.133861e+00 1.161369e-01 -1.110223e-14 -4.909267e-14
4.887392e-01 5.249998209698e+00 5.131762e+00 1.182364e-01 -1.237899e-14 -4.875961e-14
4.885306e-01 5.249998146167e+00 5.129572e+00 1.204265e-01 -1.193490e-14 -4.841960e-14
4.883134e-01 5.249998079793e+00 5.127290e+00 1.227079e-01 -1.126876e-14 -4.891573e-14
4.880873e-01 5.249998010586e+00 5.124917e+00 1.250812e-01 -1.126876e-14 -4.898512e-14
4.878524e-01 5.249997938561e+00 5.122450e+00 1.275474e-01 -1.365574e-14 -4.948125e-14
4.876086e-01 5.249997863740e+00 5.119891e+00 1.301073e-01 -1.326717e-14 -4.917594e-14
4.873558e-01 5.249997786150e+00 5.117236e+00 1.327617e-01 -1.193490e-14 -4.970330e-14
4.870939e-01 5.249997705827e+00 5.114486e+00 1.355115e-01 -1.210143e-14 -4.957146e-14
4.868229e-01 5.249997622809e+00 5.111640e+00 1.383577e-01 -1.243450e-14 -4.972064e-14
4.865425e-01 5.249997537142e+00 5.108696e+00 1.413012e-01 -1.171285e-14 -4.956278e-14
4.862528e-01 5.249997448876e+00 5.105654e+00 1.443431e-01 -1.137979e-14 -5.019509e-14
4.859536e-01 5.249997358068e+00 5.102513e+00 1.474844e-01 -1.215694e-14 -5.008103e-14
4.856449e-01 5.249997264780e+00 5.099271e+00 1.507262e-01 -1.149081e-14 -5.025754e-14
4.853264e-01 5.249997169079e+00 5.095928e+00 1.540697e-01 -1.143530e-14 -5.018382e-14
4.849982e-01 5.249997071036e+00 5.092481e+00 1.575159e-01 -1.054712e-14 -5.013004e-14
4.846601e-01 5.249996970727e+00 5.088931e+00 1.610661e-01 -1.204592e-14 -5.078923e-14
4.843119e-01 5.249996868233e+00 5.085275e+00 1.647215e-01 -1.204592e-14 -5.104944e-14
4.839537e-01 5.249996763639e+00 5.081513e+00 1.684833e-01 -1.337819e-14 -5.079270e-14
4.835851e-01 5.249996657032e+00 5.077644e+00 1.723528e-01 -1.276756e-14 -5.088985e-14
4.832062e-01 5.249996548506e+00 5.073665e+00 1.763313e-01 -1.271205e-14 -5.172945e-14
4.828168e-01 5.249996438153e+00 5.069576e+00 1.804202e-01 -1.321165e-14 -5.087597e-14
4.824167e-01 5.249996326073e+00 5.065376e+00 1.846206e-01 -1.343370e-14 -5.123679e-14
4.820059e-01 5.249996212364e+00 5.061062e+00 1.889341e-01 -1.326717e-14 -5.032086e-14
4.815842e-01 5.249996097128e+00 5.056634e+00 1.933620e-01 -1.287859e-14 -5.090373e-14
4.811515e-01 5.249995980468e+00 5.052090e+00 1.979057e-01 -1.360023e-14 -5.103556e-14
4.807075e-01 5.249995862488e+00 5.047429e+00 2.025666e-01 -1.049161e-14 -5.073719e-14
4.802523e-01 5.249995743293e+00 5.042650e+00 2.073462e-01 -1.143530e-14 -5.139639e-14
4.797857e-01 5.249995622988e+00 5.037750e+00 2.122458e-01 -1.315614e-14 -5.193068e-14
4.793075e-01 5.249995501676e+00 5.032728e+00 2.172670e-01 -1.137979e-14 -5.183354e-14
4.788175e-01 5.249995379464e+00 5.027584e+00 2.224112e-01 -1.088019e-14 -5.222212e-14
4.783157e-01 5.249995256452e+00 5.022315e+00 2.276800e-01 -1.237899e-14 -5.172252e-14
4.778020e-01 5.249995132742e+00 5.016920e+00 2.330747e-01 -1.149081e-14 -5.297152e-14
4.772760e-01 5.249995008433e+00 5.011398e+00 2.385968e-01 -1.110223e-14 -5.188905e-14
4.767378e-01 5.249994883623e+00 5.005747e+00 2.442479e-01 -1.204592e-14 -5.334622e-14
4.761872e-01 5.249994758406e+00 4.999965e+00 2.500294e-01 -1.182388e-14 -5.367928e-14
4.756240e-01 5.249994632872e+00 4.994052e+00 2.559429e-01 -1.199041e-14 -5.329071e-14
4.750481e-01 5.249994507111e+00 4.988005e+00 2.619897e-01 -1.221245e-14 -5.340173e-14
4.744593e-01 5.249994381204e+00 4.981823e+00 2.681715e-01 -1.193490e-14 -5.281886e-14
4.738576e-01 5.249994255234e+00 4.975505e+00 2.744897e-01 -1.143530e-14 -5.459522e-14
4.732427e-01 5.249994129275e+00 4.969048e+00 2.809456e-01 -1.160183e-14 -5.322132e-14
4.726146e-01 5.249994003399e+00 4.962453e+00 2.875410e-01 -1.171285e-14 -5.377643e-14
4.719730e-01 5.249993877673e+00 4.955717e+00 2.942771e-01 -1.187939e-14 -5.394296e-14
4.713179e-01 5.249993752161e+00 4.948838e+00 3.011554e-01 -1.232348e-14 -5.424827e-14
4.706492e-01 5.249993626919e+00 4.941816e+00 3.081774e-01 -1.326717e-14 -5.465073e-14
4.699666e-01 5.249993502000e+00 4.934649e+00 3.153445e-01 -1.232348e-14 -5.445644e-14
4.692700e-01 5.249993377455e+00 4.927335e+00 3.226581e-01 -1.199041e-14 -5.401235e-14
4.685594e-01 5.249993253326e+00 4.919874e+00 3.301196e-01 -1.443290e-14 -5.398459e-14
4.678345e-01 5.249993129654e+00 4.912263e+00 3.377305e-01 -1.232348e-14 -5.348499e-14
4.670953e-01 5.249993006477e+00 4.904501e+00 3.454921e-01 -1.310063e-14 -5.548340e-14
4.663416e-01 5.249992883825e+00 4.896587e+00 3.534057e-01 -1.088019e-14 -5.406786e-14
4.655733e-01 5.249992761731e+00 4.888520e+00 3.614727e-01 -1.282308e-14 -5.526135e-14
4.647903e-01 5.249992640220e+00 4.880298e+00 3.696944e-01 -1.243450e-14 -5.379031e-14
4.639924e-01 5.249992519319e+00 4.871920e+00 3.780722e-01 -1.254552e-14 -5.576095e-14
4.631795e-01 5.249992399051e+00 4.863385e+00 3.866073e-01 -1.387779e-14 -5.601075e-14
4.623515e-01 5.249992279440e+00 4.854691e+00 3.953011e-01 -1.337819e-14 -5.598300e-14
