MAEFILE: jag_Structure1_opt_B3LYP_6-31G.01.mae
&gen 
basis=6-31g 
igeopt=1 
dftname=b3lyp 
&
&zmat
 O1            -2.1142650928            -1.1441623856             1.3251487808
 O2            -0.7435551852            -1.3839529383             0.8019373261
 O3            -3.0437587914            -2.0677514980             0.6265317822
 O4            -0.6095763594            -0.6762546600            -0.5151082159
 O5            -0.5249199510             0.8026249378            -0.2693511529
 O6             0.8109066693             1.1058833816             0.3071888565
 H7            -3.3500379145            -1.5070057351            -0.1306593531
 O8             1.7966763727             1.1391859307            -0.8030667556
 H9             2.1264054844             0.2049126254            -0.8046230653
&
&guess  basgss=6-31g numd=6
    1 Orbital Energy   -19.317613 Occupation  1.000000
 -0.009148375215542 -0.000756203485459 -0.000143271094704  0.000005483708779
  0.000244959062934  0.001017393177019  0.000244572177128 -0.000251393955052
 -0.000551662332096 -0.000823260434851 -0.000564215164426  0.000004993782387
  0.000049730463626 -0.000144155887583  0.003139811998659  0.000587319329781
  0.001449035592890 -0.001898720473603  0.000099396035843  0.000185620101262
 -0.000054358611522 -0.000000589283749 -0.000031878722606 -0.000740034642044
 -0.000093291332687 -0.000241054921030  0.000082985345180  0.995059156314082
  0.027997416564146 -0.000053127110145  0.000831258892407  0.001687265099122
 -0.013773830505409  0.000111559046210 -0.001749058675357 -0.003546997607574
 -0.001445367145995 -0.000582155283306  0.000000033703578 -0.000143834236870
 -0.000048802754112  0.003145808072992 -0.000524221624929 -0.002403591005133
 -0.000033370853631 -0.009187469203638 -0.000757272400479  0.000130721796573
  0.000194606830167  0.000160452566159  0.001016710268896 -0.000208757216233
 -0.000289658920838 -0.000546750425635 -0.000062369372038  0.000501180810245
  0.000100378990631  0.000186677394699  0.000055461286118 -0.000023867741715
 -0.000017098309391 -0.000742122689583  0.000095780389178  0.000216336877533
 -0.000136186324472 -0.000061763665595  0.000501654632346
    2 Orbital Energy   -19.315883 Occupation  1.000000
 -0.000251790493384  0.000359585279776 -0.000120150691792 -0.000021450951144
  0.000043234473555 -0.002287413196217 -0.001491388381255  0.000066831742345
  0.000715747345847 -0.613415736339706 -0.017623077708540  0.000878546529605
 -0.000828282974318  0.000602060065739  0.009182178266139 -0.002028255415743
  0.001654196871009 -0.001275945577895  0.000308107777977  0.000275649486876
  0.000157162713677  0.000045804765217  0.000012343632700 -0.000393567630239
 -0.000230303983099 -0.000121920391720 -0.000039042138127  0.000616903965985
 -0.000076746964933 -0.000019317419404  0.000160150448384 -0.000061376629857
  0.000537682863800  0.000907197337656  0.002617190585418 -0.001027625449698
  0.783611264681247  0.022324495750797  0.001120297683013 -0.001139039437860
  0.000378001280898 -0.011388659260124 -0.002494707586613  0.002339950987308
 -0.000742937388855  0.000618505531185 -0.000417090941685 -0.000130589899217
 -0.000045456960403 -0.000037905882686  0.002734720375386 -0.001829592523366
 -0.000711031683148 -0.000608974151854  0.000087920971331  0.000020326790279
 -0.000400333253347 -0.000367815458845  0.000206742963413  0.000025088533078
 -0.000043469412302  0.000568622658849 -0.000355973734586 -0.000055507662506
  0.000170420302031 -0.000122533681905  0.000001339109825
    3 Orbital Energy   -19.315832 Occupation  1.000000
 -0.000347168804316  0.000318161819376 -0.000070445493310  0.000081565950652
  0.000042150581328 -0.002152660913632 -0.001775434811114 -0.000243025362456
  0.000612612436550 -0.783603295967035 -0.021731649621513  0.001062210336986
 -0.000675424262911  0.000610140800750  0.010324653720168 -0.002077673370552
  0.001452651779571 -0.001228577207584  0.000415706996937  0.000413008922105
  0.000216344336100  0.000041487870390  0.000020795021006 -0.000766110517431
 -0.000513082914700 -0.000240815101312 -0.000164484215882 -0.001407117251833
  0.000730572420295  0.000001436481821 -0.000038020145579 -0.000123979382564
 -0.004479789699541  0.000160420957820 -0.000462941616930 -0.001711348745181
 -0.613403950936802 -0.016864951466761 -0.000831118684545  0.000611743857049
 -0.000131689939028  0.007817933778331  0.001548271254216 -0.001279764336630
  0.000341929348102 -0.000518796729152  0.000215368318172  0.000035768718072
 -0.000026013331961  0.000087837050083 -0.001537728754493  0.001348983461432
  0.000523231101953  0.000124272871126  0.000150752174772 -0.000084497593616
  0.000330798533535  0.000335722430427 -0.000173890697901 -0.000008727043950
  0.000025282717742 -0.000651620095916  0.000455911067907  0.000017508607371
 -0.000232328139608  0.000126062724139 -0.000087365400196
    4 Orbital Energy   -19.313598 Occupation  1.000000
  0.119606888516887  0.003414925063903  0.000042737765594 -0.000145882372350
 -0.000191473847840 -0.001869821122331 -0.000181881890717  0.000335021478412
  0.000448382245194 -0.000051787244195 -0.000145112263653  0.000041652917864
  0.000038792180292 -0.000006007410887  0.000810320212828 -0.000435378265070
  0.000121309468640 -0.000051520111804  0.000004147943569 -0.000066187198200
  0.000018215664746  0.000014662184890  0.000002018185654  0.000452333358361
  0.000224918203687  0.000179534291168  0.000126187304298 -0.008006457776520
  0.000222795497796  0.000151571858698  0.000163588438626  0.000109428649833
 -0.000736715895288 -0.000132206660965 -0.000337094074284 -0.000414086900156
  0.000902932996274  0.000525547765059 -0.000131045866875 -0.000005094761688
 -0.000074871404420 -0.003233056388750 -0.002275175351981 -0.000793376459743
 -0.000501370193672 -0.987906951880237 -0.027851456975725  0.000314138383687
  0.000461864184238  0.001905631025271  0.014077531289095 -0.000630192406754
 -0.000740401056294 -0.004044394535524 -0.000035541894882  0.000051553928253
 -0.000022427767459  0.000508999266386  0.000039452241110  0.000089756959572
 -0.000088738916921 -0.003355407911866  0.002073313454774 -0.000065993417261
 -0.001656027329522  0.000400053522765 -0.000901347315916
    5 Orbital Energy   -19.313493 Occupation  1.000000
  0.987896631396418  0.027839778424218  0.000421427932224 -0.001221108367061
 -0.001506331293905 -0.014033281371476 -0.000827051374070  0.002736755107622
  0.002992397033588 -0.000524010614445 -0.000494906093924 -0.000149557154299
  0.000045546781228  0.000045583550312  0.003121893195558 -0.002276403391313
 -0.000175912311746  0.000854842288914  0.000022257065106 -0.000507990762955
  0.000033602537234  0.000126079340276 -0.000016158185499  0.003345221340558
  0.001990071225493  0.001317154971450  0.001168207719318  0.010167392294773
 -0.000285476748029  0.000128475372425 -0.000023221392185 -0.000221007670164
  0.000940601622829 -0.000133668025298  0.000205870912337  0.000629497654732
 -0.000115026155186  0.000021556850528  0.000075940306433  0.000031647855396
 -0.000007436261915 -0.000040946380473  0.000110822974264  0.000301223760055
  0.000034005594680  0.119516542166614  0.003325165713424 -0.000046717545421
 -0.000047732552910 -0.000226969742499 -0.001532087290286 -0.000001034131096
  0.000021629966786  0.000429808108685 -0.000403389550363  0.000915866753571
  0.000001169715385 -0.000056964273202  0.000009552290432 -0.000013999286562
  0.000009495547710  0.000358746907380 -0.000267119627087  0.000031797268720
  0.000192930524922 -0.000061714902542  0.000168275853925
    6 Orbital Energy   -19.251880 Occupation  1.000000
  0.000110441374043  0.000333369279848  0.000088598499015  0.000087096173681
  0.000087130441878 -0.002542228561430  0.001667208614292  0.001074308409699
  0.000882081265648 -0.000499810891696  0.000480435600231 -0.000236314817313
 -0.000055821778700 -0.000037435943408 -0.000990924227890  0.000619270699841
 -0.000077347441514  0.000077523870656 -0.995021413858682 -0.027946346305073
 -0.000432166751166 -0.001976458045587  0.000712246622993  0.013495926977246
  0.000966787491406  0.003254730502503 -0.000695051979636  0.000076369379491
 -0.000165546382111  0.000030227969951 -0.000038569194989  0.000004214689136
  0.000505903189775 -0.000217567681283  0.000047286597300  0.000195662975970
 -0.000012369140351  0.000042715833150  0.000019100555674  0.000008413768485
  0.000005423766449 -0.000177318821947 -0.000023448398822  0.000094800035101
 -0.000021927148241 -0.000002627743650  0.000000886158847 -0.000005020306952
 -0.000004607595130  0.000005017365316 -0.000003682229857 -0.000039209644997
 -0.000005767305175  0.000000300756623 -0.000438406998691 -0.003411065547633
 -0.012113012375241 -0.000345862385322  0.000009447374793  0.000024774795709
 -0.000014114345244  0.000169154586773 -0.000016911509720 -0.000040544154142
  0.000026383391235 -0.000012673957776 -0.000036328761037
    7 Orbital Energy   -19.251853 Occupation  1.000000
  0.000005386790085  0.000007098373486 -0.000002698713433 -0.000004765512780
  0.000002457613204 -0.000057544636555  0.000001577280589  0.000021268034863
  0.000023697184987  0.000000215759596 -0.000030976569172  0.000013597391182
 -0.000000142553118 -0.000009881463756  0.000152769584661 -0.000006116279838
  0.000072882867186 -0.000061157168103 -0.012112983367799 -0.000334531226205
 -0.000001186478922 -0.000021591562161  0.000006773292102  0.000159308617572
  0.000006901586527  0.000033130839503 -0.000001720626511 -0.000075156620747
  0.000162132588506  0.000030621009702 -0.000026741749548  0.000029486238747
 -0.000494696127459 -0.000212655618469 -0.000131522902476 -0.000162147619118
  0.000501586645317 -0.000480026767337 -0.000238937300456 -0.000010243815984
  0.000055417928967  0.000988280141969  0.000620622157469 -0.000090670275183
  0.000044506413435 -0.000110214914386 -0.000333450578182  0.000095013999090
 -0.000013721005045 -0.000117545932467  0.002541231702195  0.001734530396658
 -0.000001435924087 -0.001304239844512  0.000002032507540 -0.000046744894856
  0.995021425293682  0.027946074205990 -0.000444255988372 -0.001780694642685
  0.001109597982767 -0.013495067194584  0.001010275425045  0.002560296705248
 -0.002105223915649  0.000438243310698  0.003411470512757
    8 Orbital Energy    -1.238520 Occupation  1.000000
 -0.076946200863032  0.172747300694560  0.029670922552905 -0.027272930221949
 -0.045073307825242  0.143269532289461  0.003954725471021 -0.015808125853370
 -0.019889603655906 -0.098365428340890  0.222701509861111 -0.047121037555680
  0.042830427383285 -0.037358471769884  0.177974899255142 -0.021137614879348
  0.016271371154873 -0.013657538094802 -0.041732737998733  0.093565662967861
  0.022431208181279  0.033303940487246  0.002107681060014  0.073671906525867
 -0.000029567820247  0.012085217671343 -0.006214094078750 -0.105835960619369
  0.238530147979478 -0.002175894815084  0.034006058324270  0.069052337807541
  0.194072434366073 -0.000878629922781  0.013699200024661  0.027813995418702
 -0.098450018496698  0.222894244861194  0.048039600541620 -0.054412687858016
  0.013692130175328  0.178127061473336  0.021432891645141 -0.020197896628322
  0.005679650618075 -0.077109268341959  0.173108750913130 -0.026799080227564
 -0.019882342662285 -0.050598382700967  0.143594684385428 -0.002590260583110
 -0.006241971136495 -0.024884095767355  0.022490329659264 -0.009181335344604
 -0.041785820141635  0.093687662788407 -0.023351807195112 -0.019235712433236
  0.026567530958072  0.073749374696742  0.000050446061880 -0.012305783601327
  0.005789675632294  0.022526151771042 -0.009194472354566
    9 Orbital Energy    -1.199128 Occupation  1.000000
  0.107888258632246 -0.241035047723041 -0.017581033655100  0.044965261612927
  0.058027896838794 -0.214326205957999 -0.006477827616282  0.024294365354695
  0.031155570091973  0.076638646063282 -0.172956546039884  0.062192003843167
 -0.016614619795726  0.000279316523791 -0.146941091670043  0.017742900795741
 -0.015253296721411  0.010777881534752  0.075772467141401 -0.169725303873969
 -0.033106006787515 -0.057926153465617 -0.000496772848585 -0.141185861889428
 -0.002561643912517 -0.022885304565653  0.008701240219300  0.000138627511225
 -0.000310697933592  0.013833715831594  0.042709124104202 -0.020732294460289
 -0.000272433716648  0.000435906989239  0.001566256531322 -0.000811880934315
 -0.076557095496829  0.172773613379187  0.061772401526450 -0.008589850764879
  0.016164066118691  0.146776906037136  0.017881000385077 -0.017352018532700
  0.006444104838586 -0.107868130727696  0.240984250838204 -0.013632128885100
 -0.019010358183972 -0.071764739179566  0.214319410291542 -0.004341904346901
 -0.010043816370190 -0.038529903982820 -0.042166493268353  0.012578618157140
 -0.075690286504486  0.169544571015198 -0.034471789300914 -0.035737079176239
  0.044466629211064  0.141009485611765 -0.002672691837530 -0.020890573131121
  0.012673595320776  0.042127852815137 -0.012566520115399
   10 Orbital Energy    -1.135298 Occupation  1.000000
 -0.075094600133066  0.165963150127096 -0.040590178170099 -0.044369665469704
 -0.036147876083926  0.167079732986027  0.000781532080158 -0.019508273749148
 -0.026541765635823  0.043301854612737 -0.097073932944552 -0.026205282218163
 -0.033886946862567  0.057864841385235 -0.093211185640618  0.010597587859990
 -0.006772226535650  0.011748426900962 -0.099849748886826  0.223121565459039
  0.025782895882811  0.069708068749069 -0.009283342221559  0.204621612751096
  0.006774200577933  0.032542724474090 -0.009113707908477  0.111375523762093
 -0.249490499918244  0.001819597968208 -0.028174493510296 -0.057451488257105
 -0.238771617046185  0.001169114946159 -0.018336458094265 -0.037243325733403
  0.043065939688726 -0.096543372063685  0.024126697919937  0.067031783453501
  0.009597042344135 -0.092722501101129 -0.010962979021426  0.013093481358231
  0.001242687447500 -0.075011145591963  0.165776525233277  0.043227061361303
 -0.000567212137467 -0.055028222513817  0.166918097446515  0.000993544872554
 -0.009144137924344 -0.031610919770028  0.060707969534657 -0.011155523795595
 -0.099620675118701  0.222610492592982 -0.026943926885795 -0.050408598962378
  0.048143900284529  0.204132221248672 -0.007085726970629 -0.027176180736417
  0.019825980965184  0.060569346732252 -0.011132112176218
   11 Orbital Energy    -1.060958 Occupation  1.000000
 -0.001640445502359  0.006342210311600  0.094137854893913  0.024753640601479
  0.006845718960181 -0.003784985109570  0.015138126660078  0.002364975308141
  0.006309251622668 -0.110848707073840  0.247952266390110 -0.036637828938671
  0.026755197015404 -0.020830284262386  0.263908558402745 -0.031992838211029
  0.023706983849214 -0.019346614950027  0.107684424326105 -0.240398073778567
 -0.001927724494681 -0.064100587546928  0.029455019279465 -0.245620882549070
 -0.008433452520780 -0.037093450995477  0.011821679654847  0.000014975775505
 -0.000031853856070 -0.013574038650813 -0.084465193806907  0.041221841010031
 -0.000045865227674  0.005873955551438 -0.011765184099690  0.005972555256052
  0.111004374920840 -0.248302588156176 -0.037064207565658  0.031880977387147
 -0.010468014078026 -0.264280634216404 -0.032410690349262  0.028967645025626
 -0.008681177424714  0.001591599531143 -0.006241569659552  0.095208393286286
  0.012100152994702 -0.019163192970162  0.003928674497713  0.015535427609064
 -0.003176620424762 -0.004995886321664 -0.075922733620147  0.005980846654786
 -0.108059529387457  0.241232532184252 -0.002055897242635 -0.062696837162437
  0.032842919592007  0.246464022213449 -0.008772246469882 -0.032321688518186
  0.021821875803873  0.076179239529570 -0.006005749401815
   12 Orbital Energy    -0.979202 Occupation  1.000000
 -0.078748365077420  0.179839164439207  0.085692786783942  0.002162914891426
 -0.005410789886425  0.197562790007577  0.027151015698688 -0.011122782276856
 -0.015616344227086 -0.044936906025868  0.101426525790350 -0.075375398291593
 -0.012009355153933  0.078645764281109  0.116872900109676 -0.024827810232220
  0.008779185565957  0.015042834735139  0.096760806824281 -0.217708053831865
  0.028678459927737 -0.041526377584842  0.056849307568714 -0.241899712453043
 -0.003116353838243 -0.030775844396894  0.019970008432844  0.116270593603135
 -0.260715378945652  0.000717123077022 -0.011699159121277 -0.023525826750572
 -0.304768941279547  0.001085719293781 -0.017019118730130 -0.034483421019182
 -0.044710739176216  0.100922299409650  0.071505005429926  0.071579425899508
  0.042026176603929  0.116274488408444  0.023752567790368  0.007266660114115
  0.017328487098270 -0.078629268454505  0.179571124091556 -0.085211935615267
 -0.007764184904380 -0.005852407462658  0.197270282393749 -0.026028637556848
 -0.006277193846234 -0.019634090686238 -0.083615511820768 -0.002774804033785
  0.096626194823133 -0.217403301785301 -0.030389683754973  0.069543855273770
  0.000285400588999 -0.241547234059205  0.002870369800112  0.034626454364184
 -0.012036814277098 -0.083489855943411 -0.002774350000204
   13 Orbital Energy    -0.890096 Occupation  1.000000
  0.114133451036075 -0.264592653560955 -0.001669398942416  0.005249402565240
 -0.000024206923383 -0.309833590301005 -0.008045344152525  0.009924842814409
  0.020678965344102 -0.080909101336712  0.186000356647473  0.056529420989179
  0.010847645369625 -0.074063910832036  0.223451229491589  0.006642462042963
  0.013130821609894 -0.033934875434045 -0.074571044939674  0.171868749545860
 -0.053471379692005  0.010674021441781 -0.083771531951794  0.198472447311277
 -0.010342747700669  0.013323775958457 -0.031375781792593  0.000071458043695
 -0.000158049491567  0.000791245912930 -0.116672341240667  0.057564609572220
 -0.000212530322822  0.000987139145416 -0.040408495674820  0.019934621821012
  0.080915232120705 -0.186004090647586  0.053017934970448  0.066818883740759
  0.039250481828995 -0.223500100562484  0.005233293869631  0.035079948580524
  0.010537080437888 -0.114134646806909  0.264597449947670 -0.001551286793978
  0.003195443376227 -0.004233486320570  0.309854614551713 -0.006778409346658
 -0.010533113921433 -0.020842672964603  0.083910848061617  0.009522643560835
  0.074552762316579 -0.171826799323664 -0.057277534567339  0.071513312278371
  0.039849194868768 -0.198408180021450 -0.011557540494874  0.032717825181860
  0.008033643149812 -0.083884859846402 -0.009524576689610
   14 Orbital Energy    -0.812882 Occupation  1.000000
 -0.086926698946716  0.206844076960699 -0.076117903733232 -0.001714345613842
  0.004299553273063  0.244839852634824 -0.026639197564221 -0.005036144182458
 -0.010151664398795  0.109068689515992 -0.258182217202402 -0.002852278173391
  0.017170488078749 -0.042624268382928 -0.311026303667309  0.011240665227012
 -0.002617769225804 -0.008180543820759  0.045103270300495 -0.107561663206630
  0.054326951142916  0.011061361602898  0.083471459854921 -0.123292281555747
  0.018937632813466  0.003256883852756  0.032287962102710 -0.115626501558620
  0.272739936847755  0.001051573172241 -0.016171143700309 -0.032823537830268
  0.333151169843944 -0.000067792642696  0.001193649519627  0.002443128815426
  0.109069958468129 -0.258189361909440  0.004634126465132 -0.044122931368518
 -0.012101972527645 -0.311031385304409 -0.010743443890146 -0.005184825836866
 -0.007603805031529 -0.086986570376467  0.206979020402255  0.075854836728766
  0.006391061317577  0.005079095453035  0.245039926613278  0.027217252175201
 -0.004305991691344 -0.008839416819235 -0.066389388470939 -0.011536335839641
  0.045116179003196 -0.107591127807318 -0.058680616846599  0.058028826238090
  0.056859843767316 -0.123327781082214 -0.020597112139783  0.023128255718496
  0.021296117481196 -0.066401811369073 -0.011527671238376
   15 Orbital Energy    -0.606837 Occupation  1.000000
  0.012862765389196 -0.033705067962813  0.239805593028085  0.060043158423776
  0.008137535261872 -0.039226434139636  0.119540095899210  0.030510713357681
  0.000949365047691 -0.004832025881556  0.012909403605466 -0.150814787307481
  0.005028940540156  0.217371774047879  0.015300928305018 -0.078708656822442
  0.000980203510321  0.104887746029653 -0.006804959811006  0.022643413357966
 -0.100574069177810 -0.033847040142651 -0.175234932306894  0.008940889509527
 -0.051753540015679 -0.024768966786846 -0.082171814090753 -0.000000869312033
 -0.000012930995879 -0.052389067134205  0.237551101545096 -0.118759822099524
  0.000026910427665 -0.025600685960675  0.126246246042364 -0.063026413622323
  0.004804119225847 -0.012867772867068 -0.139522743366044 -0.173088946984002
 -0.143545924741630 -0.015167030538172 -0.073278909582973 -0.084574715044165
 -0.068397513643174 -0.012907312926202  0.033793671301909  0.241363225240720
  0.036170040104349 -0.040395015348517  0.039405871478142  0.120157642125829
  0.020829528850794 -0.018724071908342  0.096624798409998  0.046559681395236
  0.006819474350506 -0.022684019125506 -0.109934556470105  0.115569709018513
  0.128405246714327 -0.008984490453106 -0.056362425692072  0.048644302917947
  0.067035623260407 -0.096580666886157 -0.046519116765590
   16 Orbital Energy    -0.568947 Occupation  1.000000
 -0.024944652662719  0.062961394473048  0.162784320898986  0.200291626966933
  0.008326394912684  0.075212728339011  0.080453305252542  0.113809721626447
  0.001799414342368  0.034565960183757 -0.088968695388630 -0.096065793010443
  0.131022879061628  0.051776910692275 -0.106828771994871 -0.052280639611633
  0.080483607628769  0.028626444581159  0.017431405789476 -0.036648383229175
 -0.153529597913429  0.035759727529691 -0.235958858608904 -0.067110186467457
 -0.078562202708863  0.017750655805100 -0.112456035928894 -0.012988745221776
  0.034933773385626 -0.000532325754910  0.010204177779936  0.020516166717451
  0.039858539220755 -0.000308027164451  0.006059020602198  0.012229158093868
  0.034628661883090 -0.089119517416999  0.090336905119376 -0.036509039851703
  0.140261725885971 -0.107033996275749  0.048907351975718 -0.025126623994936
  0.083869824725320 -0.024918938888847  0.062911730913627 -0.167947020063842
 -0.119825066070262  0.155613628338377  0.075104247459805 -0.083245862705278
 -0.070108436210216  0.087260058264809  0.142186897587086  0.076000331729612
  0.017425661234433 -0.036624202353998  0.164246060841909 -0.204946285914250
 -0.107678410618591 -0.067106252785564  0.083649800604249 -0.097966062311601
 -0.050491724654713  0.142236096941743  0.076032480688441
   17 Orbital Energy    -0.551178 Occupation  1.000000
  0.023502906509615 -0.061359741707288  0.002937957101073 -0.193331624976802
  0.078406513363390 -0.067773707955675  0.009960129863402 -0.117964627631815
  0.048346240641242 -0.034268860583555  0.088284618926011  0.067969358307368
 -0.112901730679273  0.186221514639128  0.103918838052283  0.050247087210354
 -0.069811007195511  0.105507180716280 -0.032430083829138  0.075818771079385
  0.080779907453282 -0.100470706093297  0.161331579202560  0.113402871142308
  0.035913796947314 -0.058431455117315  0.079829135299909  0.000010272486686
 -0.000033079977464  0.149576316213103  0.194484669774664 -0.091213922332504
 -0.000029591408601  0.100937575853972  0.092117020155117 -0.042262680832922
  0.034232903425580 -0.088209591680980  0.074502726657695 -0.214729584710769
 -0.020230042011031 -0.103765718579645  0.053800524002024 -0.124968372199675
 -0.006254932447549 -0.023460579953158  0.061254377218167  0.002393704693549
 -0.179976876181839  0.105480011634726  0.067633222268300  0.009613758681868
 -0.110008190795196  0.064474364513309 -0.102250739924813 -0.065685187244399
  0.032401178656603 -0.075747889387425  0.086115096436743 -0.186820606506785
 -0.014467297184956 -0.113306544914453  0.038355161101393 -0.097852835721298
 -0.000451000967173  0.102107721618117  0.065612160853389
   18 Orbital Energy    -0.533057 Occupation  1.000000
 -0.015185716930764  0.039015676871128 -0.195533412747416  0.114993399302393
  0.025033952438550  0.043600767503978 -0.106768851487654  0.080004488704805
  0.018437904756444 -0.013181021583420  0.035758174463622  0.198950634361767
  0.180309251518713 -0.080732101067344  0.038566877662530  0.106169473066100
  0.107590803637521 -0.019520333254771  0.007592786756695 -0.021549831589901
 -0.034828792485369  0.079259462254930  0.066960268917273 -0.014771057508129
 -0.020975801298362  0.055599477703771  0.044457999975834  0.058709263055220
 -0.152524158168516 -0.009085772726572  0.144055576777359  0.292273954186281
 -0.179571126405417 -0.005820096396677  0.092284894615136  0.187195061692267
 -0.013205792822028  0.035797320512335 -0.198955938692766 -0.178759786174062
  0.083912582749794  0.038702414606766 -0.107622558075064 -0.083656999383817
  0.068115752161064 -0.015208705092490  0.039060098291045  0.191072004866700
 -0.045258324044901  0.116281397863413  0.043692241829135  0.103661545780068
 -0.031420855491210  0.080023657806398 -0.007001867543106 -0.007159761040919
  0.007554839074236 -0.021467046904889  0.029562833675337  0.005628279683256
  0.105106615648320 -0.014623172442953  0.017393499411260  0.001856273104978
  0.072046818387877 -0.007019195469326 -0.007179152845321
   19 Orbital Energy    -0.521017 Occupation  1.000000
  0.039880450863250 -0.101164289660287  0.073707928553061 -0.151833913873389
 -0.184189035465460 -0.126778718491580  0.036512535017301 -0.088923902658921
 -0.116913122904918  0.019868688360090 -0.048896099589211 -0.223499281712194
 -0.042794869080415 -0.087377676854346 -0.066977790170730 -0.129415038932892
 -0.025018701431966 -0.061269491446313 -0.010505642169879  0.026065793575935
  0.158386179158242 -0.058581717424004  0.056207888098997  0.030385918971575
  0.091399136622142 -0.040636913890508  0.014918362298531  0.000010035996445
 -0.000023791416060 -0.250002633351751 -0.018334931920484  0.001345869262371
 -0.000036317646188 -0.160642994621810 -0.003409777944174 -0.003265140250733
 -0.019805886220637  0.048735655119802 -0.228380943683462  0.037338106238066
  0.076133448555772  0.066770011764942 -0.132774078681104  0.029944155734506
  0.050771474330685 -0.039867003919898  0.101130770469704  0.060312153170417
  0.055205881567833  0.235999963971458  0.126732515618911  0.028224056025733
  0.039322777773396  0.143381647276204 -0.070843870483379 -0.034416734401275
  0.010445082284170 -0.025921996696229  0.159442552187093 -0.076196882943478
  0.019829411153194 -0.030165930381669  0.090962524925514 -0.034269015997382
  0.027501459401976  0.070772947068631  0.034363714221379
   20 Orbital Energy    -0.484270 Occupation  1.000000
  0.029193838254245 -0.071563175111287  0.038139584945575 -0.063006653738907
 -0.289506836699816 -0.100558454827414  0.017174041808492 -0.039579884491588
 -0.183510756683441  0.022379584166773 -0.050762507924042 -0.181906790435032
  0.101588134380471 -0.130084475571137 -0.087857942982315 -0.107934208251238
  0.060689394982979 -0.083784911427518  0.009474526416451 -0.020903358625735
  0.165823916395996  0.044929512286804 -0.019710231917155 -0.036731198231575
  0.096237789008474  0.024751028467782 -0.028449292963382  0.030078854694770
 -0.070812886516238 -0.005968766792321  0.091434119514532  0.185641984747442
 -0.119430641851149 -0.003445772571111  0.052754203348567  0.107064064460506
  0.022372487207076 -0.050733689869211  0.185926494713129 -0.160163053360034
  0.010271445383994 -0.087871930772786  0.110599776614978 -0.100529790252636
  0.002390331931668  0.029236187034839 -0.071677003604519 -0.021851712043937
 -0.192038980480310 -0.228260937635170 -0.100672158582068 -0.006877449920747
 -0.121781263533120 -0.144061635489155 -0.019971714100361 -0.024204864083767
  0.009513389125570 -0.020994268705748 -0.165797737577004 -0.047196211795961
  0.015487917386264 -0.036880489279898 -0.095337685887769 -0.040059359120418
 -0.002420993208128 -0.019959556159735 -0.024203762240296
   21 Orbital Energy    -0.477234 Occupation  1.000000
 -0.005077303728896  0.012207979119019 -0.151138682246686  0.039394108584013
 -0.113496530406558  0.019044624535133 -0.074602769020854  0.031009632099086
 -0.075775174474369 -0.027366993794877  0.069555194865876  0.070835923635644
 -0.198896287250701 -0.054251619343111  0.097279801044800  0.050679617333509
 -0.120285626977842 -0.043035362823509  0.052962326796871 -0.126419312873554
  0.013668941592182  0.255571814174889 -0.115043863709586 -0.192933305222053
  0.020300153302924  0.157621305570100 -0.061703340600003  0.006249625880004
 -0.020185122585499  0.004374974067817 -0.072286822411519 -0.146399933048494
 -0.021026909202399  0.002975370530402 -0.048961779217670 -0.099199011215537
 -0.027387916788428  0.069607960918805 -0.063411480890837  0.076359677969244
 -0.194117872276598  0.097330389714930 -0.045672131529039  0.037887490912653
 -0.124000145076647 -0.005136924603150  0.012346882400751  0.155791318007765
 -0.110084052266031 -0.030011251504062  0.019289078514362  0.077596964425679
 -0.077048149274241 -0.017655817542429  0.099601236016907  0.069010540397085
  0.053002761784679 -0.126513549192918 -0.013920093430285 -0.247577333400971
  0.131707125365612 -0.193083593497509 -0.020900652652617 -0.145636660660633
  0.086285877221745  0.099758493883212  0.069107590746212
   22 Orbital Energy    -0.453960 Occupation  1.000000
 -0.015320208220148  0.039297532805322  0.111060444878567  0.067741974093276
  0.190394323243290  0.051713951542472  0.046185304336718  0.032261583430633
  0.125357268178387  0.024000554646905 -0.066902550617144 -0.053784605416673
  0.139225048998135 -0.083569652333388 -0.068715497870013 -0.049806697616537
  0.087951164105900 -0.047818197228916 -0.047537364087574  0.112855227123392
 -0.107931236760294 -0.274142764146955  0.092643660559322  0.173895575764107
 -0.074150056918550 -0.173028807876414  0.055755984558763  0.000011127705460
 -0.000018451564761 -0.086583748219347 -0.154313614337174  0.073523751548704
 -0.000056377484378 -0.046881645547855 -0.077686462086727  0.036920012219120
 -0.023990869137207  0.066882406673147 -0.054679284538666  0.149592991505890
 -0.062457458727479  0.068664493522092 -0.050068600915755  0.090204112336542
 -0.043248033387485  0.015247034044897 -0.039117729567356  0.122154956079348
 -0.106368900739234 -0.163508789242897 -0.051434597604984  0.053247980091547
 -0.078253240753612 -0.099255457080716 -0.079146978534881 -0.040598873282350
  0.047536000825899 -0.112855668154138 -0.109443533744015 -0.243224362100124
  0.155234744711985 -0.173889909640595 -0.075237065477072 -0.151487989478290
  0.099346133813547  0.079227252386258  0.040663096983702
   23 Orbital Energy    -0.393097 Occupation  1.000000
  0.017794650560759 -0.044182478529379 -0.134459699720712  0.056281491867566
  0.022407063562225 -0.086980271711485 -0.101414106619241  0.051842135641250
  0.020249089489662 -0.031833430342424  0.078374775824216  0.022596382858378
 -0.006143118744807  0.076515160779326  0.143072934018599 -0.011918156956083
  0.006022595227283  0.057345599841781 -0.003370224001872  0.006669475954185
 -0.170881842399933  0.100967334011649  0.198517517988741  0.013110503539834
 -0.111975328994905  0.073646712667897  0.136665746125350  0.000001465700312
  0.000006418391960 -0.469310647996439  0.139243047995403 -0.083221701587727
 -0.000029989855592 -0.309244715440164  0.087149365621860 -0.052568368002382
  0.031842765276379 -0.078396117169085  0.026643915427980 -0.063956829938240
 -0.040600937637187 -0.143113538585379 -0.008597564269981 -0.042154092279676
 -0.040284200796930 -0.017787514419209  0.044187949751732 -0.131690362297772
  0.013603217990800 -0.064878698020059  0.086898163226104 -0.098892536605073
  0.013312482871754 -0.058399436639558 -0.024890582292067  0.007988914157891
  0.003394671764654 -0.006735699665999 -0.157798496072231 -0.099773780614318
 -0.208959822535020 -0.013178963422853 -0.102889083851906 -0.066023754768874
 -0.146855006516118  0.024967578194204 -0.007967485358646
   24 Orbital Energy    -0.387958 Occupation  1.000000
  0.020170790881142 -0.050351926651664 -0.010452025461066  0.118549478965748
 -0.249010306646122 -0.078649411474254 -0.004098467764315  0.078263347439612
 -0.157128928627107 -0.007702064235793  0.020597217939168  0.048669872564362
  0.343205938014241  0.124205529032533  0.038178196480866  0.037969844999825
  0.229064904768213  0.055259172588938 -0.020044100862739  0.047827462908915
  0.074785860565579 -0.015576442416244  0.109427668220919  0.089151190883608
  0.034313472956619  0.002909615533065  0.059289992444684 -0.000070726206579
  0.000159211814728  0.136618089669720  0.057361242458348 -0.024037543816383
  0.000352530320692  0.089058268196747  0.074619875983513 -0.033972233856427
  0.007740769624995 -0.020690858161472  0.062509868442042  0.112379685181872
 -0.344027556923432 -0.038403979941219  0.045750356511719  0.097077805662575
 -0.212583211539868 -0.020167078281739  0.050336914546777 -0.020276584886241
  0.269843389573308  0.056606632922275  0.078651551975371 -0.010363194307920
  0.172402785309518  0.033142111568345 -0.073752630870839 -0.071103641105244
  0.020106679291469 -0.047970845322658  0.078959559320701 -0.094976256241150
 -0.050799931084336 -0.089384793550697  0.036721679146878 -0.044751575337127
 -0.036833619568511  0.073939851628709  0.071222024921254
   25 Orbital Energy    -0.364341 Occupation  1.000000
 -0.019005549821626  0.048776027447606 -0.015492684313731  0.150879556817880
  0.037527063354109  0.077386043066773 -0.041000379812134  0.076426169354248
  0.023368150778250 -0.004216119361806  0.007991026376571 -0.136531123948176
 -0.217146366929604 -0.326172683768973  0.036480807758813 -0.107776768587576
 -0.140979868342552 -0.216960888752117 -0.008541793939142  0.019501825042003
 -0.164807873012940 -0.131727996426813  0.034593426565422  0.025140348102500
 -0.115609180392511 -0.097056943472280  0.018032528271865  0.034821723614698
 -0.080625146694962 -0.003182880041631  0.053323383520075  0.108377841268193
 -0.172772167562175 -0.001347959578867  0.023687663010062  0.047991217027363
 -0.004236699698157  0.008021544226554  0.158486130134221 -0.122325544021235
 -0.365186422059294  0.036588275991351  0.122334744984349 -0.082993225982026
 -0.239262821125588 -0.019088115023528  0.048964542889872  0.009986264439003
 -0.061517034370087  0.143749851022928  0.077753850695736  0.038009233086493
 -0.026821127519473  0.077189967375305 -0.021732926019840 -0.000929833933529
 -0.008540651333351  0.019499400996108  0.166730303238857  0.112066250659482
 -0.075396610685527  0.025078246603476  0.117335088224908  0.076553623361923
 -0.060387872250757 -0.021698440370986 -0.000751786379223
   26 Orbital Energy    -0.354143 Occupation  1.000000
  0.024189572878391 -0.063334968768281 -0.005114229815079  0.121917862260969
 -0.220780697046563 -0.096397409111405 -0.019189940320196  0.084534958225144
 -0.143591496216725 -0.011053309731412  0.025111215655566 -0.093887466884873
  0.054815683320707  0.109421175259943  0.063018623650557 -0.056772512495079
  0.056642900040000  0.056499583422069 -0.015643804200639  0.038449828754467
 -0.220135840952829  0.082128739247120  0.273366941324611  0.063033450151606
 -0.165958086298464  0.064183544387988  0.180488378605945 -0.010175353260684
  0.031522638655782  0.005810054592996 -0.094160292356314 -0.190874243205404
  0.016151833947037  0.004142501101416 -0.066880779437732 -0.135652753239568
 -0.011040839897330  0.025099940981224  0.087181092844711  0.056066757570618
  0.113833596789980  0.062909013027492  0.052606915510690  0.011988668362290
  0.081569809469514  0.024179877461711 -0.063310104747611  0.013187251171456
 -0.248800971897081 -0.037537193269069 -0.096348579817199  0.024337806432662
 -0.164600471791800 -0.019488464194911 -0.059540919594523 -0.041464487128341
 -0.015617149951012  0.038396817615982  0.204660298253629  0.171773125478182
  0.242738439198674  0.062871717905181  0.155487993857570  0.107879244903338
  0.169175058965917 -0.059443103994314 -0.041371182351669
   27 Orbital Energy    -0.351990 Occupation  1.000000
 -0.009207644833521  0.014528536442190 -0.063571608843587  0.290946760755814
 -0.162589120408988  0.065473908789054 -0.024816295119973  0.189292722752009
 -0.117957102207432 -0.009365337014892  0.015450378038130  0.137536501150477
 -0.017379609945899  0.043113470321366  0.055908704937443  0.102395612448238
 -0.001148092484309  0.006999525227739 -0.022208631928503  0.049039699984289
  0.182896052672885 -0.230863129578887 -0.068967000229586  0.098209265478177
  0.130221789286961 -0.149964377690103 -0.058620629698143  0.003958402862332
 -0.015410208867823  0.004461500771053 -0.082018827881925 -0.166864466540567
 -0.019026455562110  0.003201550973216 -0.059217073995689 -0.120281314528962
 -0.009269569686303  0.015213334117787 -0.138325214359193  0.040763250202403
  0.006023606323495  0.055501318379437 -0.102151864205360  0.003288644085813
 -0.001466237001396 -0.009156121464851  0.014425922440630  0.064094132805712
 -0.303800027209087  0.133863461714370  0.065212185465644  0.025809439557258
 -0.207677806433092  0.078856533400201 -0.081410516217536 -0.039749595848694
 -0.022130356638325  0.048881763418146 -0.173137759369414  0.081347330088642
 -0.233081566086988  0.097853665003034 -0.123099665343535  0.041643704943113
 -0.160367096505618 -0.081101958817315 -0.039695276859933
   28 Orbital Energy    -0.339570 Occupation  1.000000
  0.013567045122718 -0.028733335301121  0.117646535225026 -0.216026633930117
  0.006127852986510 -0.069846575061124  0.062171953106915 -0.144690913851141
  0.010863062389708  0.015318437541155 -0.037092818215928 -0.175079118340319
  0.097004499006875 -0.031955810672536 -0.062813217064757 -0.105390019981126
  0.073424548757570 -0.022758606813538  0.010243466818587 -0.018741569630647
 -0.225274605269197  0.208240591407748  0.149692439470511 -0.052083221732240
 -0.171012285853770  0.137785670955677  0.109067073292809 -0.000008065156874
  0.000020527584974  0.230600994970347 -0.103556976892973  0.057635003783950
 -0.000005463938426  0.175800932110342 -0.047649942153131  0.028534277421801
 -0.015363275014758  0.037158593325609 -0.174484068560464  0.080304705243727
 -0.065855426462895  0.063113455222197 -0.104907379929015  0.060174763557249
 -0.049413707517487 -0.013557558890472  0.028662139742504  0.112782927388356
 -0.135191935051173  0.173634606291224  0.069934393721396  0.059196267353988
 -0.096369170575239  0.111327747064187  0.043591533235852  0.007340416044084
 -0.010332446208568  0.018947121282271 -0.212990586338463  0.003373791688686
 -0.267912467965594  0.052466065980218 -0.162370088336535 -0.006288740599410
 -0.184474536937473 -0.043929907871170 -0.007504429398588
   29 Orbital Energy    -0.331172 Occupation  1.000000
  0.003019674024334  0.000157139665741  0.003389675862707 -0.230140241019505
  0.203489005176392 -0.040350195412880  0.015139238658744 -0.143833802639737
  0.146515542990472  0.005185424226099 -0.015018251308980  0.100336645700064
  0.273899108262862  0.073315435723974 -0.016304958838418  0.064331805879863
  0.181942299489440  0.057016588310191  0.014469954319149 -0.034145226590634
  0.160385635691084  0.090014041245253 -0.116521323091336 -0.056240755606829
  0.123451832599900  0.064589949271895 -0.071905979372817 -0.000037874134948
  0.000087482349755 -0.247489656499997 -0.077874469280831  0.030421263732975
  0.000202377730278 -0.167605072265872 -0.044234706758197  0.016433807276305
 -0.005178952983639  0.015010984678204  0.109930039573161  0.111560297965668
 -0.255918778509630  0.016213447014037  0.071083022528823  0.067490978683680
 -0.175180899180904 -0.003030358678743 -0.000128173231323  0.008162126415125
 -0.301161098329397  0.058770663046447  0.040390762634056  0.018986845329279
 -0.203218053532478  0.025663325157758  0.055877267367081  0.037545270684168
 -0.014462544601817  0.034120639051601  0.155892815510827  0.150821997591797
  0.007247754506881  0.056252834534916  0.120773442505557  0.099156342679947
 -0.001479087537983 -0.055845583263668 -0.037529002325662
   30 Orbital Energy    -0.113625 Occupation  0.000000
 -0.028074009700420  0.066308019810993  0.115057043010553 -0.052978288943094
 -0.213523511529778  0.204079951043887  0.108147290665635 -0.072235132505154
 -0.197366291841936  0.043264838735666 -0.107308716585513  0.177923281624473
 -0.251594211882733  0.188630392494880 -0.295660968355379  0.181588753355803
 -0.226163796282708  0.178126927967116  0.009852580197580 -0.020395340227647
 -0.125267115533628 -0.071619324619629 -0.004655179776173 -0.084275004762291
 -0.120773921338841 -0.077735973023290 -0.012522923740615 -0.052366849713963
  0.133807115155025 -0.011356410186658  0.178235186211804  0.360003400450525
  0.342989203785570 -0.010836266333377  0.169860725280648  0.343329132362156
  0.043331775235909 -0.107493174728423 -0.180982114134522  0.298942548105477
 -0.093339656259401 -0.296029220954757 -0.184807123256463  0.274899282311505
 -0.079876187772791 -0.028073628803004  0.066311767835378 -0.102667063253389
 -0.140109025455111 -0.177579375243744  0.204129751412893 -0.096174582621921
 -0.115310384600737 -0.182648885492512  0.002110181184187  0.023665516249213
  0.009839477175014 -0.020381776387627  0.127067979062626  0.043114250539749
 -0.053394291089360 -0.084124100298923  0.123132285643074  0.040456539664153
 -0.063229599362720  0.002026584476215  0.023474736248143
   31 Orbital Energy    -0.086645 Occupation  0.000000
 -0.042184093351689  0.111369566055689  0.161961998352672 -0.146805825012192
 -0.249423212392499  0.275201453771225  0.157368356687603 -0.152145676884878
 -0.226080078317765  0.043748934115608 -0.116184355318252  0.306281379838591
 -0.070758354684879  0.112482028165590 -0.280057645706581  0.287410133975384
 -0.077644249635188  0.095079442428886  0.017139483964044 -0.040605469570569
 -0.166094731199750 -0.097815751023529 -0.008840356401461 -0.132814277506944
 -0.154458463533540 -0.104113158026523 -0.021220781836804  0.000236142677151
 -0.000650521393747 -0.173474336037578 -0.234709491251757  0.108796108462550
 -0.001368348157653 -0.137143096360168 -0.221756813530530  0.103646903922476
 -0.043655294337044  0.115971599215717  0.306699345705082 -0.127564065606623
  0.002639992803349  0.279390057773994  0.286909448311100 -0.118187350563696
  0.017541422021354  0.041714298649778 -0.110140370786700  0.143759415092644
  0.112327883879724  0.273067893056087 -0.272204478422064  0.140303272934140
  0.090320215713144  0.263022091887317  0.008857621072684  0.064792302818261
 -0.016929817475240  0.040149836539582 -0.166925069625913 -0.056428682685395
  0.073868669842626  0.131174938213654 -0.156138849012628 -0.050084513544484
  0.086782149361063 -0.008550025687376 -0.063979058185588
   32 Orbital Energy    -0.073738 Occupation  0.000000
 -0.043170274858589  0.113431545798770  0.063187534280681 -0.240303517459298
 -0.155124463719606  0.282659328247301  0.068719777935051 -0.222247636410079
 -0.159829872930522 -0.000134167964928  0.004407814623821  0.227943182328122
  0.168819562821873 -0.209152115709537 -0.011277303640783  0.226072255991801
  0.139438756662127 -0.212717094092201  0.027722775908888 -0.062818741064456
 -0.170350967305004 -0.134686622512223 -0.055233863399882 -0.216818750665484
 -0.167577751184276 -0.154480229638324 -0.050250697019682  0.046230710928140
 -0.128195779294350  0.008353768023721 -0.119524074111633 -0.242885966050376
 -0.277079329165790  0.007854405727878 -0.114461206640963 -0.232603211934644
  0.000159161167324  0.003640902755405 -0.224318474241063 -0.274475449393582
 -0.004725613296207 -0.013336011759157 -0.221416775492760 -0.259389053978812
 -0.030226485108414 -0.043837914470134  0.115229445204478 -0.049373595746963
  0.021290822936664 -0.292357403463997  0.286982739482812 -0.055167816349544
  0.006612768520764 -0.281106151161980  0.029429037352995  0.126945631652137
  0.028173612540986 -0.063898793454163  0.179176666853463  0.043467462276444
 -0.134307508174423 -0.220199468867347  0.176596419682546  0.059517687234155
 -0.147253936935277  0.029732099473603  0.128649034797551
   33 Orbital Energy    -0.058083 Occupation  0.000000
 -0.029094747288399  0.079669419901093 -0.200139310091829 -0.210538457975577
 -0.086898415159573  0.182239441967627 -0.199293515470019 -0.213191544022422
 -0.094160881675242 -0.030527012981704  0.083115814618865  0.004925554887947
  0.124030366826271 -0.193117932182610  0.191566934562546  0.000379181848365
  0.129359177202516 -0.190379122904507  0.038719325938236 -0.091792169006522
 -0.159876204116083 -0.205144942226842 -0.119117061937093 -0.293818859776231
 -0.170856004000906 -0.229072266856820 -0.106813309424782  0.000219273470343
 -0.000594177802699  0.044094137167553  0.332554961665033 -0.163969468931302
 -0.001431569468331  0.046051396562172  0.336423940531959 -0.165859134230364
  0.030467837887831 -0.082950118631980 -0.003246500670486  0.226443497197467
  0.019073533039179 -0.191156262765740 -0.007529764085896  0.227400077247004
  0.012755491893381  0.028815106856123 -0.078936030797914 -0.209722813633753
 -0.064430272240057  0.207946457013331 -0.180357372313301 -0.209320317026085
 -0.060382734158003  0.214492882319355  0.035614704050465  0.163529101212581
 -0.038534538323040  0.091383100730131 -0.169623482560504 -0.034464827957823
  0.226203982042190  0.292265941626473 -0.180558049134446 -0.058957977163588
  0.236995465237618 -0.035398183462325 -0.162457875684728
   34 Orbital Energy    -0.026207 Occupation  0.000000
  0.000410728384480 -0.000652907234617  0.393922771916650  0.111511115462412
  0.051236062123737 -0.004739417813067  0.389228010033119  0.118586757692383
  0.044110985551597  0.021505280806189 -0.062182141999450  0.198822645569147
 -0.045621989771222 -0.176359977551105 -0.129626500604403  0.211174131389453
 -0.034798954370686 -0.165067768562232 -0.039779147152707  0.098964655004371
  0.096675627993311  0.215174757629084  0.106825549002477  0.310319284821857
  0.108324121849305  0.237862031164804  0.090594099199687  0.016354130943702
 -0.043408416760524  0.001346179495159 -0.018030280057534 -0.037707605041522
 -0.109598901668990  0.001763349370340 -0.025108182597026 -0.052068315515900
  0.021646181633208 -0.062551188348465 -0.189169231263623 -0.116505649552756
 -0.153191949571241 -0.130668847604874 -0.202392219369230 -0.114487170998725
 -0.138477561274158  0.000254241785055 -0.000245664440079 -0.398623534696747
 -0.037714147977399  0.098879209034343 -0.003556091774692 -0.393791159233761
 -0.047499916675444  0.100305430075246 -0.028151928777430 -0.231758010350107
 -0.039675225089531  0.098711073608370 -0.106578636773830 -0.048851222858043
  0.230067257835449  0.309466520261103 -0.117919432796320 -0.075836428033486
  0.237475023741385 -0.028106930480825 -0.231292032701979
   35 Orbital Energy     0.000878 Occupation  0.000000
 -0.013292124806359  0.038822270568945  0.306514944585654  0.028834857313130
  0.030364697296290  0.080689435218215  0.304054633623983  0.028787200698584
  0.012716161838463 -0.000740984110409  0.003113681469748  0.218445593877504
  0.002814631136091 -0.316549170666695 -0.001019158039648  0.219981896307957
  0.020380968112439 -0.304046840041486 -0.027511386464847  0.067965451349732
  0.026186867873103  0.140693195784129  0.037643611075199  0.236539813498467
  0.027744609389652  0.159676130205599  0.016941646517579  0.000040962123236
 -0.000096749727283 -0.074743031144005  0.343004099796145 -0.171731042003716
 -0.000363152264291 -0.040171089145112  0.332461132387109 -0.165526011971248
  0.000614936196915 -0.002804443569414  0.202722641612911  0.257967150732142
  0.201291177204082  0.002076980426071  0.205484042457895  0.258728253995237
  0.179883405214987  0.013380305089562 -0.039034451914845  0.308881291564379
  0.001481498657199 -0.025628951502235 -0.081454796152259  0.305604487566235
  0.015419190512456 -0.014904601076334 -0.021926526690612 -0.254442703821302
  0.027515640081924 -0.067987970352000  0.031349524429405  0.056650889263022
 -0.133061354941005 -0.236523482266086  0.032322950026540  0.084680188232001
 -0.135377971380099  0.021948212137401  0.254541523477310
   36 Orbital Energy     0.050284 Occupation  0.000000
 -0.016552494947652  0.055029773691900 -0.090713186415232 -0.054147819338323
 -0.035687276790094  0.096020838957294 -0.106153327343852 -0.070815016091947
 -0.038729766248486 -0.007324294130842  0.026985002905266 -0.012103811698640
  0.014811775823653  0.011192773340786  0.030240603184068 -0.035604452223794
  0.014617620508335  0.011843190026778 -0.032750137035201  0.057237723020530
 -0.141688966436866  0.069203265203198 -0.249653712647150  0.455127949786018
 -0.196382468610933  0.128119212022435 -0.352990602531634 -0.009952149802690
  0.049673010029524  0.000810725513585 -0.012024100530239 -0.024563769797711
 -0.003813749263615  0.000226498060316 -0.003532879052511 -0.007248064764126
 -0.007326906000721  0.026985623542037  0.011103690955998  0.000184171830166
  0.019131469294407  0.030287690400197  0.034678950999738  0.001419256758556
  0.020575222767261 -0.016526276440262  0.054975826855287  0.093586987018626
  0.007032733174042 -0.059947959279615  0.095746787803758  0.109567239665047
  0.015179343250817 -0.074154194362886 -0.123248528788313 -0.977398970694912
 -0.032756585513763  0.057253654179056  0.152085865412860 -0.236371314119666
 -0.089956453208500  0.455138616904365  0.210326057890789 -0.352784662284393
 -0.103421658733224 -0.123211646783684 -0.977087779023156
   37 Orbital Energy     0.053904 Occupation  0.000000
  0.013678133108725 -0.040906225317845  0.117429490299230  0.049923213188199
  0.027740489505652 -0.095928462310764  0.121913438362029  0.068922175120905
  0.042931341442044  0.002792020376857 -0.007417110140759  0.055125279173451
  0.005245913166712 -0.055275316070280 -0.016217917606849  0.040434299191562
 -0.006994699686513 -0.050535973871260  0.031800226347412 -0.055890499589903
  0.141045265255231 -0.064173058886922  0.250183301657142 -0.441954543804655
  0.194598951541022 -0.120609972677636  0.351949694755130  0.000000665596612
  0.000021618717930  0.075292510859842  0.060971705145652 -0.027795434582247
 -0.000087552976084  0.014712223464328  0.054817167680719 -0.026645947567711
 -0.002823863477747  0.007496000950115  0.052588960836638  0.048338119413120
  0.032227601753820  0.016478840618341  0.037826925061431  0.036735783391472
  0.038309530698978 -0.013649873291618  0.040839838495162  0.119984285196222
  0.011487012435103 -0.050418356907028  0.095687855515865  0.125668600865192
  0.011144265519369 -0.074441143281178  0.125151402840218  0.962016096084536
 -0.031827155425961  0.055937893968700  0.151696989695404 -0.233926768473363
 -0.094395559848419  0.442282216892575  0.208833187393837 -0.347687934277589
 -0.108934084314830 -0.125197037558831 -0.962434027003186
   38 Orbital Energy     0.684229 Occupation  0.000000
 -0.018983107017017  0.136170257778145 -0.033640581808524  0.206209436160500
 -0.174956792707874  0.043716688718325  0.049893366595868 -0.285109488295727
  0.069846943035138 -0.003367014457600  0.021315034529621 -0.231328363052420
 -0.097634969465226 -0.068920265611555  0.031140476921906  0.201880725894164
  0.164026946325000 -0.047438170633951  0.014377027963424 -0.031913586209636
  0.223533672601036 -0.114994856116336  0.050439974300711 -0.058935694458472
 -0.196130221881015 -0.007777890326252  0.065514830051480 -0.000013317208502
  0.000171611650184 -0.518448955115185 -0.084959086250681  0.025713582705864
 -0.000184704948269  0.462993811768224  0.171718963696775 -0.070221857864310
  0.003328955782765 -0.021142772393202 -0.237391196019351 -0.010816936788660
  0.108013162029481 -0.030706286883548  0.204166826392456  0.142761742599705
 -0.091297090306003  0.018971807001489 -0.135896173614653 -0.037631395862031
  0.263054064603352 -0.058685112342516 -0.044452606862058  0.046853011528158
 -0.227448368486841  0.186205099019929  0.475079575772596 -0.264668009947971
 -0.014375604964315  0.031899982076641  0.222654936967979 -0.104573965352366
  0.071318076625775  0.059041374594076 -0.192645687732811 -0.061523667365999
 -0.043296798062874 -0.474834590843719  0.264413300435804
   39 Orbital Energy     0.710775 Occupation  0.000000
  0.013507734719966 -0.173485101819944 -0.070938972886565 -0.341538637637418
  0.120049610869631  0.216903983381361  0.201654505912077  0.294725181080587
 -0.182629617361576  0.020662991530799 -0.160099358022601 -0.231916289158587
 -0.393031272451124 -0.133756042126572 -0.016371342678473  0.358095912836567
  0.310798959700224  0.118754069782873 -0.014442162937350  0.101577400690278
  0.068568171311224 -0.074889256671680 -0.099422669874195 -0.019230761211361
 -0.052234888938494  0.106034647051993  0.108518231137889  0.015575648416533
 -0.156388106342004  0.004588037642562 -0.080338331196331 -0.162608324446749
  0.072723368697113 -0.001240480967810  0.027602298511021  0.055583408962367
  0.020694900815078 -0.160274554708623  0.247771509097161  0.139112433378189
 -0.380921204811730 -0.016643778974482 -0.371275714235423 -0.103826791360865
  0.300273483778040  0.013524699797047 -0.173671463100327  0.073078843495508
  0.305241652686029 -0.194019543044155  0.217137125405183 -0.199432234382129
 -0.329723376511014  0.112425481962124 -0.173167704700603  0.125200210554470
 -0.014447854801674  0.101526711487361 -0.061345705388105 -0.034753135206668
 -0.123133375357751 -0.019087982665936  0.043698953352634  0.022470803376757
  0.152553106198414 -0.173321941403936  0.125284012836436
&
&hess
   1
   1  1.916960E-01
   2  2.488806E-02  1.481093E-01
   3 -3.236208E-04  9.046195E-02  1.590998E-01
   4 -1.012268E-01  5.459251E-02  3.102341E-02  1.839359E-01
   5  7.122436E-02 -3.556884E-02 -1.229621E-02 -5.792841E-02  1.059057E-01
   6 -3.601803E-02 -5.166933E-02 -5.613567E-02  3.394944E-02 -4.015854E-02
   7 -7.075013E-02 -6.876393E-02 -4.402287E-02 -5.160073E-02 -2.716611E-02
   8 -4.970060E-02 -1.186178E-01 -5.120260E-02 -2.284869E-02 -7.204579E-03
   9 -4.645551E-02 -7.774705E-02 -7.881125E-02 -1.896728E-02  4.051803E-03
  10 -2.336212E-02 -1.721142E-02  2.774752E-02 -2.744091E-02  1.181581E-02
  11 -5.570408E-02 -1.497679E-03  1.917459E-02  5.896600E-02 -2.273835E-02
  12  9.799296E-02  3.389991E-02 -1.212085E-02 -5.198549E-02  3.287862E-02
  13 -1.828347E-03 -1.943933E-02 -5.254693E-03 -2.400465E-03  1.412222E-03
  14  2.227862E-02 -1.098091E-02 -3.148060E-02 -4.144817E-02 -4.431391E-02
  15 -1.535757E-02 -9.743578E-03 -7.491292E-03 -8.184891E-03  1.584589E-02
  16 -6.404572E-03  1.261247E-02  1.461600E-03  2.168864E-02 -8.187406E-04
  17 -7.190268E-03  1.157764E-03  2.134135E-03  9.521362E-03  3.938242E-03
  18  1.774062E-02  1.474372E-02  1.634063E-02  2.736104E-04  3.979169E-03
  19 -2.768499E-03  8.544617E-03 -1.376482E-02 -6.488573E-03  1.213579E-03
  20 -7.054908E-03  1.364425E-02 -2.067976E-02 -3.791081E-03  3.034982E-03
  21 -5.252357E-03  6.783903E-03 -9.717310E-03  2.356505E-03 -2.683794E-03
  22  8.329805E-03  7.339733E-03  8.371860E-03 -8.138690E-03 -1.868530E-03
  23 -2.487200E-03  3.448904E-03  4.666922E-03  6.973852E-03 -4.622872E-03
  24 -1.428060E-02 -1.071579E-02 -1.547019E-02  9.623552E-03  3.503929E-04
  25  6.314643E-03 -2.562713E-03 -5.238389E-03 -8.328426E-03  2.115815E-03
  26  3.746018E-03  3.050337E-04 -7.784126E-04 -4.037371E-03  1.569632E-03
  27  1.954106E-03  3.986266E-03  4.306129E-03  1.911140E-03 -1.967326E-03
   6
   6  1.281571E-01
   7  2.388161E-02  1.732844E-01
   8  5.052300E-02  1.064989E-02  3.029222E-01
   9  2.977810E-02  1.664316E-01 -1.512063E-01  3.433531E-01
  10 -2.410842E-02  1.080133E-02  9.623227E-03  7.095845E-03  7.779975E-02
  11 -1.294215E-02 -8.874596E-03  1.302505E-02 -4.859556E-03  5.536027E-03
  12 -1.137336E-01 -3.677423E-02 -4.368269E-02 -2.249046E-02 -3.779979E-03
  13  1.509744E-02  4.417971E-04  1.506370E-02 -2.510331E-03 -2.416267E-02
  14  6.262668E-02  2.313046E-02  7.432628E-03  1.576697E-02  2.471446E-02
  15  1.847435E-02  1.499280E-02  1.020653E-02  9.043614E-03  1.135323E-02
  16 -3.872953E-03  2.645131E-03 -5.908293E-03  1.338058E-03 -2.090593E-02
  17 -4.937323E-03 -2.798591E-04 -1.380280E-04  1.087287E-03 -3.409605E-02
  18 -1.162258E-02 -1.876492E-02 -1.806177E-02 -1.048555E-02 -9.812368E-03
  19 -7.021501E-03 -5.626103E-02  5.483007E-02 -1.051111E-01  2.937977E-04
  20 -4.789652E-03  7.605040E-02 -1.949353E-01  2.168545E-01 -3.144052E-04
  21 -2.481683E-03 -1.178479E-01  1.919968E-01 -2.773064E-01  7.356616E-04
  22 -4.733270E-03 -1.099464E-02 -1.098591E-02 -4.668400E-03  7.507756E-03
  23  1.497418E-03 -4.374988E-03 -8.883318E-04 -3.926426E-03 -6.727444E-05
  24  9.993713E-03  1.764778E-02  1.440814E-02  1.041353E-02 -1.279254E-02
  25  2.825693E-03  2.433918E-03 -7.233976E-04  2.847101E-03 -5.310044E-04
  26 -1.500905E-04 -3.712770E-04 -1.595875E-03 -2.122186E-05 -3.704874E-07
  27 -2.429802E-03 -5.543868E-03 -2.981153E-03 -3.494641E-03  3.561056E-03
  11
  11  1.207837E-01
  12  2.160373E-02  1.951249E-01
  13  7.039264E-02 -1.362876E-02  1.742809E-01
  14 -9.454215E-02 -3.510716E-02 -7.607450E-02  1.774953E-01
  15 -3.797661E-03 -5.672264E-02  3.948112E-02 -1.434347E-02  9.701262E-02
  16 -5.991600E-02  3.359495E-03 -8.259866E-02  4.173772E-02 -5.474326E-02
  17 -7.588084E-03 -1.731992E-02  2.550590E-02 -4.279845E-02  5.191536E-03
  18 -2.929738E-02  7.890088E-03 -7.394279E-02  1.871067E-04 -9.308396E-02
  19  9.118464E-04  7.255651E-03 -4.188974E-03 -6.737755E-04 -2.608692E-03
  20 -9.149793E-03  4.571806E-03 -6.436268E-03  6.267280E-03  1.273531E-03
  21  6.098306E-03  5.423055E-03  4.505125E-03 -3.949950E-03  5.609973E-04
  22 -1.489150E-03 -1.210340E-03 -5.318608E-02 -8.240815E-03  1.189199E-02
  23  8.090864E-03  2.471401E-03 -7.577482E-03 -5.090230E-03 -5.488008E-03
  24  1.172828E-03 -6.808194E-03  3.854560E-02  4.177198E-03  3.619510E-02
  25 -9.822683E-03 -1.229311E-03 -6.357545E-03  1.457600E-02  3.175282E-03
  26 -6.383513E-03  6.842835E-04 -2.846883E-03  6.530432E-03  8.552411E-04
  27  2.847297E-03  3.437625E-03 -2.292716E-03  2.123231E-03 -3.988784E-03
  16
  16  1.679616E-01
  17 -6.098559E-03  7.137604E-02
  18 -6.588334E-03  3.346663E-02  2.575168E-01
  19 -1.631694E-04 -4.965604E-04  2.348958E-03  6.613993E-02
  20  2.785018E-03 -2.216693E-04  2.736624E-04 -6.405416E-02  1.823358E-01
  21 -6.410929E-03 -1.851912E-03 -1.008674E-03  1.207011E-01 -1.972837E-01
  22 -7.356083E-02  3.704325E-04  8.797478E-02  2.229869E-03  7.535704E-04
  23  1.622246E-02 -3.076908E-02 -4.207707E-03 -9.666667E-04 -1.726795E-03
  24  4.999391E-02  9.062537E-03 -1.610397E-01 -1.438376E-03  9.767132E-04
  25 -8.662202E-03  1.276361E-02  7.704344E-04  1.206652E-03  2.061833E-03
  26 -6.160765E-04  5.043258E-03 -1.083432E-03  6.910527E-04  7.512488E-04
  27  1.546242E-02 -2.683297E-02 -4.507036E-03 -3.611852E-04 -1.197030E-03
  21
  21  2.861609E-01
  22  1.881618E-03  1.905092E-01
  23  1.060771E-03 -1.329095E-01  4.691197E-01
  24 -2.670606E-03 -1.051874E-01 -2.735980E-02  1.532630E-01
  25 -6.687758E-04 -6.269638E-02  1.251868E-01  1.788810E-02  7.662035E-02
  26 -1.703992E-04  1.470301E-01 -4.375622E-01  7.927774E-03 -1.435952E-01
  27  1.039734E-03  5.679190E-03  3.128543E-02 -2.387662E-02 -2.037014E-02
  26
  26  4.313420E-01
  27 -7.263742E-03  2.951340E-02
&
&valid
version=1.0
geometry
atom_num=9
   8    -2.1142650928    -1.1441623856     1.3251487808
   8    -0.7435551852    -1.3839529383     0.8019373261
   8    -3.0437587914    -2.0677514980     0.6265317822
   8    -0.6095763594    -0.6762546600    -0.5151082159
   8    -0.5249199510     0.8026249378    -0.2693511529
   8     0.8109066693     1.1058833816     0.3071888565
   1    -3.3500379145    -1.5070057351    -0.1306593531
   8     1.7966763727     1.1391859307    -0.8030667556
   1     2.1264054844     0.2049126254    -0.8046230653
end
molecule
molchg=0
multip=1
qs_cuts=   0    0    0
end
basis
name=6-31g                           
numd=6
atom_basis_num=0
end
&
